input_index,input_x1,input_y1,input_theta0,input_theta1,output_v0,output_delta0
36,-0.7026965780849495,1.5966987746477552,0.9489663215961794,0.8896006527269884,-0.1999998697565467,-0.3409148915490703
26,-0.3253955753803526,2.043568699073248,1.198593703159366,1.3608733069963217,0.1234350233209248,0.3930622419830381
35,-0.6235120369016041,1.6033357790060456,1.0119774859106414,0.8625509518739837,-0.0946174843847057,-0.2434995071326175
12,-0.2270458639808209,0.8293660665218209,1.7387538934734206,1.9286876591433624,0.1999582600815715,-0.1654467096487262
27,-0.3277364217626882,2.097891791571036,1.4286014190204273,1.3125171513247689,-0.1999755323275365,-0.0306474286882294
8,-0.049646218684528,0.4686105216896522,2.188130975761686,1.848554001709482,0.1999462467512659,-0.170832385749528
27,-0.3376725876914892,2.1113264719284066,1.298706711330686,1.3354640678506218,-0.0887218347657533,0.2459391467208251
31,-0.428941137729032,1.86348990953612,1.3590136850860457,0.9500266613617468,-0.19951027869151,-0.3512235342572012
6,-0.0295555596133897,0.2543222543589268,2.255842917659555,1.6874183149120494,0.199958082289725,-0.0402526835117875
19,-0.3714086476479317,1.4489988295244876,1.518773247548614,1.677041269761804,0.19969073499648,-0.18715326708621
49,-1.08692929400861,0.6125856108917438,1.8939155238356928,1.0069865986173276,0.2000000099637761,0.4636877752257734
22,-0.3364494064261447,1.6175970670631548,1.4936135531230397,1.732342585468342,0.1994716864349545,-0.2704753797243434
16,-0.3281832497318929,1.1803515503866202,1.6155530028995788,1.7479605754785783,0.1999630400874527,-0.0492546629039399
20,-0.3724803778308894,1.7926112926307256,1.346052930751119,1.5818807113743232,0.0484322107733088,0.1545604054912326
7,0.0316863992813361,0.3170341172736026,2.2625020864096026,1.745854891774113,0.1999766053664504,-0.0233101619944182
28,-0.364617370984848,2.031171021856591,1.3690137277033667,1.2884440522478866,-0.0148859366977631,0.1371071502474179
1,-0.1001498444822245,0.2384975774370707,1.5456441874292235,1.5768347847302862,-0.192717241613806,0.2720209589564836
0,0.1000000000000001,0.35,1.5707963267948966,1.5707963267948966,0.1415933412629537,-0.3774983539238071
32,-0.4413256945155864,1.803587404364254,1.3816093328085284,0.971437055512398,-0.1934587532755891,-0.5026992871966365
48,-1.031573192404219,0.7663705988965699,2.35914317245153,1.3320897448720133,-0.2000000099238351,-0.2034610876865621
40,-0.7798532982618352,1.361939064128738,0.9355610134687762,0.9564398032670032,-0.1999999847721992,0.0390794363958831
23,-0.3489159388523435,1.7296001277691062,1.352200069525514,1.5663134415020257,0.1999732521957697,-0.1789396727907357
3,-0.0301723934513943,0.1119312573835094,1.984752164283071,1.2380242676461737,0.0201535880303163,0.1481504091319478
45,-1.0014785255747432,0.8846135162164284,1.1356103243913989,1.4027074953362126,0.0068590734193067,0.451152445597569
27,-0.3179183032043922,2.1167539084642293,1.3879780555751662,1.3213552341655184,-0.1998653095313744,0.1596473209964551
40,-0.8886906578832868,1.3417921307672829,0.6618357161667685,0.9741636475205758,-0.2000000091529967,-0.1156038514881523
17,-0.3507003335467696,1.3413130123772516,1.587289455407534,1.727523683883095,0.1999877406373318,-0.0461876835226748
47,-1.0303028068924234,0.7234929049973262,1.4304079944875578,1.3613522517534689,-0.1418037603629036,0.6495247958647242
3,-0.0779817655441201,0.2408142856187979,1.9319275553014617,1.4425969985737517,-0.1998710429838124,0.2223966880564929
21,-0.3073617171493445,1.6584733539905276,1.5670255358007292,1.8263229801638872,0.0250406143317074,-0.1757484679453801
46,-1.0430986784915466,0.7197115730824402,1.3796460589557569,1.3679366490174991,0.200000009499717,0.4731045633516976
13,-0.2558083181059896,0.7713545680967885,1.653511961051498,1.8826492179369363,0.2000000099607036,0.1113284519807681
42,-0.9351627240294016,1.1408193277263636,0.7440266954388957,1.1991481890165383,-0.0798601641522927,-0.3239907808356405
28,-0.3440990841444162,2.1383939938813725,1.269642256490787,1.3083813705639211,-0.1138533094083195,0.2015050783528672
25,-0.3756255836410653,1.8801524693929947,1.248815675326858,1.5113109732333754,0.1998311797367455,-0.1686980880823327
49,-1.0992997822021753,0.6040729056570535,1.764808949554575,0.9488005430370736,0.2000000099757805,0.6970997415184242
9,-0.110754241984649,0.4885638398241606,1.849736363687788,2.0042658072692627,0.1999730962859891,0.0730174446298321
2,-0.0345739575173243,0.3934451342558715,1.726239856084829,1.4976201215715836,-0.1991078916468031,0.2558174369793551
9,-0.0865729611848158,0.4561769476080022,2.0071534338083605,2.039550309464312,0.1999877939034125,-0.2646742918746297
0,0.0777777777777779,0.3055555555555556,1.5707963267948966,1.5707963267948966,0.1980580779280513,-0.4044003507545044
47,-0.9908159373730848,0.994860368010516,1.0480569885992177,1.4543844464441007,-0.2000000099981067,0.4300406814356656
0,-0.0777777777777776,0.2166666666666666,1.5707963267948966,1.5707963267948966,0.1999402739304832,-0.1524899648938542
3,0.0582332259612902,0.3782319155257659,2.084905275204454,1.4280383182717655,-0.0207080931664033,-0.0266719383735868
9,-0.0710412432953316,0.4520668542184101,2.1062885793533663,2.066024715971075,0.2000000099452318,-0.475239277034611
0,0.0555555555555556,0.3055555555555556,1.5707963267948966,1.5707963267948966,0.1093553750127474,-0.2786924059109126
18,-0.3341444859677975,1.3529672556402077,1.6311068918945215,1.723575686795071,0.1997690012791674,-0.1143316990402477
7,-0.0763651405546915,0.4176901192779348,2.1322464692082743,1.714789672989514,0.1999215633116006,-0.0543783348314787
23,-0.3783769275601076,1.8186712620657084,1.3288532170143466,1.561353683142867,0.1985365224083371,-0.0432468071476041
6,0.0162436828497985,0.1941032569882494,2.333775078007255,1.6323207445999968,0.1999908660592974,-0.1985465866742789
15,-0.2956382228961388,1.1066560870222115,1.6740970807757716,1.8087841345005071,0.1999767928086942,-0.1006662014131908
48,-1.0671250350189696,0.6773972863615504,1.6758172372963769,1.1124011689254645,-0.1863655086452249,0.3025273226143237
24,-0.3497467488756077,1.768821326076213,1.334051259854112,1.572469675645191,0.1999835260898224,-0.2031912215459002
49,-1.0765414874525965,0.68917457671471,1.6013512733068804,1.2805028469365975,0.0035094867978069,0.8072529297205926
13,-0.2229989572446568,0.8263371070173986,1.6845060820367674,1.9026570164321963,0.1999889737664539,0.1318263999710716
34,-0.5438884198817896,1.7071019304860306,1.1983676935222487,0.9219284460761829,-0.1999999096320795,-0.4245642947468331
5,0.0369302969264348,0.2500355298911362,2.257400141158376,1.4218355862435652,0.1999621247855039,0.1085169307203521
45,-0.9762018072142132,1.0062533765582926,0.8642156841841082,1.2435583392338525,-0.2000000099345937,0.1827607195455723
9,-0.0545998318953605,0.4844429407328269,2.0840804847565035,1.940376434695782,0.1999813340954432,-0.1020287814352636
31,-0.406958228016734,1.8806106747541336,1.5097128105391948,1.0404574613745077,-0.1999871806541812,-0.2589140695381176
6,0.013337158613323,0.2280368603991089,2.267470044144664,1.6947921671111723,0.1999796833014098,-0.0159790964405129
39,-0.8352476418710448,1.3114298379612968,0.7541055838253836,0.9366776024527887,-0.2000000095179046,0.0954742799384941
28,-0.3294388147719875,2.1529548924229016,1.33451335630006,1.3080299161410691,-0.1999678865735479,0.0296907660009308
6,-0.0273377954122765,0.1815463242210959,2.279721320667539,1.576607952886251,0.1999900922662407,-0.1413789380299628
37,-0.7249271095326354,1.4470954614059626,0.9058377566423754,0.8568221316803011,-0.2000000091859284,-0.094256115870043
30,-0.3353116494415267,2.0350509443446265,1.4478214430299143,1.168564527321252,-0.1999998916335502,0.0154825984798205
8,0.0778836686647844,0.4265623823929556,1.596086231121097,1.5626498016887187,0.2000000099515108,0.613277073318233
2,0.076022688296939,0.2775344308208442,1.4126579848658798,1.581220138889516,-0.1999080719848892,0.1067329564246517
5,-0.0982586951583944,0.1897112670516372,2.026818013744803,1.4579456370446644,0.1996660596938015,0.2220077184456209
1,-0.0997374430003548,0.3625856644542092,1.6996649811652045,1.5313020796622607,-0.0392714594804804,0.4101280497111073
4,-0.037306557169663,0.0726727039369939,2.1337818364289145,1.345647845819341,0.1673999302469908,0.1702180934079879
13,-0.208039146576042,0.8736598679902264,1.7897547382950618,1.9255826235539724,0.1999911263564081,-0.1678980753352551
38,-0.780704249927843,1.489322843686026,0.7530979263272624,0.8163663442399265,-0.2000000098842946,-0.3011430249367836
14,-0.2200284613835921,0.969851249673076,1.7319477393368716,1.965479176498981,0.1999898809249228,-0.0981132965012645
23,-0.3894130761699957,1.708327244191875,1.4197179014470915,1.6048427581982605,0.1628563964777483,-0.1353027840843819
5,-0.0746031894350354,0.1967517082938983,2.126945999511753,1.4516578517219902,0.0827497158766342,0.1578263561329892
28,-0.3545425280406563,2.0616573049172646,1.2010539277133088,1.5366230449777818,0.2000000099078785,0.2602686553872534
2,-0.007285793277395,0.109890452940818,1.8920245776560645,1.2929378713934143,-0.1086856649915416,0.1990833024246657
41,-0.9333956252099136,1.1594629693845473,0.7860671469725591,1.1790807340677203,-0.1999999112653672,0.3373696743666099
23,-0.3747916349084865,1.7419890880561726,1.32819014067419,1.5855805386605688,0.1999189182771303,-0.0792241108715401
35,-0.6703414899056901,1.5938743602855805,0.8727455298092703,0.801187486952345,-0.2000000098968836,-0.1113148474430312
30,-0.3768349378430533,1.9614456177614803,1.5876252281601624,1.1451637387093303,-0.1999033155350973,-0.1208139581426185
31,-0.4338009496269374,1.8285290931499585,1.4189932579782347,0.9800102014080015,-0.1979595308533674,-0.4400467737468772
8,-0.067381446785849,0.4790401333998907,2.0600526752558093,2.0448826426207263,0.1998966038779235,-0.3229168080057887
0,-0.0111111111111109,0.3055555555555556,1.5707963267948966,1.5707963267948966,-0.1997494250847725,0.3681730098427586
6,0.0390901906633476,0.273934385419314,2.209878110387597,1.6481657021486027,0.1999871883431843,0.1003533449409237
35,-0.6241331101313942,1.5671919507225975,0.96963877330092,0.8677469942509157,0.2000000077449431,-0.0026827369627568
42,-0.8389966965527904,1.2693071641751292,0.8990868973222117,0.9861396750879956,-0.20000000996607,0.0378406271352724
37,-0.7688468172602442,1.4547680957921565,0.8958931046189023,0.8773442346335576,-0.1999993442985826,-0.3116720742152415
11,-0.1095636947704127,0.6244656842526701,1.901458975919757,2.0753660216411376,0.2000000099570801,-0.1133079023266082
9,0.0970721353924674,0.6870254537999203,2.113297984996114,1.7079578924955383,0.1998809528955186,0.1301551491478658
16,-0.2999984514429673,1.133986897806574,1.675324603044663,1.8681110206745355,0.1999903577771655,-0.2069409320511172
21,-0.3746986645982145,1.5523910530023328,1.4843617054310183,1.645102649195589,0.1765105049752336,-0.0229192476827128
31,-0.4622369959888401,1.8186423936849043,1.2795274230327944,0.8863566861856407,-0.0428896787702086,-0.4230253290582397
13,-0.2647414634220701,0.8368719720595096,1.6896891977715454,1.865804146182701,0.1999693888283005,-0.0717676650316274
18,-0.2147106871721367,1.3468067349776731,1.737559557953153,1.9537470970647397,0.2000000099457889,-0.1201049323861624
25,-0.3740052840177863,1.9397551338891963,1.2138610492136817,1.4655200680430431,0.1997628031984723,-0.094349463416803
26,-0.3353175243497853,2.1116476899492973,1.3514305530723671,1.3267390448631884,-0.199720526010542,0.1207437207163909
6,-0.0726503894530264,0.2698800446566455,2.135085870572601,1.4866244060574982,0.1998823187960696,0.0701162252480937
45,-0.9549439807873752,1.167024570079405,1.0205813134696822,1.3108623781570916,-0.2000000099821903,0.1232110194037054
29,-0.3636488249991861,2.046953725549776,1.4047945207592587,1.2775977866456751,-0.0842700623227295,0.0887812450317343
41,-0.8747294443628137,1.3200348521226102,0.6669873704759474,0.9830006334580648,-0.2000000099603373,-0.0778852384362183
20,-0.3904897808554922,1.45682056311679,1.5528837228801589,1.6827061813214426,0.2000000054978643,0.0530723244704478
47,-1.0609534943926155,0.6924876643109027,1.6015909845617156,1.170184601671568,-0.2000000097089019,0.1049132773009743
1,-0.0787915733033119,0.2947849002934639,1.4680280941857795,1.5845070347504866,-0.1998783098414052,0.4524296153683547
33,-0.4819338973667615,1.7538953822517855,1.4199877633389573,0.977290802951757,-0.2000000089772739,-0.0169537998307873
25,-0.3699208470147999,1.936144189139466,1.1810654188182692,1.4925569414506,0.1999022427764271,-0.0408792321682285
25,-0.4079117436477243,1.7716298411636318,1.4991697343674044,1.5556567732217097,0.1792826013188898,-0.4942624542755275
14,-0.2667722365223514,1.022536558945198,1.641987276324306,1.810890455127444,0.1999740128212462,0.1661084118543527
44,-1.032323837393735,0.9178637470154718,1.113412526496921,1.4005026661399564,-0.2000000043924578,0.0461971755254902
30,-0.3535613868609333,1.949821468606986,1.3846459235739963,1.103593789060486,-0.1999929946837206,-0.0109685073671751
8,-0.1076706400322937,0.4477266366149112,1.9590689400818688,2.0202266210122786,0.1999458454061728,-0.1940912323532122
6,0.1058875366188865,0.3996665718977283,2.0456376806467715,1.6257690970883767,0.0107673910772258,0.366703723114657
30,-0.3660075908560175,2.037031891596605,1.3549262630429606,1.3013278284359302,-0.1999999199714055,0.2680105963578802
44,-1.0002513359749616,1.083178188286538,0.94489357347158,1.2894169498608756,-0.200000009949507,0.171746372877915
24,-0.4138697833328579,1.786434015590978,1.366257750489984,1.5617160816306137,0.1999007679073276,-0.205408362300514
10,-0.0837763462820294,0.6578355933046731,1.9666394340482096,2.0670200366132234,0.1999653898856676,-0.1164191856111972
32,-0.4652526561644991,1.8015398484188552,1.341990964370921,0.9096733750362704,-0.1126009386555647,-0.5050695545315453
22,-0.3451771445879436,1.617529694019568,1.431340382495199,1.618940526486927,0.1999636173703845,-0.102064701979486
7,0.099402970901969,0.3486419966826892,1.530803141244922,1.5707370237199816,0.2000000099533592,0.644988716741589
27,-0.2986202637434644,2.131758338739239,1.251427055397306,1.316963037779803,-0.0424349051515597,0.3588476105722477
31,-0.3980615235320791,1.909232978332695,1.4344003247704844,0.9989783983091076,-0.1999829974525484,-0.2538417035319841
18,-0.3651159511991527,1.4057047379240015,1.5534099909153325,1.6967253063122247,0.1997765183271167,-0.0292108849300893
16,-0.3396458566804233,1.2200872722636915,1.6218664991345744,1.7527982147836814,0.1999647840857244,-0.2146904484369048
12,-0.1197333713027138,0.7822384549966408,1.8525373051550729,2.0627474648401303,0.1999829497332685,0.0018007869881517
38,-0.8603623498509684,1.3840068330621185,0.6671231287207942,0.921357341390372,-0.187201400563798,-0.2322310028022153
15,-0.2541068461942407,0.9855565872939096,1.6681776950743537,1.8629342060995533,0.2000000099483943,0.1075639408894024
5,0.022602477233574,0.1241021621914452,2.1751741180804114,1.263820474935058,0.1999949233394972,0.1408929807025915
14,-0.2576008499390745,0.882572627831299,1.6949049877610545,1.8857765471590269,0.2000000099932213,-0.1411091801331299
20,-0.3416966182193547,1.4830409887295166,1.4832438165929656,1.6468229339693126,0.2000000096189017,-0.5644205765066035
32,-0.4418305588614747,1.8464206817251627,1.334179283180509,0.9202885940906136,-0.1754505217170877,-0.508842719757733
45,-1.01655499782989,0.9945104913794958,1.0373642119255404,1.3481470241088025,-0.2000000099246608,0.3403847873644991
9,-0.0717624505489841,0.5707304262395327,2.046084228032504,2.0367934760171207,0.1999393489648335,-0.2592288685179534
45,-1.039495048431712,0.9257867879816332,1.1400098549809794,1.423527581359382,-0.1636795485606618,0.4461045069022035
25,-0.3505170469958936,2.056327790504164,1.2355150702085833,1.3705139252172052,0.1530484779710075,0.1408498035869268
30,-0.3725875963804583,1.9288447667860065,1.455751140662704,1.131812983459426,0.193846301251455,0.2592939586268157
6,-0.0311069582100119,0.2370318382194234,2.269010261693273,1.7218051108142771,0.1999498430908494,-0.1019076605081261
19,-0.363882252721335,1.512734151724498,1.5454561310496668,1.7110701066912546,0.1998310349468129,-0.0666442298954531
20,-0.2653934731622112,1.6018624218255295,1.5874958160009722,1.80334418988701,0.1651192915261455,-0.1255816699568526
28,-0.3178003575012824,2.044320107230949,1.478635606416736,1.1518685359210783,-0.1310384532011808,-0.0952017158758032
48,-1.0536984618548164,0.7879484799958172,1.4443865987148623,1.3873246247157738,-0.2000000099954698,0.4535395457502856
35,-0.6188708247876908,1.6438105520286583,0.944494762518678,0.8122435292935766,0.2000000092485939,-0.0464327618594664
34,-0.5809479603333196,1.624523670767253,1.0264032977309565,0.8807197277796566,0.2000000095384326,-0.1420773652092673
12,-0.2160325041639717,0.70216083048851,1.7876331313189606,1.9989618471159487,0.2000000099561874,-0.2887895841472222
7,0.0054074883223056,0.3089741993144312,2.2874013347391333,1.771658317840335,0.1999822320427952,-0.1120192896353588
2,-0.0379386121672006,0.2032357075401925,1.878298373022352,1.4126394688737878,-0.1998388028825287,0.0817569353233758
49,-1.095220746322517,0.6298480784762347,1.7779231250442318,0.9299177163475776,0.2000000099678485,0.6357663187229755
27,-0.3529311177308802,2.073678072443547,1.2106919335809092,1.36707930129484,0.1486365839233614,0.2024689601585989
42,-0.8239927586366228,1.3855722614503885,0.7416740931591543,0.9375352331219668,-0.2000000099906856,0.1231695564963055
30,-0.3549731790025746,2.073830667517292,1.3509972813215594,1.306271956840207,-0.1811636056972889,0.2812606656540699
47,-1.061480042024174,0.6912309810872149,2.0964932116356234,0.9886375614518992,-0.0267328545867063,-0.1102851659603613
0,0.0555555555555556,0.35,1.5707963267948966,1.5707963267948966,0.1755353850465593,-0.2895187719520982
40,-0.823537905564002,1.3023394201522849,0.9041754054513316,0.9754188063099312,-0.199999993270688,0.0406706995512209
29,-0.3266938065563985,1.9338420380049504,1.234844652065311,1.4572521182961244,0.2000000099394507,0.0740862430914728
33,-0.4078910573814797,1.853275748145272,1.5112584056940417,1.5549365569623743,-0.200000009963207,0.2126375616629526
25,-0.3977761398287794,1.7219278710240926,1.4922121288862569,1.601488452042904,0.1999999600810982,-0.1662069833252031
16,-0.3334048028253712,1.097654982272921,1.5909174575732097,1.7350877984806208,0.1999953959222179,0.09919490049308
39,-0.8618663901504336,1.326259048470787,0.73604778518835,0.9944397185865602,-0.1999998848185052,-0.1126113739031948
37,-0.7640934811152135,1.4953995009727312,0.8791039856758456,0.8958759872098315,-0.1999999854927918,-0.3031075865603958
46,-1.0134402292228166,0.8510907318809613,1.1382165955248746,1.3247042795054171,-0.2000000099494328,0.2518045293508098
25,-0.3643501862949597,1.9319136495635767,1.2350672794634472,1.4191001967949943,0.1999590584809225,0.0410959171335724
30,-0.376881614324227,1.991647210199437,1.437727638581071,1.2564692160083486,-0.1187005584725054,0.2229875576229846
18,-0.3815175780341373,1.3005121826343409,1.5774632869896037,1.704720695491483,0.199946322390344,-0.0376110730309741
8,-0.0632099379155154,0.3494903175630466,2.141505424925361,1.779838887075588,0.1999975616714792,-0.1954720458727309
7,-0.0348290396679102,0.3138148172637527,2.2570327699456088,1.767054513874217,0.1999876698106746,-0.1605350021004099
1,0.0556582707780055,0.2801178907645132,1.606113796183143,1.5604827770421343,-0.199956465428813,0.1891275750704742
1,0.055580800398881,0.3367359966523778,1.588387326398168,1.565279143483995,-0.1999412425196447,0.1939263925249979
41,-0.911996371103915,1.1897753786189966,0.6802227395263056,1.113677925943879,-0.1999999816505196,0.3958007515027398
25,-0.3778035650948709,1.954224248809968,1.517684713998113,1.1706036721079285,-0.0385724823573055,0.0005800640430663
37,-0.698187397123347,1.4869191530137518,0.900802363702331,0.8665671054861939,-0.2000000073310422,0.0294115835217122
27,-0.3591008984313812,2.052733905723698,1.189630971350942,1.378032740576386,0.1825216614680022,0.1898916224681938
31,-0.3849490761893571,1.98153383464056,1.4468167359617097,1.242538563309716,-0.1999999271095728,0.1422187374862442
10,-0.0466678850121208,0.6653622730359391,2.0705699818816523,2.0077350769202447,0.1999731584150819,-0.1064591881467925
22,-0.3704451044955685,1.84922564611103,1.295415529110704,1.5280523383553968,0.1117882405149998,0.0325794534388284
17,-0.360513095036308,1.261498846778098,1.6065969905492403,1.7627330515346094,0.199974215933054,-0.0927670982287775
35,-0.6254659450799703,1.575076204555967,0.95915320987371,0.9570158073050672,-0.199997636072789,0.1900349813897339
21,-0.3755501452724094,1.604730657894904,1.4679170223560671,1.627149521842458,0.1768341599906708,-0.4328138869068678
1,0.0328088623808595,0.1607856984237003,1.6522185216334204,1.537293087688589,-0.1037640717472256,-0.1308307622280609
45,-1.0417557263778163,0.7369514412531355,1.2441206940084726,1.3896044800446588,-0.1584156404795672,0.4902506452449191
10,-0.164464882916557,0.5912840360697295,1.862905723103557,1.9693915496137189,0.199932735472259,-0.2056092745809129
6,0.0825498445063969,0.3480988128242225,2.2216213979136343,1.453952329086151,-0.0507107680833651,0.0116347048699995
7,0.0601039290774353,0.3734086491564786,2.3300123476494647,1.7064712847201613,0.1630580416360108,-0.0258252352753599
14,-0.22678313546585,0.921926226379,1.7048196690764763,1.918496295251618,0.1999920231348634,0.0565026968010111
17,-0.3287302221524349,1.223482254653464,1.6361812772837023,1.765119059847969,0.1999776142994438,-0.2116780105108507
45,-1.0068414176926122,0.9159718449178256,1.241310066444362,1.3902430327284998,-0.2000000048514779,0.1865465237307935
3,0.05369322618305,0.2204699281299986,1.842385717393016,1.4516725293641706,-0.0466128474461209,0.3121338231440637
39,-0.8340925453045022,1.4111964981566845,0.7052109102394919,0.8845584413244292,-0.2000000099185022,-0.2314985910666635
5,-0.0742771629394391,0.2908357680387194,2.0286269293050285,1.4718543189592723,0.1580975548109206,0.2290331017580278
5,-0.0315622323655299,0.1662867554932832,2.061384129120813,1.2151068284147577,0.1802189785590255,0.2082987130472076
32,-0.4263924592341094,1.8513329802340632,1.4578268705543618,1.146187089164901,-0.1999999421829394,0.0033010243807029
24,-0.370191664527127,1.8496813275517188,1.2950736927476267,1.5307074414171415,0.1998752282733749,-0.1040181682839927
2,-0.07857764600854,0.3326180148978456,1.503267086800287,1.5815459510336374,-0.1998275046376393,0.3075967434669556
19,-0.3323267346442183,1.4127213488373058,1.519899890818868,1.6826756607881928,0.2000000099379495,0.3961465700723423
43,-0.9941129608866188,0.9706652485718754,1.1285935998080927,1.3151556333649956,-0.2000000041722061,-0.0640020795620532
30,-0.4045542700723077,2.011401119658513,1.5636352273311953,1.1304517470110262,-0.1999633362242905,-0.257891679100203
25,-0.3572551194678185,1.941094723177908,1.260930681797929,1.4693441713469912,0.199892910599218,-0.1744885453563819
30,-0.3909010609964313,1.949206754697035,1.4804653721537928,1.1963364543679156,-0.199929598924176,0.0933121835371572
0,-0.0333333333333332,0.1722222222222222,1.5707963267948966,1.5707963267948966,0.1873025034042345,0.019629576024689
23,-0.3674122100534874,1.7556400607373157,1.334982732115608,1.579595644413743,0.1997974832452584,-0.1039316102498218
40,-0.8882018518545215,1.3345096597004191,0.8113489905979971,1.0377154278024794,0.0508159635742157,-0.1861950150575352
16,-0.2924597415290732,1.1201636680516802,1.6107739071038107,1.76092589527313,0.1999983575766712,0.1841681731496268
39,-0.8361048051813528,1.4151034487207907,0.6921993503954749,0.8819041632628695,-0.2000000099099876,-0.0414904711003981
44,-1.0267651714474575,0.9034182679312174,1.0073080426689724,1.3235161494987902,-0.2000000004396925,0.0297413066896788
32,-0.5380629713476369,1.8092643047916488,1.2001722315934042,0.93269112829939,-0.1806942575430212,-0.2236138356469717
9,-0.0948211358233609,0.5880719337312468,1.9564098576691489,2.0862970359365893,0.1999150028811982,-0.2598392773231522
5,0.0370428603038399,0.2116857238707523,2.2464651400831084,1.4715299527536052,0.1995412843394443,0.0860960129429524
26,-0.3564991941306943,1.9498752080224349,1.2303784157141018,1.3827493369856785,0.199947321652158,0.2122636578455362
30,-0.3891808082174579,2.042012842566664,1.543718141564403,1.1859742901245294,-0.199997710449896,-0.4113779169575004
22,-0.3790524170718564,1.574377035984062,1.4232760692927338,1.5802886952914454,0.1999201157858218,-0.0905742827541702
17,-0.3429916895282516,1.240676313967064,1.594617214670595,1.71296947955981,0.199972350534191,0.063315609251042
33,-0.4794112379104119,1.7512106498341418,1.4513559295472245,0.9974518790838802,-0.1999969668093386,-0.377404472282291
48,-1.036954870934543,0.7678808561786905,1.2147407727923731,1.3477117590224763,-0.2000000099959281,0.6880157933837608
36,-0.6590004851709066,1.6056123030773226,0.8817886235800128,0.802096227725775,-0.2000000094989729,-0.1894279315198547
45,-1.0158948448167195,0.8602829804713721,1.2902750408521526,1.3687359880819423,-0.1999999935764465,0.0643490950666093
18,-0.3246111913543679,1.3181483890678567,1.6003565493561362,1.7577769510010846,0.1999535386034199,-0.0979531137695547
33,-0.5131131844379903,1.6996822453563998,1.151785266646419,0.9042544800322158,0.1591770621954725,-0.3127162646045713
25,-0.3590844285947629,1.9389871853314344,1.2644368095503955,1.4170985833295586,0.1998980467995283,-0.0445311611822422
33,-0.5403997024751747,1.792527798065505,1.1615515584733824,0.9193664309160486,-0.1989478548999354,-0.3097506510727567
47,-1.0804836178477102,0.6842585739753371,1.607725084820066,1.2708082668907257,0.015447743934526,0.0934913057753445
37,-0.7407864923269564,1.5198323661978028,0.8129503736880164,0.8089047468188495,-0.2000000097974777,-0.1432997564503664
11,-0.1517089090078615,0.615853096743546,1.840575841316257,2.008240429058556,0.2000000099932243,-0.0744117810127137
12,-0.1831657746473678,0.8400414874924822,1.7562819566809111,2.015812171745574,0.1999922924848383,-0.0124939166030117
19,-0.3443977824384205,1.3453623159633414,1.532801286378179,1.6523040471984285,0.2000000099470577,0.3440555348034352
37,-0.653986409356118,1.5863731196029889,0.9796843857590116,0.8349340950158002,-0.1259809215325085,-0.2629286155789745
26,-0.3032308897195703,2.102342064784028,1.3230982906158444,1.3493340060322392,0.0149183640272554,0.3312317113924852
15,-0.2920835308677165,1.0276273830693448,1.642905859366413,1.8245667626818909,0.1999924380242498,-0.0218971365079479
1,-0.0777436461149298,0.2345217102607369,1.5832365276899676,1.567133467299318,-0.1998704955519173,0.4218489902666805
26,-0.3310159846671954,1.9774995393139416,1.1901688175883631,1.4196955331849956,0.1999909365043564,0.2769241600652357
4,-0.0147467860960675,0.1222347130956728,2.137886376180921,1.3449073085555134,0.1131630060698647,0.2153835844304196
8,0.0457704951212555,0.4666927841813921,2.240256586172853,1.822049649300068,0.199972546045634,-0.0340927400599354
46,-1.0468497707548736,0.7396716500074242,1.4538177820530276,1.2774575806171269,-0.166398729783071,0.0044692986340778
47,-1.007564163964749,0.903348683856748,0.9966139393534998,1.3286209441445904,-0.2000000099898835,0.4651542485318072
17,-0.3243170801175192,1.2965367726411148,1.6343993666258196,1.7901215400833306,0.1999757926875432,-0.1785047786676622
1,0.1000347015744183,0.3786478974308566,1.579095826545034,1.5685417447595902,0.0740604302217097,-0.2321480921960454
3,0.0185907500107128,0.0737225418975397,2.005750090875898,1.2659747628198326,0.1998894515734779,0.3485432816781372
15,-0.2667099772131193,0.9523044615969164,1.6557625057783465,1.8289460620991247,0.200000009994311,0.122140503245441
49,-1.0447744693327106,0.6745259526394348,1.829031673320804,1.158590327531966,0.2000000099926711,4.798056881730895
18,-0.3482474912214906,1.3770208711331249,1.597489853450332,1.7230398520227543,0.1998046225316189,-0.308463837811266
42,-0.960405763889224,1.118013860219434,0.7424968976119257,1.233030381854086,-0.1999998787697104,0.1969133097751278
3,0.0536741058602173,0.124020135264795,2.066900030770574,1.3684826780654822,0.1412714299810165,0.342473830738392
21,-0.3692231024322431,1.495505148633418,1.525639490285192,1.6544680181619236,0.1999445547720286,-0.0015674950192721
6,0.0354249727268016,0.2235699522773435,2.3009910720891886,1.6088413605969738,0.1999769178506896,-0.0040521976531544
3,0.0272436100612991,0.0430602023204255,2.094715238609586,1.3301271985133454,0.0591500063536573,0.2189546423984019
3,0.0044400079168803,0.1149526084611316,2.0667355372929817,1.3413096952774035,-0.0198540244815598,0.167966227606732
2,0.077612571162534,0.2368385031430884,1.5422036881234984,1.577710907410374,-0.1998017511745991,0.1061575994674462
49,-1.0981779432616257,0.6371555196620771,1.788962503024612,1.0904976245412998,0.200000009788067,4.878195221139116
44,-1.0205726750274775,0.8345787044469449,1.1718970245516562,1.4173642555203656,0.0160007301904021,0.4265119938587851
26,-0.3557655711793665,1.9934794219357364,1.1478087874737124,1.4965496723127454,0.1999727955937643,-0.0345033276811882
25,-0.3638532312250475,1.9062729499824336,1.2732252172155605,1.4625521841532798,0.199952299425293,-0.1594637418527413
49,-1.1012376076932109,0.6032493861127621,1.812639840143312,0.8683993730693738,0.200000009965502,0.5827185367146654
6,-0.0300612173460522,0.2474133846231853,2.188584321239267,1.478013829426957,0.1999591576614056,0.1172652949038495
2,-0.0776405474896896,0.283482595427533,1.6227342868831496,1.5554297320500818,-0.0332226431159888,0.4005730571092344
31,-0.4129843622419278,1.9361978857744664,1.4882693860458358,1.094749975326864,-0.1999189130463058,-0.127600917709735
26,-0.3592366599370468,2.0246368286137626,1.1702702725913865,1.412409346827593,0.199907328499293,0.1550714778677714
5,0.0119371102534816,0.1779590613044456,2.200025067725454,1.426230133263887,0.1996704564531607,0.0979104943710192
4,0.0272416369520529,0.0617736480002019,2.1784164319422583,1.2869027754385034,0.1998555349245338,0.1659925893882172
11,-0.147176407493565,0.6970719030070112,1.829930723705564,2.0267711182308563,0.1999781972819029,-0.0322029598129288
0,-0.0777777777777776,0.15,1.5707963267948966,1.5707963267948966,0.1999558785497732,-0.1474204165610083
4,0.0148657689322348,0.1168499355941538,2.2107986668732504,1.4275195099424052,0.1999753973068767,0.2164856769243195
43,-0.9943855683325542,0.975872577355641,0.8799233362667868,1.321469925705889,-0.1999997897709831,0.2793116511333071
25,-0.3784662349253373,1.935770752166499,1.2725127610054354,1.5016856607786593,0.0760343255396402,-0.2961912964770548
16,-0.2586446364453463,1.169653024622448,1.6452650586750843,1.8446901871858288,0.1999868060575072,0.0075945316428375
2,-0.0032990427924827,0.1137604428162662,1.8839420239117484,1.326741001673924,-0.1383604697807591,0.2271323677553279
25,-0.3410891874857823,1.914029019003609,1.154093706109796,1.4772963264489765,0.19997470421293,0.1657422074934197
49,-1.0467498278766818,0.7355929751690992,1.2884396175530295,1.3334616511251105,-0.1175500592192876,1.627333218413551
38,-0.7735370094775578,1.4728523288639757,0.8670687619756112,0.8499163779879804,-0.1709218150844668,-0.3481814364719648
40,-0.8691250243509413,1.2579332627525597,0.837472085901771,1.0516989301452708,-0.1999999889165276,0.1855712480853835
11,-0.1485640729299844,0.6416161511892446,1.847905901321445,2.024965296127201,0.1999887684370192,-0.1156630168334235
10,-0.1052886777746459,0.5384870623537465,2.021886703619037,2.046479799442662,0.200000009949719,-0.4203565173277292
35,-0.6129964609352658,1.6523662192071424,0.9420631016280988,0.8079485707556783,0.2000000093328918,0.0127213831468937
10,-0.145184973697078,0.5483450286920554,1.8512035059419016,2.043162082180321,0.1999819762676234,-0.1610104788642398
19,-0.3962088798296059,1.4104681730101687,1.5506559136000018,1.6721700819640049,0.199763171306515,-0.0338302351035873
41,-0.9397339153798606,1.1404181270190523,0.7807951952007155,1.1580135841754209,-0.1999999874135841,0.0555538554004194
40,-0.7317407242768541,1.4294437393330577,0.9025162915375572,0.8774181004497033,-0.2000000097288694,-0.0886340756298349
30,-0.3965571123725577,1.9486946638645049,1.5036293576147894,1.1719946091947142,-0.1999713806051033,0.0034243058480916
0,-0.0333333333333332,0.15,1.5707963267948966,1.5707963267948966,-0.199754981867732,0.2746246162523801
29,-0.3900361255217167,2.019408032270704,1.5415362502124648,1.1790058975930844,-0.034391648342063,-0.3940929404910829
15,-0.313533374595302,1.040086185556196,1.6290433616455775,1.7740229175253197,0.199968233928123,-0.0243251389504678
43,-0.8686780867435063,1.2293252841446884,0.8726179684188704,1.007546271571589,-0.2000000099593464,-0.2073824752115105
11,-0.172108459687763,0.7193918704681468,1.7866160843674377,2.0402977556913497,0.199961650322239,-0.1211297875752176
12,-0.0762383594412846,0.7115439131030208,1.9817792634156088,2.0534810449884398,0.2000000099557528,-0.0643668008824462
46,-1.0441580451871189,0.716387604640572,1.4813545652986149,1.3327553240592247,0.2000000071886321,0.1212992727881999
11,-0.1688730412057904,0.6245850421776978,1.8560603457179408,2.0691137484700333,0.2000000099928637,-0.3192464500894537
47,-1.038128883905139,0.7427045386594601,1.434387143752594,1.2844484493980357,-0.2000000099206316,0.2666321075438581
19,-0.3437971366456049,1.4307733822667683,1.502177924909864,1.6660123561863924,0.2000000099368899,0.411108685978007
11,-0.1567686687860849,0.705890063473724,1.839658842482839,2.0465350134528664,0.1999660728205474,-0.171712302637365
6,0.0800821154017413,0.335031363144079,1.9482143680241448,1.4812587141461369,0.1995343973425382,0.4120958612831873
33,-0.5069442351297778,1.7076837272826566,1.1650702627983431,0.910872132411279,-0.199999988727019,0.0616435910067319
41,-0.9004619935675199,1.1721199778368736,0.8509803647783141,1.0619228829334757,-0.1999999852073866,0.1188760393488014
19,-0.2403249527206456,1.5079113621939817,1.633757491656814,1.8603467317280693,0.1999405579684449,-0.0234398944456162
42,-0.7912266030693597,1.3508234154479768,0.852877895408545,0.8934089509371514,-0.2000000099741402,-0.203134787276853
41,-0.93490741540891,1.1405727482144348,0.9180220475439144,1.127422582288419,-0.1999985224657945,-0.1367727658309789
4,0.0802577570761238,0.2188053281204206,1.627320074945854,1.5673340307987305,0.0409376730772602,0.5437448512024561
33,-0.4517908757755688,1.8328553788492328,1.2917410927501063,0.8891854997098578,-0.0694716285245325,-0.4663193730463413
18,-0.3615426071940697,1.2809952016944697,1.6311236406352858,1.738491767727779,0.2000000099528189,-0.2482134715181251
8,-0.0992192039574702,0.4792808366517085,1.629808989414249,1.5599123076257084,0.1998146284826164,0.4928590873124621
25,-0.3549602028026842,1.972881377938364,1.2160889363715146,1.4437281274210358,0.199913051074276,0.0131324171269604
10,-0.1132593802758307,0.4764038673468206,1.9267524341729023,1.987091072771605,0.200000009994536,-0.2249298710022693
38,-0.7946707545939786,1.4731435610899066,0.8533407906678061,0.8949964740395095,-0.1781596614089608,-0.3024246675291138
13,-0.2847920628915105,0.9248328138520292,1.6985676386057706,1.7995894066348397,0.1999648002102504,-0.0752893736707088
2,-0.100012647306937,0.392861502571639,1.5898572663452963,1.5638528553459845,0.0663283518921084,-0.3082781836656513
0,-0.0555555555555554,0.2833333333333333,1.5707963267948966,1.5707963267948966,-0.1999378520243627,0.4261357562079712
48,-1.068493220333517,0.6716975957959209,1.71004059078661,1.0878326727476346,-0.1538643260756995,0.2340806153164643
1,-0.0777180769680753,0.2076028536603839,1.5827445602652173,1.5677170728888676,-0.1998280039530158,0.3098548174367306
4,0.0404457889861231,0.1547763190878655,2.250930861630712,1.4828692277475854,0.1998185731222624,0.1718277173635226
14,-0.2378232183450947,1.0123537008961565,1.7229374210026602,1.952312977704916,0.199981081066082,-0.1241331014605351
8,-0.0749774169004724,0.5088075514442367,2.120450702556644,1.9477659303010773,0.1998942734499416,-0.4011815089781517
43,-0.9640238139927636,1.0517937478843824,0.8510422940042357,1.2833983381983531,0.0134073726734209,0.3585030395697078
30,-0.380524556211976,2.041594916785709,1.536822305121694,1.1938523413003954,-0.199991641930806,-0.2738475202881963
27,-0.2993396129531526,2.079882196621193,1.163685021051441,1.4421380109490434,0.1999994779771432,0.3734578605254531
17,-0.3469198167412231,1.2766137922829728,1.6008734638479094,1.7334240792936697,0.199990376770711,-0.0483610842785686
0,-0.0555555555555554,0.3277777777777778,1.5707963267948966,1.5707963267948966,0.0275446503779048,-0.159730855382154
32,-0.4561803747575526,1.7737254658608743,1.3526009480145316,0.9439472967765866,-0.0659424381977266,-0.4782114820519191
11,-0.1437301998746148,0.6414365874284056,1.9287480088558533,1.932638888609636,0.1999857558634666,-0.183796110303561
10,-0.1048803750116921,0.5561860415291862,1.85960973898438,2.0566399868756804,0.1999863029090744,0.0398346809134252
15,-0.3180572821451903,1.1002059373843716,1.663952068486486,1.7873919519927104,0.19996390902955,-0.0853298086406252
23,-0.3992359968012247,1.722423364663998,1.4086344997074942,1.5941654857079737,0.0691948818794439,-0.1178867091295477
7,-0.037882359762208,0.2610814873593882,2.2625434259560446,1.7957909717542282,0.1999975045775152,-0.3767252460658483
13,-0.2796849849662761,1.070229658197697,1.6889576437559466,1.839312639564436,0.1999409416657682,-0.2453200914601093
48,-1.0640780613753231,0.7721028963762023,1.4149569059398512,1.389835610113848,-0.2000000099677655,0.4826186029015457
23,-0.3538693962161416,1.6957567635792663,1.3711502040412764,1.5374778358987764,0.1999779364717991,-0.2094423554760447
25,-0.3743441122918512,1.912735275322748,1.1914110342648367,1.523173371702375,0.1998868450295285,-0.1037245215427436
34,-0.596287944338439,1.6173189408565103,1.023549304404531,0.9345059280799912,-0.1999862217941949,-0.0441950821590985
19,-0.3518759824500868,1.395842014364337,1.5454859931008686,1.6956883972093963,0.2000000099374805,0.20122972235984
26,-0.3344340557769966,2.107408048055194,1.2855504090574126,1.3460005951427474,-0.065198918492641,0.2602837617469838
7,-0.0770377157490738,0.4193423163405793,1.6176305013385155,1.5547706111736732,0.1113874903165113,0.5013583418961755
17,-0.3643925128275995,1.288767524032001,1.5704601491477828,1.6990945376026694,-0.1999999660027084,-0.0004442914343682
32,-0.41599198593548,1.839361459145,1.4597418243673186,1.031921213488543,-0.2000000079262794,0.0309061297430489
27,-0.3496262579190015,2.0835881111250054,1.247415711232696,1.3537535670937468,0.0807214459910243,0.2277558839394812
22,-0.3458838801245698,1.64971319624533,1.4435725594547133,1.6072926626587691,0.1999472457838947,-0.2995396393411141
48,-1.0383085999613433,0.6922656948274464,1.6327233808722834,1.2692553462655332,-0.2000000099470795,0.2746362776817178
31,-0.4076801016288724,1.895821293962332,1.4431806384262185,1.1971715280690045,-0.199987644459078,0.0883973764153652
21,-0.3467502621122168,1.5695297769095675,1.4461885253575186,1.6114188339400224,0.1995968162443942,-0.1127787739852474
11,-0.1886570022680473,0.6520645666855602,1.800058097639356,1.9981244230111768,0.1999769387091986,-0.1455384678015613
23,-0.3512598054815893,1.689592146329345,1.3791965218868594,1.5523738282590112,0.1999832554912007,-0.2315222870807581
16,-0.3272213064259416,1.1424769428356485,1.6148915336583394,1.74791313969879,0.1999879078281232,-0.0405486379754887
28,-0.3295884828403705,2.02256726905599,1.420276847728763,1.25144023947642,-0.0408713649093098,0.1977682897623138
23,-0.3940534559670998,1.7281347189378695,1.4059219072249274,1.5940356762344066,0.0836510487110521,-0.1136485677322549
9,0.001227223081561,0.5038513019038532,2.213607072130422,2.007199442423659,0.1999872545734735,-0.2072276501963792
38,-0.824079795627463,1.432228493671239,0.711935949572597,0.8644514277376161,-0.2000000099822897,-0.2026190311285348
26,-0.3234763163223984,2.036194609630829,1.1975693824377398,1.365524077199026,0.1670008362966692,0.3947042955432909
2,0.1007330262621395,0.2729704668703565,1.637583334991012,1.5625286707959047,-0.1999108500929037,0.0394807605699152
34,-0.5575584412504626,1.7061536408978666,1.027743063556934,0.900298820540486,-0.1999999223908772,-0.3104639468579854
30,-0.3647256123157972,2.0270783558085976,1.3746938678112368,1.2893496540732132,-0.1999999163881183,0.2407070294358313
14,-0.2970264680493768,0.9042764155147586,1.694484998532806,1.8697754790529648,0.20000000996283,-0.2486266373408547
17,-0.3397003453668688,1.2821085124192384,1.5789277088906748,1.7279967182609242,0.1999718042204416,0.0672330839522885
14,-0.2476931089181872,1.043940345970977,1.7201193692770342,1.908321811495134,0.1999911642775333,-0.1248721015911766
29,-0.3244851359761475,2.051019738079086,1.4763145940986018,1.1913042434381846,-0.199972844402149,0.0457500947136071
21,-0.3878778985605223,1.80578065229464,1.367944930740867,1.5833502115374674,0.1542043496914376,0.2147566647193231
42,-0.943127467580158,1.1138690971564498,0.7672145786371569,1.2178390933421268,-0.1230079957617561,0.434599821439411
26,-0.3221990505620379,2.055480216432313,1.2080521146443228,1.3476460872897578,0.0857337080704872,0.3867478381380614
20,-0.3428131994418622,1.4406143458218308,1.6092496188965182,1.7950851550156242,0.1645799166305015,-0.1812947806208234
32,-0.4439946682363371,1.8437139851464777,1.3222891325738768,0.9096028084369548,-0.1321732698813426,-0.4999600526650137
30,-0.3727876120965283,1.9511487600722048,1.4623295115914683,1.0719335146608402,-0.1999468927041472,-0.1391418756879975
14,-0.2653547525191086,1.0298514070881235,1.720941568785582,1.9259625282073485,0.199974669788173,-0.1272669127204563
46,-1.0134251829845755,0.8122612323645435,1.2901513325658185,1.4007684914261729,-0.116329485201016,0.5543187810770313
8,0.0018783179128934,0.4914633096026722,2.1718460070577006,1.959073958449236,0.1999656508423974,-0.0893417930335729
10,-0.1325729536990102,0.7123882380607912,2.0148030976441245,2.009367249454104,0.16398366646799,-0.2952923441461991
9,-0.1090292801804641,0.5141160953616121,1.9102069633689265,2.108543610600054,0.1999627791695223,-0.2226220483853125
22,-0.3616611228673282,1.8060878172881123,1.4032358723368985,1.6520943031955713,0.1261843049445943,-0.0041255915385127
40,-0.8830123281917946,1.3511795243057405,0.7787410179760794,1.0146382493649646,-0.1167123438456156,-0.1651593500127925
9,-0.0680091376069854,0.5566222973691337,1.9968627105143408,2.1191282096043045,0.1999607777832406,-0.2272426921947534
24,-0.3620170394878775,1.8685437120831567,1.3361965728980405,1.5652669286863417,0.1336721242466792,-0.244355229359765
22,-0.3683099444812377,1.6732429970302654,1.3829805844418996,1.6168970908357403,0.1920887514444185,-0.107328883715019
6,-0.0049612801096864,0.3150043764325447,2.247297675409589,1.5927997306106254,0.1999544967748245,0.0672857885603077
21,-0.4079480479394165,1.5835910712531442,1.497206018367086,1.6191029080601136,0.1001525942693665,-0.0675389943089463
2,0.0274841082445007,0.2803040853251572,1.9541194895890093,1.369312811210623,-0.0027500113194422,0.0521736832375664
20,-0.334964235024772,1.5044285484159985,1.5406573424723486,1.6601869882128666,0.1999128620030174,-0.1288597311648965
15,-0.2669667971035999,0.9359904443464412,1.6839200789716582,1.866095208457803,0.2000000099841048,-0.118913457151399
8,0.0837381436083312,0.4680506968922608,2.11680201912788,1.5279720190919366,0.1999086509260917,-0.0053290625625581
21,-0.3868441400516632,1.5779778413376615,1.4764275337245802,1.6053978599033707,0.1427851848453832,-0.0065401326209238
13,-0.2534639036300212,0.9979387923835896,1.7188761830045172,1.87410655732344,0.1999297460987612,-0.1873892423803778
0,0.0555555555555556,0.3277777777777778,1.5707963267948966,1.5707963267948966,0.1453550219856765,-0.2790400847193641
43,-1.0089592199452118,0.932651899688522,0.967108198502336,1.3325746591437408,-0.2000000012053108,0.0303872361715423
31,-0.4096482254375475,1.885878858461246,1.4437692082163434,1.2006957395709856,0.1998654940212063,0.3173741430232689
14,-0.0830753694501735,0.9701017756166554,2.0451496110246543,2.0031562184255,0.2000000099487666,-0.314513589284949
27,-0.2933866361930585,2.149533913002232,1.3783162320640423,1.2839964035064766,-0.1999080217146677,0.118632848604651
24,-0.3759020066635272,1.8301014328751524,1.2219428473698466,1.5392020326780549,0.1999450409105096,0.02432275279419
46,-1.0371889659663025,0.9446848146778,1.0873806859042985,1.411999764664083,-0.2000000098758393,0.4387396685468563
17,-0.2659061109325176,1.363246325645853,1.6843129331853728,1.9028117188217688,0.1999910021666355,-0.1869739098926744
31,-0.3711172442012901,1.9551298596231064,1.457282249876533,1.076950660866687,-0.199968220918522,-0.1243895885261789
32,-0.4519152476741973,1.8411065834050555,1.4446935328331332,1.0426923379243735,-0.1998590698168067,-0.1016702864163198
10,-0.0953851982124791,0.5511678589178612,2.1756566474821906,1.6581676269467935,0.2000000099509994,-0.4002947425756296
13,-0.2243026158443715,0.8253754530990688,1.688557089367185,1.8900348797392164,0.1999908097109772,0.1334652149112576
23,-0.3817372770633634,1.803194542118013,1.319297711425696,1.5309784030494074,0.1998477801759541,-0.048462889777598
36,-0.7343023781133183,1.45527713278432,0.8748715343561511,0.9164957164480932,-0.1999733396449943,0.0448291785047998
0,-0.0999999999999998,0.1722222222222222,1.5707963267948966,1.5707963267948966,0.0400688559113371,0.0219498102015178
2,0.0774834789078348,0.281594714430557,1.51756447652844,1.5839977663278764,-0.1999254445725851,0.1328058137574627
12,-0.1461206526559768,0.7467714348339471,1.8252813788738589,2.024288125134422,0.1999964744523684,-0.004370573765613
20,-0.3429887593731524,1.580954070674988,1.491588038453136,1.6318993470226208,0.1567284718803759,-0.0258974806779363
8,0.0064720074727137,0.4083187187897033,2.210795804956553,1.939588025081598,0.1999782284675544,-0.1251635602492679
29,-0.3613119059691235,2.036480867373144,1.3749281289663653,1.2896078404509042,-0.117285906313592,0.2560406447892124
31,-0.4591793334434306,1.8244515841200288,1.2337099137392382,0.8712246378446895,0.0380276172642233,-0.415251205894507
46,-1.0170604063206106,0.8367670947488227,1.2037988799300532,1.3465416398365149,-0.2000000099373056,0.2904418442223913
45,-0.994598355370896,0.9420933439071696,1.2008002998302565,1.3723352916632074,-0.2000000099257748,0.349467351362557
27,-0.3428720868361493,2.051289454720486,1.2630489257939042,1.3552310984308868,0.0626315906906599,0.3546487842001619
9,-0.0791815173309829,0.511520445983707,2.035609686705236,2.059708082213743,0.1999838484522903,-0.3302111690661277
29,-0.3691209781628916,2.0810810513538485,1.4951489018884043,1.260683598758898,-0.2000000098403161,-0.3934730451619143
18,-0.2923724262131931,1.446453551732591,1.635829740264688,1.8546789148112173,0.199856109981366,-0.379285998209151
20,-0.384495562407202,1.597250666501474,1.484949910142694,1.6496444027462531,-0.0188210479185686,0.1177747721441389
24,-0.3789050918772397,1.9740195900718724,1.264514115699802,1.5149612686810778,-0.1998497663645323,-0.1467781874507172
23,-0.3773199604110948,1.834915195852504,1.311397383981619,1.5373899806050282,0.1997595785506676,-0.0266937275547853
33,-0.5259717108951142,1.7331934936633346,1.1316181996713348,0.9046695714905024,-0.1999799829485651,-0.11979898077706
2,-0.0789834070664343,0.3499014507700452,1.4377406129644,1.586944716618602,-0.198136398018273,0.3621161070365625
28,-0.2961126327474501,2.129560177016378,1.4059478613224368,1.290331580105844,-0.1999587900493643,0.2198043143972607
4,-0.0502395451023735,0.1099861049922744,1.9845833937313893,1.250515101298621,0.0983736825749096,0.3027238985919047
2,-0.0422038347988092,0.1129332981952626,1.8753160248186929,1.3752261485694963,0.1164644807622383,0.2692805014328659
25,-0.3819187737970604,1.915187082040924,1.2829111302879197,1.5055180601985108,0.0840146197514169,-0.2991534094592765
42,-0.8220560700172987,1.3019617598430202,0.9074871140208582,0.9753435155203952,-0.2000000099704052,0.0024310752890374
19,-0.3879367736767083,1.34198354799871,1.5685202004995684,1.7153467113662513,0.2000000099373391,0.0220703938496044
1,0.0068307817544059,0.0731637189046734,1.7477349350836615,1.4674488688927816,-0.1201582309477413,0.3599314788230555
8,-0.0445044761130766,0.4189588060299097,2.136088901260172,1.9912337414531032,0.1999458598959587,-0.2362263805939521
3,0.0499270429116886,0.1877092091952932,1.86798228795198,1.407369841480786,-0.1831309848799485,0.371595982931637
15,-0.3053555571757774,1.075027919067968,1.674310409524713,1.8835558075487928,0.1999653310772823,-0.0915810013783537
0,0.0777777777777779,0.3055555555555556,1.5707963267948966,1.5707963267948966,0.1980580779340769,-0.4044003507504034
11,-0.1734387377720468,0.7204427681285029,1.8391091945257525,2.007352878304578,0.1999604730954264,-0.172296491958999
7,-0.032235671623932,0.2335990027013417,2.2570000338044505,1.7384280661886535,0.2000000099491848,-0.5258101439367117
21,-0.3056863806352201,1.6444711636309046,1.5285430262472968,1.8092308183052883,0.1823896912597609,-0.4400480103604411
24,-0.4075238424425791,1.7455114149715172,1.496119909980569,1.5645199859311183,0.1999976434930094,-0.2837275922343364
21,-0.3631837046467061,1.5438745655182398,1.4938212216921885,1.6690566298781553,0.1999437503892177,-0.0260676939694988
27,-0.3411114534612644,2.1139486354004027,1.3459501909699778,1.3187422292292956,-0.1992506474228365,0.0771866052368559
43,-1.003089666468783,0.9234772664097408,1.1679757408588416,1.3915200643538603,-0.1594553649532417,0.4113034366296204
38,-0.7919812245016572,1.372916314155337,0.8314268561687808,0.8933357682013179,-0.2000000090896802,0.0977482694829648
20,-0.4070916754603709,1.5024830332853736,1.5085768281158547,1.6391727380657777,0.0875667811038643,-0.042889367644859
45,-1.003116237908227,0.9449452706509528,1.2023761209011583,1.3175630726278214,-0.2000000099903782,-0.018672057223416
10,-0.2204063231616122,1.143600114435577,1.730774713596712,1.943180130133076,0.1999751510388919,-0.0631072280724221
10,-0.1211296582681931,0.5711325240113864,1.892702610292707,2.0888859800603177,0.1999653429965705,-0.2095280641022649
37,-0.6785192384269292,1.5339833743077762,0.9260981167343,0.9207096596889794,-0.1999999350449018,0.132921488812923
4,-0.0086330749315722,0.1109703135923118,2.2003589133408408,1.4128515158672013,0.1827770968356956,0.1864384624617587
16,-0.346465044857225,1.0718784454019428,1.621373408534799,1.7750749121007527,0.2000000099579567,-0.2116756278433725
46,-1.0570256621180194,0.775328837437971,1.4722278686848025,1.3865201649629588,-0.2000000092477321,0.2218273300418858
27,-0.3451197312767287,2.156016914911821,1.4395063231375556,1.322505664587277,-0.2000000096083528,-0.3884087602425206
8,0.0838520150874694,0.5566779723245495,2.2155269059028964,1.6461219498969375,0.1999552549675969,-0.0508235088538732
7,0.1001121036357849,0.4650378218048446,1.5753998505559306,1.558889511347937,0.0018150152043034,0.3527197883698363
1,-0.0332815086260954,0.3518674066560717,1.707958267131124,1.525518313173875,-0.0366775611462407,0.3091220091804713
32,-0.4006562256617196,1.85851402970106,1.4974606494095664,1.576273147018617,-0.1697506247316916,0.2499857540798269
22,-0.3853641260755187,1.6736728460669503,1.4287079582598547,1.591540290755579,0.0644441115843722,-0.1097867861255008
30,-0.3928888653897284,1.9356565950188325,1.4055736801263432,1.2543574477204362,-0.1999512884958475,0.1798876697961369
33,-0.5151435143900315,1.7591212473692583,1.1235890510168414,0.8449510383235346,0.1323022289739065,-0.3323187964897368
25,-0.3811726545650734,1.8786706879458923,1.229844638207231,1.5253253646662417,0.1997621119414018,-0.1551528595791878
16,-0.2803281942446804,1.1255178953159866,1.6549155237760882,1.8544879186849197,0.1999802475689695,-0.065144603740418
6,-0.011276439272253,0.2454081815885154,2.188658115514789,1.4403490413239424,0.1999629209712308,0.1547897364966096
1,-0.0559308631877057,0.2611292736605299,1.5238823047973966,1.5799722481603855,-0.1997535199268545,0.4262169387328875
48,-1.045513594484159,0.6744137867819117,1.8548551919546463,1.1382149475277643,-0.1134260451368013,0.0600119722536137
10,-0.0585901436384876,0.5977244890397901,2.0863197368547777,2.0625457091179675,0.1999401534025192,-0.3806171344324059
21,-0.3821129328461846,1.5875393621068188,1.4297817720080603,1.5642359514346245,0.0503055897283129,-0.0209674523793909
49,-1.0546830374913476,0.6980699440593606,1.3766490864243843,1.303332672119616,-0.0935624317474622,1.2746780884727524
1,0.0984008208696754,0.4223369473501341,1.3820471498481943,1.6058110525255598,0.0776655788901284,-0.1978046224758023
0,-0.0999999999999998,0.3055555555555556,1.5707963267948966,1.5707963267948966,0.0265806366378914,-0.1149725398624993
11,-0.1185530808167272,0.6896166901367833,1.9080350520696976,2.035847981985667,0.1999806897262787,-0.1237263346722465
29,-0.3646387524092714,2.040600840375772,1.413443454602037,1.270316517959033,-0.0814253210414936,0.1157111229033478
14,-0.2409015043619528,0.9382438413509868,1.6714568930354456,1.8671456074461967,0.1999831401361542,0.1290365083949649
2,0.0777413551421667,0.3139410359456474,1.5704168687250952,1.5702569847340588,-0.0766969684525213,0.0029746011906725
28,-0.3342395018648156,2.109757076647649,1.3710914199223565,1.3085134403709588,-0.1989815138326447,0.1307373872492323
12,-0.1675722270572882,0.7398473385090153,1.7972215125944953,1.9755408438190745,0.1999900626183456,0.0263379872737108
32,-0.4876805935977693,1.7785042158232989,1.3446280817177634,0.9648321924037422,-0.1999921300784959,-0.3863548461282797
12,-0.1709056332472594,0.7548823223621323,1.8189489725144468,2.011232870295221,0.1999925343756519,-0.1855219976058878
12,-0.1611263983103331,0.7222591510996736,1.805397861697946,1.9974678232158736,0.2000000099460181,0.0299665819548478
18,-0.3159418388822335,1.3507961031275375,1.5865201326694829,1.71143513021698,0.1999885212517911,0.0521658848287317
9,-0.062469967814579,0.4220153177669142,2.1309232945230345,1.8905078922896272,0.2000000099492929,-0.4356142978149613
9,-0.1595262964879114,0.552646227846267,1.8760641283694373,1.9391337202197856,0.1906371046235229,-0.1214567377639917
41,-0.9356956374818765,1.2637747192003257,0.774077178039823,1.1241552208520549,-0.2000000093201552,-0.0369816976828381
0,0.0777777777777779,0.15,1.5707963267948966,1.5707963267948966,0.1996056490821613,-0.27585097735309
10,-0.1018747797845492,0.6639732884586256,1.9155372018602232,2.012656154688051,0.1999589642588426,-0.0086774244465281
3,-0.0011333310728797,0.0505090185515242,1.9909350325923727,1.1157356607148403,0.0849257971190573,0.2422473155040847
31,-0.461623691843681,1.7886596522269074,1.2735507591303925,0.9469555714976762,-0.199204502363639,-0.3888435393408885
5,0.1003391687639369,0.2097949117024099,1.517878715940986,1.59260559370828,0.0599667857993756,0.4715107639742623
39,-0.8806754131976378,1.3338237635261674,0.6496315870726349,1.0633551401480388,-0.1999999066526471,0.0513275981141425
13,-0.253633395266053,0.8060775824788516,1.7305974076178412,1.926234602554208,0.2000000099646273,-0.264033485117898
6,-0.0794655299502629,0.2347230024031182,2.1648942238004483,1.3995107678299108,0.1999616227065571,0.0476333421228581
12,-0.1923305116027277,0.7352695917060352,1.8258540677514408,2.0257174871648926,0.1999933518526938,-0.2114625869737203
43,-0.987518905534394,1.0073026818919275,1.0407513329000384,1.322199797096015,-0.1999999835119337,0.0851466663823222
11,-0.2164202714971168,0.773470884408689,1.7918051044133048,1.9527938328437224,0.1999322404194006,-0.3166183168746675
18,-0.24481364418297,1.333152700040844,1.7442419337919652,1.8929129314217967,0.2000000099937244,-0.2984294658297354
17,-0.3177046695238348,1.2373320438710176,1.6075127768394744,1.7737664321687547,0.1999676634615005,0.0833837496662026
7,-0.0200421570050464,0.2708124434592064,2.27017064864305,1.829332461780356,0.1999919469360342,-0.230671479355712
15,-0.3339347663097115,1.097409485101445,1.6267132172968726,1.7622387333790583,0.1999874832907323,-0.0677332644773683
45,-1.0209783694667498,0.8341904314051064,1.2073421824711512,1.4231132976859189,-0.144813969706394,0.5218071339179412
32,-0.4085719716690946,1.9089935852910944,1.4868885102358202,1.151890293363227,-0.1999999261948407,-0.0029648548876971
25,-0.378533772003247,1.8063517309519823,1.337451939531837,1.5491056742344789,0.1999765784484366,-0.2876984694250272
2,0.0033367534612637,0.2197068663393933,1.8723922977831704,1.3869473283790064,-0.1783381454678013,0.1013454340427783
1,-0.0554795534381265,0.331043138278803,1.5909133675184588,1.565198160648975,-0.1961730668084155,0.406628785691109
1,-0.0133954160936916,0.2587084945812455,1.7218839685109,1.4950079031739367,-0.199738442340265,0.0295171524935351
4,0.0523996778081551,0.2491508889656003,2.027140223481928,1.371384861449535,0.0053463030254329,0.2749387298792279
12,-0.2017736387018831,0.7602102172061693,1.7464323955425047,1.997872968435349,0.1999740368573268,-0.1206890928044973
15,-0.2026544331953519,1.0102759918139848,1.7331434758987765,1.9670933484045832,0.2000000099468638,0.0429801558482531
9,0.087240379298933,0.5060319866984684,2.013530849983277,1.793882050733318,0.200000009948594,0.1710420889996097
4,-0.0506450788370621,0.3685567218570978,2.049023606875215,1.4952576541618952,0.0379621099557535,0.1872215356585225
13,-0.2794979256940809,0.8577282347144617,1.6692216470395569,1.8468856179564896,0.1999703980399821,-0.0597554697256232
29,-0.345292885111185,2.06899124456957,1.1836626465108733,1.41174784042899,0.199965259419679,0.0325697581750115
43,-0.981652549016056,1.0398871023229934,1.0127524564956571,1.3306041286394084,-0.1999999718807784,0.2029872924265866
43,-0.9500482972915856,1.1322808300380784,0.741772566863083,1.292071441641122,-0.200000009960358,0.6270844889869807
14,-0.1582805135111941,0.89204331295294,1.807893064865146,2.0267817409369777,0.2000000099944419,-0.034589836018681
32,-0.4600505162286077,1.7671797724286975,1.3438434759762623,0.9386889126286522,-0.0447287064738794,-0.4720431284149534
17,-0.3371821043242458,1.2257069417814952,1.6438933509078364,1.7513153595843574,0.1999929114074925,-0.0795270604236222
41,-0.9298569653755024,1.1588455395015629,0.7825309029456715,1.0797490488925985,-0.1999999554603855,-0.0955734044861455
10,-0.0585023846037701,0.650586286895052,2.0396307046201567,2.0344458472169773,0.1999886726186085,-0.1192250838152813
15,-0.2731863816740976,1.2073530363126677,1.6854216764357428,1.8860553864853484,0.1999765544389353,-0.1514014149297767
27,-0.2721834917903886,2.165654648653724,1.2317317138102393,1.352428292690203,0.199994619024593,0.3947187465862409
11,-0.114172070246197,0.6810388887035743,1.895515254854204,2.073031783376281,0.1999774985248022,-0.1205186037260353
0,-0.0777777777777776,0.2388888888888888,1.5707963267948966,1.5707963267948966,0.1999070639965726,-0.2955083059516239
39,-0.7141076840250437,1.4481156878923542,0.9438281441715102,0.9533967080682354,-0.2000000097183059,-0.1115126355740867
8,-0.0648224714374282,0.3266173568812344,2.1355987089362483,1.7899438585650818,0.2000000099553016,-0.4311259773106834
22,-0.378433948253971,1.729256361429482,1.466160420086509,1.5517098983827908,0.1585116161836557,-0.0639393157759222
41,-0.9202676467652738,1.2694389079591173,0.7676769467678408,1.0948364821442729,-0.2000000092067053,-0.0639560238326939
1,-0.1000594902725738,0.1926385564013213,1.5516077625241618,1.5763416325769637,0.1745421881835281,-0.1478634796674241
14,-0.2806954449575506,1.0148112536248095,1.6773249703135829,1.8713537075005304,0.1999738631466738,-0.0658412777467789
1,-0.0775501296324082,0.376074256470274,1.629723117747579,1.5544640761997954,0.1331423338433885,-0.2838052817166748
9,-0.1372885321373333,0.4443571013414478,1.9696773361962256,1.9116358602364725,0.1999922913636848,-0.2664618523032895
11,-0.1417818363813629,0.6851011390768258,1.9818156278368573,1.8775745308666445,0.1999890451231201,-0.2658173527926086
29,-0.3647412053476667,2.0054046113589323,1.4797718033027076,1.2181079870947895,-0.0221105513567234,0.0317333954330148
44,-0.9914556771832392,0.939679446984428,1.052344304570232,1.373486471408196,0.1691655616235385,0.3259665769281282
25,-0.3427814562964997,1.9099160101809447,1.158073631176029,1.474118375276116,0.199974499867255,0.1581618670855976
13,-0.2661619838229646,0.8577440916482932,1.6778505376734216,1.8754914933706688,0.199967541478362,-0.0648627991141252
25,-0.3829805017474647,1.8574688280458669,1.2657141471889355,1.5265722200786251,0.1998853706069766,-0.2004324413007798
22,-0.3557439632601371,1.6519985878066117,1.3988224948432784,1.5668673215422255,0.1999381940722411,-0.0935350939943921
36,-0.6381438703941665,1.6138300975026556,0.8745136128522129,0.8750751634437702,-0.1999999244283518,0.1349314993621331
14,-0.2545579621633899,0.8984841274910211,1.6585393334415297,1.814363644548088,0.2000000099675674,0.1716925389831712
12,-0.2520845844560699,0.9776628020302898,1.7133010076966624,1.8828777394836809,0.1999479119939254,-0.1603788689100154
31,-0.4109081086495962,1.843126280336443,1.5156318387624363,1.5424646459311178,-0.2000000099359793,0.2661541932083985
12,-0.18347277163574,0.7118672408759553,1.7892503487553937,1.8970599229552043,0.2000000099506004,0.0806432505944672
15,-0.3115192800527798,1.1048497196130191,1.6445925953474383,1.80301995206856,0.1999803099649943,-0.0812229495739401
13,-0.2864845860096507,0.9001893983621563,1.6718754852798323,1.8558559756100408,0.1999478397379082,-0.0590161818398112
30,-0.3653675678248873,2.007107723808885,1.4892684258956264,1.216803952576999,-0.1999919606930298,0.0566612611979414
43,-0.983092992968938,1.0418526076454484,0.9501489988736512,1.3291143979399087,-0.1999996742100742,0.1597553923721978
2,0.0556332836347418,0.341850551674891,1.6185845239695649,1.5559372337916615,-0.0899130190920956,0.3752099656231234
6,0.0553500658941986,0.2870505819648174,1.561487049856458,1.5710492202996127,0.1824987351453494,0.6486211377324305
47,-1.0653618115830898,0.7225086613171436,1.5037654834475855,1.3457254104086678,-0.1442652776966782,0.1725501193143873
9,-0.094644134374742,0.4994240268986548,1.985003521812316,2.042983003981111,0.199962077593309,-0.2633643193581191
31,-0.3760957986898126,2.005948852557908,1.3398302319136004,1.2971222956734596,0.1284266551107933,0.3069486852938045
3,-0.0780488427913645,0.349570655346839,1.574851212152515,1.5596806917370785,-0.0103365961883904,0.4559699244772476
38,-0.7796827946026785,1.3932433777356643,0.9027968955987502,0.9382149511836694,-0.1999999078039462,-0.1620931801338645
28,-0.4366695163631924,1.9976628698993573,1.3394872369852404,1.5383759023841297,0.0183602555920626,-0.0090601861277438
4,0.1011710614719182,0.46180479144766,1.7660575742509703,1.518303389481548,-0.1999102630561589,-0.060857426303178
25,-0.3663691818401929,1.9503768252544176,1.223100029924188,1.450313949427379,0.1998844019711404,-0.0577165530329961
27,-0.3488561409834348,2.166517479401896,1.2955278577890734,1.3593514823945256,-0.200000008821188,-0.1426571060222048
2,-0.0784090893910643,0.2583022410169305,1.4860897670176367,1.5884156334645538,-0.1229638039142903,0.4317751173526912
22,-0.3541079005436292,1.6316023729695754,1.472175775195701,1.6877893669455089,0.1640217472132218,-0.1641739508944934
36,-0.6519774596628894,1.5534615775389238,0.980033818433328,0.883890095558098,-0.1999999098327091,-0.2297012816637493
32,-0.402419293512066,1.9133894651324936,1.3971131658789258,1.2509346716013643,-0.199999954596713,0.1802471300567905
31,-0.3731911806526168,1.9197741753055224,1.4693850251522402,1.133111461484614,0.2000000098388396,0.3156257037175763
33,-0.4659868311376224,1.8114018066033064,1.2497641901162009,0.8774094274509872,-0.0117607955226092,-0.42917514809246
26,-0.3458750841547075,2.0529149650930147,1.447539140531097,1.276288451671796,-0.1452290471069679,0.1118659036054882
1,-0.0152977511571009,0.0535402392232558,1.7502661506321768,1.4672593026286518,-0.1999567713608368,0.3807610021825976
7,-0.083016755783849,0.2361739702326375,1.8214284489539008,1.4222343294977964,0.200000009993483,0.3080281135755314
20,-0.3689984990859748,1.4103741745481806,1.5680908682432513,1.655925289206184,0.2000000099592622,-0.0132611820993297
49,-1.0729655151479498,0.6820768726961076,2.0848948071387152,1.1638829669781852,0.2000000098531837,0.4091830428380562
0,0.1000000000000001,0.2166666666666666,1.5707963267948966,1.5707963267948966,-0.1999327861242799,0.0383678522772438
31,-0.4129076591014305,1.8385512635516288,1.4596623117711882,1.0267907341409277,-0.2000000050701553,0.0789280466755845
17,-0.3666179487260476,1.2240068550460808,1.6029662015524249,1.735556586594643,0.1999738293017358,-0.0807772697072393
14,-0.2505513105104752,1.0835527868824113,1.718273208537374,1.908543585358142,0.1999802231664115,-0.1253691135767055
19,-0.3599482875268782,1.4187144851895876,1.4802039517461298,1.6955000022920212,0.1999599234192829,-0.1083168554812752
28,-0.3565803538073913,2.1241557163258133,1.4375728304174284,1.3063201313694428,-0.2000000095882909,-0.3572025534403348
24,-0.3848512253427004,1.8838557126677355,1.310897578546081,1.5353620694219678,-0.0196653601157031,-0.227402334440598
46,-1.014668836559368,0.8065107880725491,1.297433697679315,1.3986009044981662,-0.092766139075324,0.5401334699691829
31,-0.3945542995576228,1.873247400892832,1.4974010969188551,1.5615848582544474,-0.2000000098482401,0.2847287693258608
33,-0.5104743812917593,1.7631548229667624,1.144128025570188,0.8551570161179869,0.0364917953204668,-0.3584631797529503
33,-0.5076434116781545,1.743335365445879,1.1464118301800643,0.9304697460912452,-0.1999835269691703,-0.0837057471128812
30,-0.3326071065875295,2.0216440168826733,1.4985119039800503,1.1620172805707347,-0.1999999069821526,-0.0494471946569508
44,-1.0011611207739477,0.9142145821423984,1.0979560325529911,1.3317853293768185,-0.1999999635518837,0.2855871912057796
17,-0.2950966024065392,1.2114601654004924,1.6109817857530455,1.760751876956388,0.2000000099934139,0.1891499829069822
9,-0.1233892427795505,0.5023284709035546,1.8904476119120663,2.0591250932788694,0.1999634073355476,-0.1475612801294988
21,-0.4054630948960869,1.5679190971422892,1.500574824461017,1.644761699971046,0.0967646772211266,-0.0583387445534975
16,-0.3343461331791487,1.107059311136498,1.5647959870309736,1.7392056281555808,0.1999838269963254,0.1601724383037452
6,0.0602498354476457,0.2678338673948246,2.2087237695839743,1.4780844902633985,0.1999617025656265,0.1129079304797459
42,-0.9672423000453076,1.0815255340994296,0.8150717979904751,1.1637642957121626,-0.2000000089062994,-0.061705248986681
39,-0.7695314904237833,1.4552967993168635,0.8080567826962184,0.8891195655365494,-0.2000000084218653,-0.1082525399269943
2,-0.0084738120748876,0.1005120700998282,1.914571926989828,1.2693877514531606,-0.0597270577281374,0.1861316404321598
11,-0.0381367754720247,0.7011282005376288,2.11868980092424,2.099611841970172,0.1999618381084323,-0.4194226751804965
46,-1.0468253403313008,0.7120294546230366,1.3394390747355618,1.3688368029433795,0.2000000083724567,0.494852801818353
10,-0.0859541933202824,0.5464436047347108,1.933066510656152,2.0316116942456293,0.200000009993275,-0.1823837146447029
31,-0.3991562450832372,1.9483982656685,1.497493575387869,1.1728272524090586,-0.1999999176465426,-0.028360111874245
13,-0.2162877009999632,0.8368213416822802,1.718454973690473,1.9714006194168336,0.1999855170968943,-0.0404452156151585
1,0.0313241922392241,0.1241933239256973,1.7005389342692236,1.505393080271611,-0.0966952671638959,0.4239767513492066
26,-0.3673328045831601,1.993236089981249,1.154977110579283,1.4492514907376188,0.1999225640663322,0.0522180821042122
8,-0.0178885076147521,0.4010033410513616,2.232934542992388,1.9336494341680908,0.1999897402616776,-0.2337544082987533
46,-1.0395029892405443,0.7510546635866825,1.422113231444035,1.2921224427328657,-0.200000008427419,0.1836054607903111
33,-0.5127149356494222,1.7394146316449957,1.07772815949569,0.9303698240470928,-0.1999821717492791,-0.0015580956242796
9,-0.1042245108831969,0.4395214320308797,2.046078828224216,1.7469423479215365,0.199998970188346,-0.074503014114585
14,-0.3262728321091906,1.5250669693881425,1.4498018558375965,1.7425101081780232,0.1999566762436239,-0.0500571647911255
9,-0.128209265575392,0.4338965066606863,1.971643529942276,1.9442034981414429,0.1999933915144474,-0.2825866652201345
1,-0.0334191284926989,0.3192189062636483,1.5590442108395486,1.5732896185064982,-0.199661873907975,0.4004591628941087
15,-0.3108774276161009,1.1066069901816418,1.6641812166806798,1.852715199860644,0.199966761166751,-0.089133848886302
16,-0.2985287739536282,1.0470452294658243,1.6147384094682078,1.7618321602635252,0.2000000099676409,0.1667800757172336
25,-0.3042472447392573,2.0881653438619723,1.2167991558697562,1.3564181301592166,0.0632453369555569,0.3879957991325081
20,-0.3697586523031809,1.6133521102315236,1.4624181176212172,1.6636313770404951,-0.0193182488562353,0.0889244774645841
23,-0.3471006187096531,1.705365043070349,1.374329981454883,1.603778772257363,0.1999876438138143,-0.1665506034550812
34,-0.5795622546035791,1.7381649920352888,1.0562195303526265,0.8926616318078806,-0.1994017979241656,-0.145312622361054
20,-0.396473169121697,1.6914078520764038,1.4937112825599057,1.6203040611413748,0.0657473769311915,-0.0433231608005994
14,-0.2668556237201896,0.8887899029290991,1.687764630713735,1.8608684721968205,0.2000000099439705,-0.1216639568118586
31,-0.4413642984744998,1.933793031293721,1.4992758567121367,1.0328381979378922,-0.1999654411639478,-0.371009510905111
9,-0.0830895764540668,0.4243900411097527,2.0905562164869647,1.8735728672970584,0.2000000099491918,-0.3991251242041112
25,-0.3555699282028173,1.982945741289461,1.1590848370131592,1.5039133750560336,0.1999351049240027,-0.0110145031358049
3,-0.085001273787696,0.1256007011053021,1.930977795926488,1.3710192591972394,-0.1615317190999911,0.2166414062285655
39,-0.7537563601938664,1.46322684508093,0.862333781557068,0.8767429966983253,-0.2000000099587844,-0.2110902086400744
24,-0.3816812787123417,1.755784417789742,1.376080804565225,1.564510781443702,0.199861927377929,-0.2176743489691664
39,-0.8510581296855619,1.390593116583526,0.6861423822727541,0.9121897777944076,-0.1956944513453175,-0.2182296699779577
39,-0.8362236262787957,1.3138486637114462,0.8229692849006991,1.0002078687442075,-0.1999999953894325,0.1456655377397913
20,-0.3413888055768981,1.5537815941178874,1.4597609313812594,1.6428752397532629,0.1999713643332264,0.0930961470552563
43,-0.9945985382438168,0.973345940217559,0.8892137092551189,1.3197356120175072,-0.1999997739654044,0.2691032269217303
2,-0.0281180317739863,0.0622719085859576,1.9108552346613743,1.2929989883132569,-0.0864312884536658,0.2061474075298616
35,-0.6353664034437686,1.6039419281927394,0.9912830860471044,0.8488401039280451,-0.0741083007605905,-0.2378458316888485
29,-0.3361603885681813,2.025410897514078,1.4813974211600165,1.166163497493561,-0.1999584659711792,-0.0076540610535757
2,0.0398574903688271,-0.0417197080425763,1.7026145304677955,1.4018393022550513,0.1999530482932664,0.4672797908477683
6,-0.1009812352591454,0.3489556281142985,1.534807321676288,1.5500526786603983,0.0241066420650699,0.5385194702155504
5,-0.0090957105385545,0.1971136089163537,2.219267533221517,1.4503611209289935,0.1999482440337211,0.1438245206163655
23,-0.3635231068296778,1.9364559032199409,1.224793274947677,1.452045125949685,0.1997975013945279,0.0014267143305107
11,-0.1325386910847632,0.8222478010731789,1.8835340502248537,2.076988645278522,0.1999140653304975,-0.3193433744862312
13,-0.244134403611601,0.9510948952664336,1.7160582887616496,1.9398726179346928,0.1999800942235489,-0.0870529246348347
9,0.079173993715034,0.5691657441332942,2.219081417718206,1.7075916782516654,0.1999931903892916,0.0896497170877766
25,-0.3844365686532262,1.874858910998779,1.2900462011483054,1.497206954018172,0.1600584021634917,-0.2603317543123912
1,-0.01619389977927,0.1235389777087651,1.8008409599449973,1.4395989181976003,-0.1997751649079934,0.2972082269411102
9,-0.0447849704229173,0.5975535206325917,2.0827791849758963,2.0554329012731523,0.199971434150299,-0.1931035789159066
24,-0.3458418198223395,1.8348177221232675,1.2389954487469534,1.541284054331328,0.1999671686962813,-0.0030599394426957
2,-0.0561423246886355,0.249159278931209,1.7219660068538527,1.5126653203547311,-0.0586398664391963,0.358275840382423
34,-0.6114323197661542,1.6258437994578316,0.9989365073834374,0.8833886729795172,-0.1999497225768606,-0.112259136436797
10,-0.1232957709335911,0.5594843067890817,1.9478313120207928,1.98283295686968,0.1999714896570135,-0.2107805601000815
29,-0.3551927235034284,2.002761581591863,1.5454384254736675,1.2246464755258788,-0.120785328886062,0.0499316355509383
21,-0.3783940132132758,1.5523169842669424,1.474441041204918,1.644733450036069,0.1997913819478491,-0.0214574614997761
23,-0.379188150108549,1.675943864665694,1.4270232180741171,1.599900937622308,0.1998837467520562,-0.4095985520650156
20,-0.3772516512988929,1.572183884403924,1.5137481848385672,1.6847508001122156,0.0868169050726671,-0.0392720300206598
28,-0.3055608611314923,2.1036690628720973,1.4639155576613287,1.2478541320386385,-0.1999544971522223,0.0976310319915819
37,-0.767840525841067,1.504343489257413,0.8870942826059203,0.9068709408108044,-0.1999999854581489,-0.3002103371199282
45,-1.0403011622037,0.875022737051546,1.1551846946266036,1.435403406410189,-0.1302145679140382,0.4227525132803367
30,-0.3872004744231603,1.9528851893708192,1.4852367612209658,1.191428070988808,-0.1998781410845377,0.1051078034470183
4,-0.0183563484696535,0.0665373866778729,2.163411603369985,1.2700727404008043,0.199889580440679,0.1830436379959065
10,-0.0412271209305932,0.7462405049394156,2.123648023208633,2.0731230850708853,0.1999312284946671,-0.4204958749426291
9,-0.0774679609289662,0.4834343978379171,2.085350182899509,1.9674969314359605,0.1999881909566293,-0.2976227319375648
23,-0.3375329848608226,1.8781952524583083,1.2430289509382586,1.5325160700896845,0.1999767427336741,0.0383774528872766
46,-1.032794045737301,0.7700679860177408,1.357113697932298,1.385253131598937,0.0277678730182502,0.4712866421714189
19,-0.3540885376469562,1.4681989790139356,1.5647411021080355,1.7191931569700376,0.1408501824976277,-0.1009176802839409
27,-0.3430324982931187,2.1961288255258533,1.342123963930879,1.343881037038295,-0.2000000095215925,-0.3097643240565075
15,-0.277288159815193,1.0525501016519752,1.6296742184688568,1.8652624495625028,0.1999701839078484,0.0687143716133321
3,0.0784026018116969,0.3702593402197525,1.6714322986688952,1.547358262643406,-0.1573682187110873,0.2409517054978789
9,-0.07311732543779,0.4873260931361471,2.027917535105024,2.0857950095798565,0.1999872745251215,-0.3239408798816195
28,-0.3643338560332852,1.9997861599490072,1.4382504407027938,1.248384581359979,-0.0195351640779448,0.1716021838031631
3,-0.0795646430119049,0.1612957973495471,1.7312913509693484,1.4963202806582332,0.0084487649184055,0.4299994008595874
20,-0.3784087444183686,1.5348086020981115,1.4753827388074736,1.6484763606875092,0.0604685303455359,-0.0197217177963503
46,-1.018022725363296,0.786442576727374,1.3270094665375094,1.3927180595144049,-0.0122339129083176,0.4994230508517253
48,-1.0451797532030511,0.6754722342148916,1.858913735547338,1.1373331709787255,-0.1202894047158661,0.0530803854153689
10,-0.1385413536337009,0.6476262202741329,1.8969874317434168,2.0206585859937265,0.1999123198285239,-0.2131602073292136
6,-0.0262435206951083,0.3337176753707847,2.218048152574573,1.6043036077465471,0.1999371433080396,0.0934924445445532
13,-0.2211804555162116,0.8355129561084617,1.6879559429970126,1.9076256371373213,0.1999863636392981,0.1244586442301133
27,-0.3832265429607778,1.958966700620102,1.4177164817836625,1.2524878609048036,0.0270534788872091,-0.0196957042952918
0,0.0111111111111112,0.2388888888888888,1.5707963267948966,1.5707963267948966,-0.1998291862253709,0.3998157721130204
45,-1.0251284599218151,0.8153738604797386,1.341916813810243,1.370116054532928,-0.1999999874738751,0.0703855631126276
13,-0.262604762453931,0.9125417807679724,1.7001286605980734,1.892093119176345,0.1999482134034381,-0.0764516052557857
4,0.0039901714637398,0.117416105882919,2.1768733570959906,1.2971300282046232,0.1387943124810357,0.2108185100672125
31,-0.3838227276983971,1.891782233607711,1.4821926365282874,1.1064595133584862,-0.1999999211290175,-0.1197985233440278
7,-0.0734199863797974,0.293638365198336,2.05294639716414,1.4786208660016522,0.1999581071365752,0.1789979498676501
49,-1.0663583665568523,0.7270993121965882,1.6544974296647723,1.244996207876151,0.0650868670999327,0.71951500738061
30,-0.3765653188416397,1.956778649434972,1.5299074599456586,1.127552726501304,-0.199868896367985,-0.0881963750767152
33,-0.5279905447492959,1.7428793755159069,1.0940905980640157,0.8991485025711553,-0.1999727971337105,-0.0921848938906055
22,-0.3595888962132026,1.652398869659532,1.393221900859151,1.5508014544868167,0.199953366370779,-0.1899961398377654
35,-0.5908898151108856,1.649990543750938,0.9266334699136908,0.9011854684699112,-0.1999999133807549,0.0779239970401081
19,-0.378881167868326,1.4649661893179866,1.524994638809238,1.6636855266581114,0.1999537186481056,-0.1621953076885228
28,-0.3451292540490208,2.060599563716508,1.4166527866062264,1.2992597174007756,-0.1752815808536177,0.1216891915583937
15,-0.2768077411615162,1.2264855057121702,1.6686487031532071,1.844087693678436,0.1999760700648473,-0.0470822740715383
49,-1.0594118444862766,0.6817373906285411,1.4120219210770468,1.293901410040869,-0.0206987472247939,1.202560629674384
3,0.0298643395016572,0.0337264032243525,2.112078324952398,1.3578057654411324,0.0770087477911872,0.227412075152924
17,-0.3221387152045872,1.280154909402172,1.6418001918624592,1.7485949228700304,0.1999734285901901,-0.09670410853134
0,-0.0333333333333332,0.2388888888888888,1.5707963267948966,1.5707963267948966,-0.0652488759014208,0.125248977064391
31,-0.4128399485280383,1.844133672458901,1.440385309108768,1.0208097765265507,-0.1999923281899722,-0.3094631795189391
45,-1.0208781442051071,0.8719012375825971,1.1012532311168055,1.3402692800323888,-0.1999999935192821,0.1176957264736187
30,-0.3605538159704166,2.005577659583434,1.5190645313745716,1.2261760233724266,-0.199987606785515,0.066630311182317
28,-0.3376688273207814,2.0223811765899966,1.4538055552567344,1.2582908976028655,-0.0707926119856605,0.2025819906875018
42,-1.0001679713733798,1.1122853297837696,0.8695972981539111,1.2790608969109396,-0.2000000085732418,0.0492173762464321
13,-0.2357143766397034,0.8873656086523526,1.702322422517864,1.9332536830315137,0.1999750922716121,-0.0558822158637419
36,-0.6879193939243168,1.5441244856990808,0.8663594752096495,0.8753243012248044,-0.199999925593124,0.0618177878040331
7,-0.0147285103277887,0.3985466968291343,2.245521661886249,1.769857398271829,0.1999569472280319,-0.0643054838195038
15,-0.271144044910231,1.0051132091681894,1.632721790173326,1.8026277756790825,0.2000000099610368,0.1772429152196746
28,-0.3522613066034766,2.0719896911998155,1.2341160337117056,1.3621739313355812,0.0661541151894793,0.3340295282873041
36,-0.7005543148165227,1.4983125775951198,0.931539855026875,0.8758682858047495,-0.1999836789806478,-0.0790883713882651
7,-0.1010591759738088,0.3398542754155966,1.5018304819848876,1.5473822104056985,0.0880080944202517,0.5963099274572734
44,-0.9754519705464711,1.004757089581073,0.9675366366889816,1.2869942113975277,-0.1999999812235848,0.3697644167681436
1,0.0777617206052038,0.2047681408776794,1.5610212768104414,1.5738330136084526,-0.1998698782083622,0.1114610705198637
30,-0.4087732388509557,1.9944185414178444,1.5628320286658148,1.121152525813488,-0.1999553488132956,-0.270948910567625
35,-0.5981812808670778,1.631786128181871,0.9200261617286244,0.9234253242596672,-0.1999999173527269,0.0972321731177261
2,-0.0251293439844827,0.0195438355798804,1.9378931383278708,1.306443051285286,-0.0727361353076922,0.203555396389114
4,0.0613568809560567,0.1714705554049384,2.191770748296056,1.4534381317160792,0.0613141172173194,0.1928247660061209
37,-0.6814573915512006,1.5304887190301186,0.9254720537599664,0.9230428144514136,-0.1999999356230063,0.1340444365742477
43,-0.96243708677421,1.057604945042663,0.8436007956650595,1.278311936748412,-0.0073270862387573,0.366436268115858
26,-0.3104774985340817,2.0812097052593903,1.1917566517975668,1.354857328573693,0.0932755030196471,0.3993691065468572
30,-0.3820451029391615,1.9774554897183336,1.3778895857420306,1.2770705028664395,0.0374305027393367,0.292524425464559
31,-0.4092849888946832,1.84501235596498,1.4802744398501255,1.0434900957350568,0.2000000092877984,0.2009261578522219
10,-0.0072281407176607,0.6542407056235239,2.159959689774785,2.006144918190304,0.1999712568924715,-0.1285051991486135
13,-0.193861383087574,0.8278115138558814,1.780242049196039,1.9863670261315156,0.199998929868869,-0.1977763128265049
19,-0.3921014632916579,1.4390874602921897,1.5396587001767497,1.673682145568968,0.1998850054105954,-0.0551390668976144
2,-0.0783423758418098,0.0640304828578115,1.8980954255768685,1.252885430741015,0.0867727969442632,0.2701927022625933
32,-0.4530282955460177,1.8310089570833443,1.285099116214786,0.9004300708013167,-0.1133984346116823,-0.4669750935597275
25,-0.387254168295332,1.8433663377096432,1.274848678210054,1.5293453196114015,0.1999645718758474,-0.2037103769432642
19,-0.3738368841501865,1.493940876372608,1.5020437883820872,1.6691476742280256,0.199091985914033,-0.2265381467112614
49,-1.100638324902225,0.6317570261659393,1.8253675187614304,1.06712126962569,0.2000000099608964,0.5539020621933035
11,0.070036350455207,0.6389634087957633,2.066769790896449,1.7787548128708974,0.2000000099593447,0.1855369269145278
2,0.0284149714666843,0.2686968985088382,1.896610782542501,1.4037518773049236,-0.1323007914274338,0.1645610870777575
13,-0.2005204110595658,0.8646419968754652,1.7155920500543456,1.9490313633871537,0.1999785099111458,0.0975180535702675
47,-1.0582226370457888,0.8009142747727847,1.3450484360244612,1.4248667251740463,-0.2000000099157648,0.261197222368779
1,-0.0142129298125639,0.0948503118318508,1.7487938264992575,1.477428838152067,-0.199955845884527,0.3887834640476347
6,-0.0482824513164186,0.23164828072032,2.2031049440291266,1.5673399512206707,0.199984345629456,0.0040604640726863
6,0.0775990400333139,0.3972889901181338,1.568522230782781,1.566284115865876,-0.0235122807303654,0.6490433552165035
29,-0.3469494937253795,1.983756117492448,1.4373728344824652,1.206872184266664,-0.1860523506747692,0.0991964668825303
40,-0.8292621343061748,1.377275707854234,0.7539305127327214,0.952326567410133,-0.2000000082216469,-0.1444191229165513
44,-0.926851799545206,1.2622420764017748,0.8070863159981112,1.1133350833648437,-0.2000000099985551,-0.0662155842859517
1,-0.0588652056132137,0.0523790416873495,1.7098334225538574,1.490373827470334,-0.1997690626673453,0.3701871953713385
35,-0.5971773911760289,1.6158992819144171,1.0278904112663607,0.9371680240185064,-0.1999999203537344,0.0104002691417895
4,-0.063258156428154,0.2348845330283435,2.0032051439073424,1.333108113214705,-0.0380969950640801,0.1594297286874363
31,-0.3761278370293099,1.9401844569033355,1.4831092144039015,1.0375065830725707,-0.1999771906563387,-0.2281826556413246
9,-0.0683264726093479,0.4406070143893982,2.0318594398584704,2.026042205889365,0.2000000099931487,-0.3652270204521025
16,-0.3325826977154842,1.1290746831709042,1.6095857108619551,1.7407022984083194,0.1999644044269706,-0.0537011335378456
6,0.1057932673489148,0.2093161986960819,2.0982244881477694,1.4950105513199017,0.2000000099937275,-0.2184197901528282
18,-0.3457093427541393,1.3269323148230017,1.545823902883802,1.6697866922570126,0.1999861915870167,0.1062662122702668
0,0.0777777777777779,0.2611111111111111,1.5707963267948966,1.5707963267948966,0.1715896042367034,-0.3450117782613353
13,-0.2419658615577279,0.8233351345180987,1.734164782860551,1.9380016257170656,0.1999828753232986,-0.1304964724629569
2,-0.0590394994805386,0.1641398048820316,1.7369907741638402,1.4788986119418617,-0.1998720639536866,0.3136417476932645
7,0.0773948034283659,0.2735976423788179,1.6006660452720265,1.5585830026977812,0.2000000099602227,0.5850432783056801
23,-0.3271136351380298,1.7478952454237502,1.4136143560197691,1.737108702044419,0.1997764802941557,-0.2955143677869165
44,-0.9137692539706488,1.2607414000332882,0.7011495317748384,1.068285800713782,-0.2000000099838452,-0.0317714245897295
0,-0.0777777777777776,0.3055555555555556,1.5707963267948966,1.5707963267948966,-0.1999339340142471,0.4435297310424763
36,-0.6773545674707706,1.581352783030835,0.8748107376184802,0.8094046382947102,-0.2000000096341468,-0.1263142463810422
4,-0.0580463376637305,0.2663177583302685,1.878604280823145,1.4345957739284003,0.0863432749352738,0.331524435229407
10,-0.1492215796713928,0.5745376907072225,1.7594478959825377,1.975514968734704,0.1999872739521909,0.131437701289928
17,-0.3051464179348092,1.229882546700579,1.5978252674129347,1.7374364414024173,0.1999889884190237,0.1894230482643954
42,-0.9798552693283786,1.031084349525055,0.972626728805692,1.3582349233449056,-0.0762692731340215,0.4476318302761713
6,-0.0075918273854197,0.3115420235156572,2.2322894605484347,1.6563036190369762,0.199795617606393,0.0190175141044297
38,-0.7359006619482412,1.4253430633608728,0.9324849108841756,0.9521882340303516,-0.1999999867903654,0.1291294223595381
10,-0.1143009672074674,0.6956727931334562,1.9219319048014023,2.0899530786790743,0.1999733725698245,-0.2324668991332299
14,-0.2013643141209192,0.938326957847399,1.7408335889366011,1.9627614421816413,0.199983820501878,0.0190715390056175
37,-0.7595414360478543,1.5041744904298913,0.7851448106255869,0.8078018890575339,-0.2000000095769918,0.1429154366354321
24,-0.3870161966611334,1.775357131792043,1.3345334775164446,1.5721794644809524,0.1998804789546745,-0.1192585397470909
12,-0.2267750027731899,0.8351053602113206,1.746488937237535,1.91721369887003,0.1995158372353698,-0.1564068181652303
4,-0.0326411973574626,0.3074547427435765,2.1203608820822577,1.3827215243502302,0.1994211226497654,0.2868302562206637
26,-0.339746561226154,1.9556204271757365,1.1352546560254435,1.4613193606936814,0.1999980173358449,0.2274169928612152
31,-0.3807560686392305,1.984762724386093,1.4490898932006695,1.2387128924350748,-0.1812631564752875,0.1785048447489638
39,-0.8321333679727888,1.4089250293871547,0.8342532227423529,0.9496378586164276,-0.1686761619842166,-0.2436793337676655
37,-0.6799896241585918,1.551781961840056,0.9752073428462672,0.836516922581363,-0.0681308098429569,-0.2609510230579677
12,-0.2335714123593971,0.7544393121353534,1.7182891400075198,1.9195956911235217,0.1999683398973658,-0.0787068961672691
36,-0.6069939066020227,1.59121278868305,0.996140812584434,0.8666633322426721,0.2000000093882001,-0.098141174743095
4,-0.0847258702871797,0.1489802890662354,1.975301236906324,1.3528131608860052,0.1214761602209777,0.2267103703255721
20,-0.3743692202744346,1.7065308605771965,1.360850558676992,1.586898826232076,0.0430708175696251,0.1182885370543875
26,-0.3776467382387863,1.9619354748014288,1.159521692493234,1.468349809526908,0.1999284559372341,-0.0021801544325038
30,-0.3839138435625737,2.012622749027781,1.2471303484078984,1.530135142285247,0.2000000098674576,0.1088571678035691
1,0.0995400219225744,0.4019579277467533,1.502697647609983,1.586076583336847,0.0012707000987512,-0.1022327099214173
42,-0.975422483752078,1.016989790423229,0.8558110269394259,1.2390022963282994,-0.1999999279624187,0.298469180678462
9,-0.063130891045678,0.6073242937001156,2.0274403365936617,2.095948806178328,0.1999422837507066,-0.2528449416015003
24,-0.3781305823324926,1.8108453794251491,1.3281171108272414,1.5420147717797077,0.1998434079858545,-0.1110040009077792
17,-0.3374022138969951,1.2795839388095165,1.597261199115153,1.7263173231557436,0.1999706135562071,0.0594255681632606
5,-0.0341935085491379,0.1365698921105464,2.217764356234346,1.3590378141914037,0.1999822349330443,0.1003469224991841
35,-0.6330708036038151,1.6718830150700466,0.9516872214761118,0.895680358557774,-0.1999998855009062,-0.2992024044869557
9,-0.1110476770337128,0.4287624164198619,2.0121685984220843,2.0356685995469004,0.2000000099489436,-0.4347575212452675
8,-0.0299400059405212,0.4052652117646019,2.2241159612920622,1.885265067599172,0.1999676789791734,-0.2078730388853514
12,-0.1560472688734424,0.7812569500742153,1.80225378746656,1.9977894213325007,0.1999798514713342,0.0265417424960037
15,-0.2639886820719001,0.9999037751546176,1.6414742628720145,1.821812462489488,0.2000000099460519,0.1656266854087159
36,-0.6893671966510408,1.5177615628832928,0.9541231739011148,0.9038500749181798,-0.199996792619922,0.0572234128669677
2,0.100744175757986,0.2808675546679718,1.6330327997591834,1.565216560716518,0.1999105386443491,-0.2091329911265106
24,-0.3834420079770106,1.824327623811606,1.320757535347019,1.5392947400167496,0.1998413728304235,-0.1166141959854115
15,-0.2703810295310755,1.0353955488325304,1.6325856829669814,1.8126425232655987,0.1999861003756252,0.1518903772662351
17,-0.3004452851420365,1.188249341922716,1.6050922060993056,1.7440644950902795,0.2000000099933877,0.200140942169769
5,0.0358080164672345,0.214982253654526,2.266722814240728,1.4124007538349397,0.1999498465191327,0.1029980426736768
14,-0.2543752905455873,0.9274863083056782,1.687976103622927,1.891039848056678,0.1999826747284773,-0.0588154031585085
45,-1.0610240535308062,0.7525992991862002,1.5186641263451914,1.355786381124633,-0.2000000087345421,0.1876109497488456
2,-0.0833878409167325,0.1847572615797053,1.8804105828192568,1.4025337906508453,-0.1999144873753777,0.133574411973783
9,-0.059252978742999,0.4973430064201196,2.0629170516475552,2.087270980601437,0.1999573907053821,-0.3568867829195831
25,-0.3851265574086927,1.8546803014276063,1.3028314570572714,1.5088285702781792,0.199693686424456,-0.2685942309867721
41,-0.8820000589136603,1.23412145757777,0.8498850549247603,1.0707636288709237,-0.1999999883900623,0.1640871808063594
3,-0.0478598368224935,0.1169666756136736,1.9612030247834067,1.2870100007080656,-0.0128102623792666,0.2335587009715475
32,-0.4728953204126946,1.7896472706999638,1.3409304360613366,0.8957151037568553,-0.0541329730432785,-0.5031388307792716
30,-0.4058208816655699,2.039879909788812,1.5444480749454836,1.1979048771686267,-0.2000000097250392,-0.4682680527595304
23,-0.3229221216368551,1.7525541741762036,1.3618692206826548,1.6185595956964185,0.1999729760192499,-0.1576333422069103
1,0.0297016306796478,0.1416816994840982,1.7244445028147632,1.4820118272111185,-0.1199739700753924,0.3884313376700984
12,-0.1634586156100909,0.7604495998541768,1.824149044351555,2.030860681851104,0.1999923485796326,-0.1870060251805545
7,0.0233465890567853,0.4337712132499038,2.252487269290958,1.9387179730988235,0.199912346892822,-0.1358088678425639
18,-0.3405661918809492,1.4855757695891572,1.5821379395809512,1.7698610537614952,0.1997244506038294,-0.2723489996089522
29,-0.3042635795333024,2.1001154270424864,1.1527014906194548,1.4170012181231193,0.1999669585559831,0.4214111802445697
6,0.0631077496012847,0.2255915771514148,2.2023278335717063,1.5567132757335238,0.1999733345277731,0.0696701968142067
35,-0.6782014749215746,1.527872891910758,0.9543610672142844,0.8959846525697983,-0.1999816028272633,-0.1249332955131989
0,-0.0999999999999998,0.1722222222222222,1.5707963267948966,1.5707963267948966,0.0400688559113371,0.0219498102015178
20,-0.3765437763865287,1.546389492569129,1.48756257730094,1.6512391800767967,0.0694553605058298,-0.0428037738182418
3,0.049984231963866,0.2428235091685553,2.057833985486303,1.3296073794993517,-0.0218032061479538,0.027707407745776
19,-0.3703025083744975,1.4378048078739412,1.5380798848953583,1.6758528043484655,0.1998549579275647,-0.0627174224014894
5,0.0140032923442788,0.2407996288280067,2.209612832465444,1.4341663234123292,0.1999462289853814,0.1842145903316342
12,-0.2057061917528022,0.7515741378082531,1.7197763259199004,1.908323817814212,0.1999916705775898,0.1076814194404944
45,-1.0248996891899271,0.817533117054202,1.3249370771458049,1.3624193206832949,-0.1999999910536604,0.0330317670403245
42,-0.9465059595828028,1.1080209733062216,0.7846163968232016,1.2309911796939597,-0.1060750242149394,0.4300374121285527
39,-0.7353045096190449,1.4242132059292756,0.9321958581593376,0.9432701118974026,-0.1999999946170705,0.103309225168609
24,-0.3383761189992606,1.8527751148768947,1.2742322395232062,1.4937667326274633,0.1999530821287662,-0.0269349013361592
46,-1.018222529289862,0.7852994891653231,1.32859988237289,1.3923642241471523,-0.0076558359695104,0.4974982476968388
2,0.0029119332216306,0.2477418067031038,1.86550580064324,1.3852347988899565,-0.187039660302917,0.102442049063523
2,0.054262037202428,0.1836623825161562,1.868502394357,1.4526519572789445,-0.1950152182764333,0.187610908112043
17,-0.3083257798697068,1.2276672908806,1.622720215439701,1.7938656907923398,0.1999778296149947,0.0187658016283381
37,-0.7605721859554087,1.466045150490659,0.8525768566744312,0.8414403468651644,-0.1999999972490548,-0.0783465334714503
13,-0.2788582554384798,0.8929391988517047,1.6831507767227034,1.862381859856128,0.1999216333406749,-0.0672051546222759
30,-0.3831401834632272,1.9717133217951253,1.375364371636186,1.283871939881264,0.0505269435703222,0.317014170737746
34,-0.5652375734411829,1.6335310860756782,1.0561391162362437,0.8787453260125138,0.2000000060556407,0.109500852016215
32,-0.407046091221624,1.8547450525157057,1.511703479164515,1.550318028649483,-0.2000000099437961,0.2222947501304268
5,0.0124327045257539,0.1408643322636375,2.287256577112947,1.4085935132837346,0.1999223597647051,0.0479743426655424
16,-0.3429707804541623,1.2137140655082153,1.6192488754775862,1.7457076501969162,0.1999834890657321,-0.1833660802980029
25,-0.371021042971988,1.8927421773313915,1.234588117399488,1.5097624260671088,0.1998763242107803,-0.1414454388217739
0,0.0555555555555556,0.2611111111111111,1.5707963267948966,1.5707963267948966,0.091965728629675,-0.1331491849660512
9,-0.0471359455423387,0.5006069269341165,2.0553187812354903,2.03961154207984,0.1999917134042342,-0.1141317946619577
32,-0.4113905472209618,1.887888977399684,1.4093508022513728,0.983105465760674,-0.1999999138234012,-0.5094667004225022
16,-0.3528255620400378,1.1020593233651663,1.61440704862145,1.7671943958342,0.1999847374903609,-0.1530982777233403
21,-0.3507279034275321,1.4699509797309214,1.5601927685227732,1.699338132349535,0.1997283779722541,-0.2275425526978244
2,0.0495582478404969,0.2409329629002455,1.91286034981278,1.3845485260949684,0.0452611988200078,0.1989499688164914
39,-0.8844950301412384,1.2349486234103937,0.8191552246597151,1.0574458964648223,-0.1999830398605327,0.1241275682806307
11,-0.1279665317927745,0.7209278579157001,2.0782654965904097,1.8760891560913373,0.1999771286323812,-0.3776696894141499
41,-0.9209416046438595,1.1579304513322592,0.8404108519342284,1.145921961038813,-0.1999999793379676,0.2806249647405845
4,-0.032805940804328,0.1102868002549815,2.1640627990153174,1.3879883086941576,0.0751253503465255,0.1876687509274531
23,-0.3732415070567045,1.660576330815466,1.3084113242024291,1.637729640434233,0.199951876462056,-0.1054626038473587
41,-0.9110511227883616,1.1951049535283065,0.6976344967868666,1.117831151822987,-0.1999999761661722,0.3869992452873492
46,-1.0130338465455102,0.8914561670411518,1.3359056782234229,1.3738145350122346,-0.2000000099965236,0.0461229872721836
0,-0.0111111111111109,0.1722222222222222,1.5707963267948966,1.5707963267948966,-0.1998382639615445,0.3791306568509087
42,-0.8679684688635132,1.2332288279852623,0.869335644939218,1.0065853494664996,-0.2000000098376206,-0.1193451642241026
6,-0.0321838999501868,0.4800029020446144,2.191341728964124,1.7233948129814416,0.1999477875699034,-0.0387053346820365
17,-0.3203992963605754,1.138423012040742,1.6173460567977769,1.7714626534390137,0.2000000099584648,-0.0350881066658465
8,0.1035266804216436,0.5356804195698548,2.0286846506085734,1.5591685775299735,0.0789638526851997,0.1584942509225907
15,-0.2145553640259326,1.057883147845306,1.7180779893229523,1.9834867046575269,0.1999935238220307,-0.0643818377459365
11,-0.1842218014078694,0.5841393867306839,1.841631987192903,2.0059573901866794,0.2000000099928779,-0.3127510865710239
15,-0.3221819286437519,1.0864370210163117,1.6333841374751668,1.7778353869449712,0.1999793109122323,-0.0685958967812154
29,-0.3558005872137364,2.0711492575462302,1.2433841983464102,1.340254717557098,-0.0363173899209883,0.3840950574532578
49,-1.0713107482581057,0.700818821175311,1.6577427285399775,1.2778071427078397,0.2000000078810373,1.010127026753667
24,-0.3808514411408982,1.7834786312145992,1.3474985035744051,1.5575456377447596,0.1999087572807446,-0.1475122915089124
0,-0.0777777777777776,0.2611111111111111,1.5707963267948966,1.5707963267948966,0.1999151556821059,-0.3097760448230235
37,-0.6598855169971214,1.6289357953876806,0.9375306340542178,0.9021341911772096,-0.2000000096561082,-0.2669640992431465
22,-0.3018823624418749,1.6895574896134653,1.5007173279908042,1.7191201771873117,0.1999603696256263,-0.3882505085875536
6,0.0635851804510656,0.4060743632781063,2.259792567291532,1.6174462680502022,0.1999316919154501,0.0893475745776291
3,0.0776348210109787,0.2845688845259357,1.5416903431203703,1.5784345791597287,-0.1997620457218199,0.2168394240585043
3,0.0778865997802008,0.4168449251131589,1.6096552285042147,1.5563645176970258,-0.1999133752530096,0.5386931595331227
4,0.0821612839102031,0.1454329875936028,2.161943049230848,1.433682457004274,0.1057023004090991,0.1190071665968104
9,-0.075451883351765,0.6273371404127567,2.14669390121964,1.958970780171305,0.192689121172806,-0.4333291484913354
12,-0.199846800857904,0.8505401243017418,1.7854484441366534,1.996702901871,0.1999007527695196,-0.1363978497818156
31,-0.4028950215843678,1.91028480096132,1.4072849164393286,1.2398817231804324,-0.1999999427656862,0.1613693995734475
6,-0.0480982328326557,0.4601369226121715,2.215303205945764,1.615457624451168,0.1998480870718139,-0.0306939086466954
4,0.03860480954867,0.0932420756040104,2.272472889223371,1.4637657105839108,0.1994289626015619,0.0917260142996901
24,-0.3995777337893382,1.777614015411944,1.3732721405711512,1.571326762441938,0.1994189373453197,-0.2397191828803569
20,-0.4061299805640761,1.4797069571316992,1.5144363428142409,1.654573557573825,0.199937094221918,0.1161958853790108
10,-0.1358477838193255,0.5056849002821893,1.8858819204058983,2.0241594018906626,0.2000000099546355,-0.2605333232071074
23,-0.400641787681496,1.7609777447516537,1.3823728347804884,1.5754137919063658,0.1993037769538222,-0.0682143493083612
9,-0.0991790772124785,0.505088294317452,1.6467521833863596,1.563252054277938,0.1999830456602002,0.4794719675195013
13,-0.0118903500736514,0.9727533544473812,2.0937699461963515,2.044613261235285,0.1999916326019248,-0.0648780342684317
13,-0.235230712961998,0.8288155671885491,1.7638295340028147,1.9751713916239413,0.1999906758616114,-0.1462574640085358
26,-0.3390062583900832,2.0457694984257264,1.213983868442268,1.3956897137551114,0.1955056224481307,0.2976302942691254
27,-0.329297544037605,2.0814749820498246,1.453889935363616,1.3053996544066728,-0.1999683790281117,-0.0195686643483078
17,-0.3166925295517153,1.3154641055707077,1.577110138782535,1.7115431280678877,0.1999697351522338,0.0889416083233703
2,-0.0075551841044598,0.0368697033232135,1.9534956673767905,1.257455949131954,-0.0184413512734866,0.1640826471859504
2,-0.009828368401034,0.0438402967189383,1.938649826423928,1.2479823913385195,-0.0186896461985269,0.1706882047651826
20,-0.3643115126759736,1.5704600362469685,1.4309436476715007,1.6871688993149971,0.036620537109051,0.0374470969678648
1,0.077748356284814,0.3095618497589875,1.56319967756537,1.5728984106838624,0.1714868363825006,-0.3210509838741484
13,-0.2380699535518137,0.8358590532779514,1.721195326094232,1.907621592224681,0.1999906003751486,-0.0917142096793512
22,-0.3787277753104409,1.6012087296512167,1.4706308181074004,1.6220150278083127,0.1159231157786983,-0.174836870256614
22,-0.3106957050450445,1.7447285612024053,1.4319653334703784,1.694667049963689,0.199956701738015,-0.2015074005465031
19,-0.3669926329514754,1.420559744946572,1.6104197080422915,1.6537425834948412,0.1915761395687356,-0.2323181996119956
22,-0.3799446447010949,1.680864162118262,1.4224521844324212,1.598629264372012,0.1340191616176367,-0.0711920848125372
23,-0.3875231358771895,1.7283786322937928,1.397713785120521,1.562219584512731,0.1993799119420025,-0.1108941407165574
2,0.052593695295455,0.1169401277430763,1.7424560757961611,1.4811099158616754,-0.199707495118304,0.3162625918697901
30,-0.3748194212584516,1.9948711107896948,1.4373777593162398,1.2609159936956589,-0.1999830472449986,0.174164848762202
14,-0.2812250546691858,0.9680921724482484,1.6825118559089045,1.847247495570012,0.1999746233922017,-0.0685547720069289
5,0.0105611223165867,0.161891404283721,2.2227809090043253,1.360604756111219,0.1998539738876668,0.0691651925935292
28,-0.3562352020783447,2.0444931460443705,1.382125859209571,1.2899128998792635,-0.0799456563014417,0.1591507875831795
38,-0.7846943265697709,1.3947429863173766,0.9423324988126264,0.9570669140235156,0.200000009438404,0.212881423863473
42,-0.956413603976066,1.0696905176825453,0.8930484997716288,1.2331868106791806,-0.1999999794940672,0.3534434017319442
46,-1.0479967342998475,0.8407799928197756,1.208324876674686,1.4553711154582183,-0.0349133987233495,0.5075305775338805
2,0.0183120404530679,0.0556171146832189,1.9171966920283177,1.3080947416623612,0.0424696615607085,0.2688285257389901
1,0.007022811555789,0.0577358840346216,1.7570168236878256,1.4654843591176216,-0.1999577999228382,0.3988949485998558
3,0.0776822827179986,0.2547022847113196,1.5252212705698351,1.5846560114786823,-0.0303908077251938,0.48190609593606
16,-0.3000586503011131,1.1592963717460325,1.606763375052486,1.7351923482566545,0.1999632992059946,0.0050761795844749
5,-0.0774937202074918,0.3895644329427504,1.599415679523025,1.5557010356451912,-0.0007562243944403,0.5229237541920128
9,-0.1213646059047994,0.5622086503238545,1.8717013982589528,2.0907944505914324,0.1999501039026366,-0.1226666252418604
0,-0.0555555555555554,0.3055555555555556,1.5707963267948966,1.5707963267948966,-0.0062601169718007,-0.1035855045848802
12,-0.239894607916476,0.9033895910651542,1.7346759783711772,1.90562445473016,0.1997382372187573,-0.1241805394815842
16,-0.338993505937378,1.2573892772897426,1.6416830355909209,1.7512716880125214,0.199973651941581,-0.2060237004562393
3,-0.0283118238110023,0.0492101629574343,2.029756144681249,1.2426044522550883,0.042848720574869,0.1668582835861764
20,-0.3424548883947402,1.48875253327589,1.4795489172127585,1.7484193124886087,0.1998589669188659,0.1119006344885057
5,0.0961566939031577,0.2130062065896316,1.61727075724881,1.5184493519899105,0.0125436762092008,0.4094518618372522
49,-1.0876925863823517,0.6221909046943993,1.758771836494771,1.014292355512369,0.2000000099724664,0.7035984831683804
15,-0.2842398553076647,1.0719956552196288,1.6883286322143416,1.84150507926858,0.1999869606535287,-0.0986551934392182
18,-0.2848867345421076,1.2404847264470809,1.688834955045257,1.9130540488831225,0.2000000099723396,-0.2889676368183579
23,-0.3310344480005379,1.7700698409447646,1.395551842698131,1.7241325094514774,0.1999181683433186,-0.2261302016582864
29,-0.3739357966398866,2.0778458544194365,1.4976643259313445,1.2557706194782243,-0.200000008466109,-0.3968738418930849
5,0.077403464051409,0.3194601106939698,1.5108748572554926,1.582015862993594,0.0178720214382071,0.6088341549265218
2,-0.0994236360823484,0.2875561894752394,1.6417327738043408,1.5565408497541942,0.1853575128630096,-0.139448750644189
2,-0.0598278198388161,0.1184232971988852,1.8046332458641867,1.4452065088097017,-0.1998848938912641,0.4170164961279689
19,-0.328469508592458,1.4513596528261066,1.5632106634464602,1.6785718776233265,0.1999879099074445,0.006050396063111
4,0.0570293713259409,0.344271456873763,2.1474503288653235,1.3826877706941394,0.1395555490407407,0.1611381513612028
1,-0.0154839391613768,0.0764747992655187,1.7603616552211294,1.461719070175851,-0.1998803157451021,0.3766978499326037
28,-0.3617148814149613,2.044679199873176,1.4146043444660048,1.2746016821368218,-0.1058982791363599,0.0169176775267257
20,-0.3780552460798034,1.528170375313742,1.491585244485412,1.6482296190052912,0.0673931511713209,-0.0431807920835112
30,-0.3926895459847626,1.9212107334351909,1.491481217616473,1.1709782079065745,-0.0674078929779255,0.2068794449975539
14,-0.2872857076324411,0.9247679241355804,1.6741089532759528,1.833578638315752,0.1999834008163098,-0.0627303799983274
32,-0.4610114056800892,1.8125185548980256,1.404076378548817,0.9324086566678644,-0.1873033712147017,-0.5502359709484407
14,-0.2483368644658798,0.937030419892605,1.6557854721930363,1.857553332625081,0.1999930914889652,0.1451542324082639
1,0.0780151713802888,0.3387743278391673,1.7024523327734808,1.529989025379951,0.194099064714475,-0.337812453697259
5,-0.0369809017227336,0.1896278916830618,2.140769519903932,1.3520227716759123,0.1798796350012368,0.1260887063451165
36,-0.601719428037301,1.6125404907275305,1.0142540308323245,0.9367451166301888,-0.1999999830725702,0.1087069838156375
12,-0.2177968166607255,0.941078382080076,1.7553172754731516,1.958519369997744,0.1999863802740434,-0.1146832255457239
2,0.0998911267749412,0.3579355062169006,1.5765726948764662,1.566161533981033,0.1316301535791738,-0.2565479815052122
31,-0.3903630474229776,1.9594918852721257,1.4584859209742884,1.232832478115375,-0.1999999359680107,0.1178762035746322
4,0.0044705935407009,0.206423072707516,2.130180054405008,1.3143792083838557,0.0053561574764565,0.110403290397955
29,-0.3622669146282823,2.054858906190866,1.397393881404076,1.287872467470498,-0.1158632855738903,0.0567969606825474
47,-1.010215078475863,0.884578210495003,1.050567084052835,1.3253982205777055,-0.200000009998574,0.4424950420773944
23,-0.3798471764798971,1.7622220944344429,1.364954357096229,1.5676319055415968,0.199638650233549,-0.0976115470756542
23,-0.346469206559836,1.7928245940107836,1.2876989925887925,1.5686346680014815,0.1999383868843223,-0.0196647878300506
18,-0.3173111950329024,1.2509183351382032,1.5911544422295432,1.686995709105295,0.2000000099717705,0.2260015243551383
4,-0.0773843787007625,0.4279713848606958,1.6136505036291222,1.5640382333685547,-0.0667811870877432,0.5284792802021981
23,-0.3752641590274919,1.8855574696680448,1.2418491403248648,1.527419026505637,0.0788955670377539,-0.1001679212351398
40,-0.9003405615307074,1.330509691534472,0.7622037390854697,1.0461008093009097,-0.2000000077830488,-0.1221588376758855
44,-1.032528220558259,0.9445349474306448,1.1024973998453955,1.394211503172049,-0.200000009591004,0.1382659246778074
23,-0.3870821750933763,1.7598205231417563,1.3910261700537545,1.5909840792155174,0.1153872510782873,-0.0869006634276326
7,0.082308046166702,0.3561708700412201,2.134387002455324,1.6337554752900605,0.1835431131245952,0.1518498651987894
31,-0.4156868736795449,1.8678140766240865,1.574588765331086,0.9903914971444672,-0.1966426411514813,-0.4673166585394989
19,-0.3732742183101297,1.4888099763535176,1.5080288360503058,1.6654990569790928,0.1998086282264832,-0.2156669834251264
16,-0.3066543911801938,1.2019104694893017,1.6527788201954705,1.8244226835592423,0.1999653320389868,-0.2494058495421515
44,-1.0046888909814409,0.9078467709582924,1.1059404807772977,1.3332244003480669,-0.199999980191747,0.0982145321075232
3,0.1009793029900056,0.3042987943167712,1.6881014174458129,1.5475654439893218,-0.1745866957387035,0.0771603520204442
18,-0.3608629407876789,1.3565799500503952,1.601985991993223,1.717374812910055,0.1995253349656343,-0.2282044651356953
47,-1.0306595410377433,0.7220608636556474,1.4289468052473406,1.359069819048087,-0.1350818156229422,0.6537470538230872
39,-0.8467312146678191,1.3839497384644488,0.6601850334875725,0.98519666256021,-0.1999998946656905,-0.0442393476741754
48,-1.0566107687532804,0.7054598056937067,1.5681660039049166,1.2093703273317755,-0.2000000099618201,0.3829164820660522
26,-0.3840205054328572,1.942694314710731,1.2653385820474965,1.4896940281740023,0.1336396206088158,-0.2575655747189288
13,-0.141573702517262,0.8724396940065806,1.854395039331583,2.07674055525837,0.1999612218755463,-0.1874560848867689
4,0.1103155190839585,0.2349943479939381,1.4770738825657874,1.6875412400794103,-0.1377049331643485,0.5440936604772952
40,-0.8304450376874857,1.373101453979932,0.7594998087031635,0.9188851576011586,-0.2000000091140375,-0.2120614305264507
16,-0.3029873860556874,1.058345190056594,1.6398254233088831,1.8034387830593197,0.2000000099462228,-0.075930469921025
30,-0.3878616425849173,1.987091357372177,1.4578227969494204,1.218084330211899,-0.199966580560527,0.093214163662902
16,-0.2304446565977686,1.072013243537726,1.715466740601931,1.970506139928283,0.2000000099941295,-0.2273057947434409
35,-0.6674224861240022,1.566328044615351,0.8935892617849697,0.8887443624755648,-0.1999875274438921,-0.0360155932750605
16,-0.2095740248202907,1.1381631820045637,1.7988587185163316,1.933365980110876,0.2000000099455511,-0.2884435757861096
39,-0.8172938010560029,1.3307307691957837,0.8282522140678505,0.9146271424871352,-0.2000000022673091,0.0159318497722537
35,-0.6207079893754303,1.581958709497442,0.956425660350595,0.9045489022652712,-0.1999887035985403,0.0636185043921908
15,-0.3274164532897458,1.0898159888748136,1.633042641976152,1.7754838926197969,0.1999534045946516,-0.1261515863462327
24,-0.3696326201187737,1.8086321385156408,1.2765647508030806,1.5210812555783764,0.1999611559990808,-0.0333383421145789
39,-0.8360960723607659,1.3092007322936798,0.753527415045772,0.9381974206216852,-0.2000000095229704,0.0996254437589982
9,-0.0829711708080778,0.4838872676780137,2.0046995813634734,2.098800343800428,0.1999706901791461,-0.3028099746849614
29,-0.3421071171801577,2.001994539379756,1.4046724150565009,1.2473038326015928,-0.1999837928604821,0.1650111939590731
20,-0.2870216527182432,1.5871953240700714,1.6239395449545722,1.8706850639541088,0.0282059616381378,-0.1172067320372338
27,-0.3092921229554877,2.077690414646965,1.2348322617497782,1.347749919061603,0.1999474170428042,0.3992645943107874
49,-1.0631788409979366,0.7369527924072108,2.3111862699177603,1.1367773777304129,0.2000000099929878,0.4636877871308627
14,-0.281302796427754,0.9529148772035936,1.67888214165834,1.849422042787074,0.1999756045203687,-0.0638690330257723
43,-1.0094393750166517,1.0265505248650186,0.9965049820628504,1.3234812305033143,-0.2000000057511592,0.0233126669586335
6,-0.0281749052546633,0.299680769757026,2.2311611930516104,1.6474771920100904,0.1999533429052279,0.0059192567664504
4,-0.0570444492006865,0.0994097771707726,2.08684712002543,1.3694630178844365,0.1038076760919931,0.2246773195070268
10,-0.095311856353147,0.6053926547745315,1.915926934280668,2.061154394532365,0.1999884704262336,-0.0355341266527765
0,0.0333333333333334,0.1722222222222222,1.5707963267948966,1.5707963267948966,-0.1999191914261852,0.4067251853888183
47,-1.044530245700411,0.8581190273622531,1.17938390473393,1.4563971401333935,-0.2000000088450642,0.3632389541545673
1,0.0309442754867221,0.1040511982920422,1.7316578040507178,1.490433417676033,-0.0897351881103998,0.4158719926162487
23,-0.336385939733922,1.782878533580749,1.3225696953621249,1.5446612744157169,0.1999690490320587,-0.1013178819105671
39,-0.839411934397699,1.3140353992181757,0.9033490365132504,0.9945368733264116,-0.1999999161921355,-0.166108781409766
8,-0.047803510483337,0.3415093248613293,2.2056326224145035,1.5149083379390471,0.2000000099933521,-0.4175702673427276
12,-0.2168108426679532,0.7041763191538601,1.7788309241321425,2.035739405686974,0.2000000099452948,-0.2849333989515922
13,-0.0434126074433725,0.8516800081268027,2.0194439935174326,2.0625224506860365,0.200000009993758,-0.0249087182294933
34,-0.5784508191424794,1.6391903329814852,1.0259894179787974,0.8913381420602519,0.0885510156756686,-0.1585764554622365
40,-0.9561176556399866,1.2198225321773155,0.5639677826389138,1.0726921446508595,-0.2000000079864112,-0.0666509843782424
33,-0.5141136120226732,1.7517497196844471,1.1918206922695749,0.8964325127473203,-0.1999890873435175,-0.3022471872463369
1,0.100467624995452,0.1805972519927431,1.6757597411659102,1.5426681986647477,0.1997033311156918,-0.308838629580851
36,-0.6137666848627206,1.6543605347455386,0.9292225326087812,0.8033023607541416,-0.1208732936030276,-0.2435200758785836
38,-0.7869087703906987,1.3822797021957662,0.8321322175350527,0.8890416789191944,-0.2000000091655058,0.0883376833572199
47,-1.0501916104720252,0.799658940767435,1.3332254822042326,1.4086224418170716,-0.2000000099070154,0.2591304731302811
2,-0.1018010312098663,0.3140089548269101,1.4113248224046568,1.5812042072884642,0.0585537055503461,-0.112075278807392
23,-0.3672827421751547,1.7406065541633489,1.3764335089447912,1.5769783644866415,0.1997466787127808,-0.1488392511361603
23,-0.3913390183061723,1.6977638313880117,1.3968808698144295,1.5763596003161462,0.1567356405455636,-0.1262024891969038
43,-0.9906165896066124,1.1394451985532623,0.8157841573145728,1.24716432760868,-0.2000000099424407,0.1505385637006817
49,-1.0923026281902968,0.6377417683097737,1.7744311868822755,0.9455194249855268,0.2000000099679905,0.639121037577757
30,-0.368335645244119,1.9958599875417729,1.4956385010192152,1.2029404800674917,-0.1999702537409698,0.0452554358834153
1,0.0777278383773678,0.367018203832996,1.561609604456697,1.5730913161645963,0.1453251930240558,-0.3029516942788531
10,-0.1049565597371959,0.578089933827687,1.905651138224874,2.060998089759326,0.1999735789052789,-0.0568868505181172
36,-0.6724621122095067,1.5533027412091087,0.948377199392794,0.9219179702265554,-0.1999999192219962,-0.1949882223083763
25,-0.3815151117352223,1.8652082340006308,1.2602560530093054,1.5321927008922842,0.1997709073825052,-0.221736882882542
34,-0.6062398384715364,1.5969933097278992,1.0014726082470755,0.8678020131984944,0.2000000094187343,-0.0891509261335196
21,-0.3735330661712372,1.7976324746533172,1.3017660352077822,1.5359167427429006,0.1263447011996148,0.0751617428054822
33,-0.5161856600522033,1.7408704486099729,1.0822844104061478,0.9249297855180396,-0.1999819784100097,-0.0127566666114323
23,-0.3654595863618276,1.7677660658087757,1.2765547398683736,1.5410947991987658,0.1999361931622814,-0.0290772462369616
2,-0.0139388486137906,0.1315814937678981,1.9296033484242816,1.4171427969258346,-0.1992178140344445,0.1752340427412201
27,-0.352670644963416,2.154565607433567,1.2877794029798846,1.363243156672468,-0.2000000086496796,-0.1018592809981518
5,-0.0109381487512031,0.2367174208748126,2.1800425658610205,1.4122737782973855,0.1999389483343865,0.2064072490309988
30,-0.3136652833248888,2.0528877565518937,1.478777983286653,1.1649291087806126,-0.1999998772094458,-0.0054942730325833
14,-0.2797423852869413,0.9387309941692584,1.6598248153151447,1.849695592350231,0.1999799163176647,-0.0529005672046092
46,-1.0432786463007846,0.7216393693424688,1.4862487038422385,1.3271260601731236,0.2000000087622527,0.1171331976470604
34,-0.5330725928063497,1.721258737273894,1.2224586522814374,0.9303601587532124,-0.1999999912380448,-0.4192903999695183
25,-0.3424984023195401,1.935309233985031,1.1433730843153338,1.46969902195445,0.1999629112273159,0.2411144348769266
36,-0.7022843323596064,1.4987239369689516,0.9429630796101433,0.8864875765241326,-0.1999874057304569,-0.0792135630443259
6,0.1035525608770506,0.2966482035548458,1.995899279662643,1.4835437130007116,0.1999088002394606,0.3479514520722455
26,-0.3294212961425171,2.001877706569628,1.1673958348718028,1.3929611785953715,0.1999352604099932,0.4019996985321293
30,-0.3818295952755318,2.0380351487548323,1.5375552857902388,1.1911594766678708,-0.1999872474634976,-0.2390378742610348
43,-1.0045982930834052,0.9156044565568364,1.134004222715122,1.409423825750501,-0.0168524020672183,0.4134594738127859
25,-0.3520924058915741,1.9461607901740463,1.2735123790257137,1.411163179865253,0.1999168699073259,-0.0524490370173434
36,-0.6220811705852006,1.5864373906157476,0.9997214591738324,0.8810156125490086,-0.0017083321539477,-0.1345023943551579
37,-0.7705105983554592,1.435578716466787,0.8866435537683857,0.8648492420982123,-0.1999999604078197,-0.1941271638425656
17,-0.2700351804480087,1.266115118064352,1.6480293291515955,1.875455055251032,0.1999920957918828,0.0641098398713617
48,-1.0591404889513425,0.6729847318760657,1.6098505831241177,1.234646592201791,-0.2000000099484706,0.3001897203765918
25,-0.3403337376004408,1.93037734564316,1.1430147300150733,1.469171923297187,0.1999847503239137,0.2419798563684261
38,-0.8212411292343756,1.4303950968763612,0.7232481027629714,0.867484838100854,-0.2000000098861772,-0.1435828659685484
45,-1.039706357629692,0.7460393768158906,1.326600389564335,1.37036020344744,-0.1819703334628147,0.4153549503980698
47,-1.00287964410999,0.9578702199172258,0.9868710992061414,1.4898007817230474,-0.2000000099382273,0.5057546385653806
47,-1.0210285669080563,0.8431693372972728,1.1561202193286757,1.3408570217441995,-0.2000000099820045,0.3703051729783401
18,-0.3422459975118854,1.4008178615074425,1.5991764749076705,1.7442483098107402,0.1987508235359149,-0.1991757838829633
6,0.005671078710388,0.2182626854256122,2.2904503727939467,1.7927709802040055,0.199967946840711,-0.1166125647126381
45,-1.0341995958335923,0.8753619702612455,1.0735436799612383,1.3362763051209678,0.0317331480893401,0.0981187154358911
46,-1.015739076737969,0.7997272320677491,1.3060425827887396,1.396104604355234,-0.0651497676504247,0.524379297716563
7,0.0833215445641443,0.3607671023464737,2.256707931553141,1.7974670880758774,0.1999669586429689,0.054040673547391
32,-0.4141444760586946,1.8367587245971173,1.5172148766603808,1.545208089498163,-0.2000000098896653,0.2263344510800295
37,-0.7586559696029772,1.466893870412156,0.96503808022413,0.8186344722774945,0.1336175813367462,-0.3239825017931462
3,-0.002023513143288,0.0391296848891002,2.03113287786511,1.2801920107332023,0.0533291420469918,0.2659267234566925
11,0.0165993292864219,0.599853357631547,2.156866385662232,2.018893971555602,0.200000009997013,-0.4026264236825985
7,0.0612996036068692,0.28609502249843,2.2468106086042265,1.6079064543475583,0.2000000099574303,-0.4305919973814908
35,-0.5940488058144855,1.6095126275060427,0.9472313034762488,0.9291262722502172,-0.1999999203424542,0.1087522596316895
10,-0.0278985057113259,0.6226246895952897,2.1357763669925784,2.096726156930032,0.199983199317949,-0.3816911824623124
46,-1.0593074928675208,0.7646248336450538,1.5011130283263068,1.3730186828613398,-0.2000000092874183,0.1062903055830599
20,-0.3123998569493217,1.459179021434288,1.5305112535741667,1.7345551447872392,0.200000009650522,-0.5983037481980036
2,0.1023518862029479,0.1931748095762729,1.8212580243733267,1.5271686283372186,0.199850818775164,-0.3180393070486174
22,-0.3850700914531697,1.6355262660547396,1.446376052745853,1.5974550483158734,0.1999520026861198,-0.0481515052580694
5,0.0296408500762726,0.1169450483244642,2.224435661980186,1.3252660176053517,0.1999813317126885,0.058495602800252
28,-0.2945490456811013,2.1365236201054056,1.4191246489670617,1.278656930646525,-0.1999605845681024,0.1944957585270251
10,-0.1043429029390533,0.5713780977452857,1.9098759814805928,2.0771814718146944,0.1999748082644926,-0.0996340376271343
17,-0.3478829327657819,1.2017614685994822,1.6438474814083914,1.7520898549968345,0.1999952596050946,-0.1324410326878304
22,-0.3861899873811679,1.6885024474253,1.394023542353187,1.5841454504588668,0.0589895405776378,-0.1030393601630777
22,-0.3835036249036987,1.7273636536404715,1.3701047720995287,1.5662149805011605,0.1405558748819466,-0.014904030589851
30,-0.3718415534089839,2.123037424698727,1.2682260098543503,1.3801196760693886,-0.2000000098097569,0.1391758715156661
21,-0.3397899848514242,1.663204442611272,1.4079658289212107,1.62748026712851,0.1998602916376741,-0.2291890893986869
11,-0.1329551191748568,0.6602954070214929,1.8731332860629508,2.045657657370619,0.1999822307083024,-0.1305080880624485
27,-0.2819995421549947,2.1672017043957563,1.2605558979001383,1.3238079839495358,-0.0776149547199362,0.3550527424038598
29,-0.3632002062787902,2.0433551843115145,1.4124313938107829,1.272617055306327,-0.0826287073466077,0.1173716308634128
18,-0.3508417899447785,1.33146969287061,1.620659553595603,1.6891389100128134,0.1996540461988038,-0.2138126758824734
22,-0.319912906035056,1.5651246613759926,1.5410526944932084,1.79579939176303,0.1999861907276009,-0.2680707807434728
13,-0.2578142770197085,0.7933408787419919,1.7342221225288252,1.9691499785396696,0.2000000099719492,-0.2655909852554552
12,-0.200695164301627,0.7294933086254591,1.769531604894672,1.9804438056863165,0.1999711081108123,-0.1339615818292028
6,-0.0053405628194234,0.199902501136395,2.294793319949184,1.5563449913919425,0.1999723778452115,-0.0817805718436073
1,-0.0999212052919522,0.3431662532763339,1.6036946224656443,1.5609347621610885,-0.1997991204316197,0.3057904527187963
48,-1.0450968852389295,0.8257967148434515,1.1229837062445025,1.3473318228624127,-0.2000000099962951,0.7766152777303317
6,-0.0062936281360594,0.2973705192679163,2.213984695323978,1.5697668742695998,0.1999520163916553,0.0964525161049941
25,-0.3823547475805421,1.8283027737265487,1.3157235058632235,1.5279689882815992,0.1999728662308216,-0.2607196984926055
28,-0.3959300507149179,2.0519018496324963,1.537312482544456,1.213668654194213,-0.2000000091569123,-0.4695164479999759
5,-0.0774344303398915,0.3454692979081286,1.6232112097230296,1.55723055621452,0.1007089024422947,0.511262603005946
35,-0.6001558830035815,1.6033164529260204,1.0056121880796294,0.8686771422261601,0.2000000092266966,-0.1089524070427356
15,-0.272491585230374,1.027547339750538,1.6288803304221968,1.8068610944222527,0.1999906572676414,0.170625480557584
49,-1.0790146435532229,0.6832383035752305,1.9799388806012013,1.1337357869489244,0.2000000098383314,0.463687781798609
19,-0.3723239960734717,1.4342574686008576,1.5208420241859295,1.67256515523197,0.199923705767167,-0.1712514740609357
22,-0.352080969528086,1.6057632318990156,1.425005612024341,1.5791702744251317,0.199978915344888,-0.0951258275956272
12,-0.2275180443262722,0.8087468470602155,1.741168395676885,1.9303619721281728,0.1999669446718207,-0.1290038671146198
2,-0.0563969548796863,0.2892938799118953,1.7642980153348784,1.4949840094917746,-0.1826042957035979,0.4053881823740627
3,-0.1021804356782845,0.3462866951413183,1.3420580039408545,1.5554802348771877,-0.1998482837345321,0.3200466486378167
17,-0.3542407144750723,1.260587862577427,1.5871738669197628,1.6845976512525775,0.1999710030106431,0.0756779810406678
29,-0.3527909124483891,1.9746160368559968,1.468850796171699,1.0549528732986628,-0.0440899921053997,-0.0831449003136098
3,0.0791484167848104,0.4202577989419375,1.869054758050714,1.4907949741056543,-0.1999699100532376,0.1947979145258404
47,-1.0550293443645011,0.8255564272352724,1.3283932218935828,1.413013216425533,-0.2000000099702925,0.249098613422622
33,-0.487986682998787,1.7659004649853318,1.2236285778370242,0.947788739696357,-0.1999992957956962,-0.2269202806958405
25,-0.3358256303842115,1.951089090027868,1.20717199991015,1.427536334473174,0.1999624655112703,0.162973872051767
2,-0.0331160154835491,0.3534120971555894,1.9215316782381875,1.4523784897117993,-0.0359397104229291,0.1505422148918958
38,-0.728844148393726,1.43365492477417,0.9341934333231788,0.9505686287891884,-0.1999999855536106,0.1326283883380291
13,-0.2570237379439161,1.0269544752084832,1.7324284939703087,1.926206649847548,0.1999718676022875,-0.4209767399767047
13,-0.2871903204672106,0.8663516929481875,1.6591838797702814,1.8273112682948045,0.1999648713889635,-0.0762959260559356
21,-0.4091212600516385,1.579393494508755,1.4976292374220233,1.6085793596966502,0.1149296355313952,-0.0778685479522123
37,-0.6547281920320831,1.5285612161451936,0.9181257980552058,0.8694522013593895,-0.2000000075078474,0.0169877318461449
7,-0.0503455327135697,0.350820550902274,2.182817773022924,1.8654627061521656,0.1999402261774436,-0.1885557302933571
16,-0.3393125112751604,1.1152999110122543,1.6317264484849314,1.80445070422331,0.1999738726595995,-0.1752646249572945
48,-1.0328811327895309,0.7442350496939464,2.399190374710832,1.2206125623883175,-0.2000000099541401,-0.1456600766077635
31,-0.3991361798785522,1.92386154487914,1.4008437088367085,1.2453569791570431,-0.1999998937511676,0.1746211426343912
23,-0.3859280928775425,1.7425022384087303,1.3876757892456393,1.5658459904472284,0.1247721410259514,-0.3115091660285923
30,-0.4080773024397136,1.840162513561333,1.50751863891748,1.558253026888333,-0.1823902057652736,0.3385045154000037
6,0.0371795128708146,0.2095399394236639,2.2445991645243506,1.6920318518638595,0.1999712277706873,-0.0200128528184824
11,-0.1386243395498333,0.6751714294013461,1.8100782195713856,2.0314909759262867,0.1999782885341463,0.047964971899798
23,-0.3711804829406415,1.8005886329136154,1.422888540723596,1.6613371355580264,0.1239979068065418,-0.2628166754303007
21,-0.3847979566257971,1.588527060292927,1.4694873439755778,1.613874983013503,0.0191630512048213,-0.0350901069662354
48,-1.0450131224648942,0.7271855999566668,1.606145607072039,1.2555126774138572,-0.2000000099659067,0.3017819187184596
28,-0.3869678371265275,1.9480076886440685,1.5147910947587828,1.1627663866786986,0.0605292873482415,0.0632853448542315
12,-0.150345054653429,0.715327773553276,1.845086433985505,2.0176209951717845,0.2000000099933037,-0.1142677535687138
18,-0.3678512315828849,1.3594907268412395,1.552471120902572,1.6872559993069347,0.1998583024145327,-0.0393695550421081
33,-0.5190044431433911,1.7502054710554296,1.2064061395837462,0.9180448842879836,-0.1998142597687441,-0.1573450651042437
10,-0.1517328170488524,0.631113593762983,1.848915868499552,2.0126905069049243,0.1999468085146099,-0.1135630149063698
28,-0.3903741146089346,2.088830055471189,1.2610813389208655,1.3961038128298775,-0.1190110841742166,0.1601548845191464
25,-0.3272414873787442,2.019546525942947,1.1899471255627017,1.3765407269026912,0.1565368265864049,0.3839149250764454
43,-1.0007260470826598,0.8896297113492375,1.128705301382814,1.4023450297494795,0.117093414811377,0.4552991135587484
26,-0.3276558737949026,2.0599312055910146,1.2779864537224483,1.363275184001714,0.0667039681765603,0.3612100619120973
25,-0.3421486744746991,1.9137982436691483,1.1615796769645552,1.4769069561428136,0.1999740850237089,0.1415201219037418
19,-0.381274450874809,1.524086702849763,1.5199372871455292,1.6943227200997648,0.1998904627944149,-0.1892611804707762
17,-0.3364451821699882,1.2601705659551563,1.5817500075080029,1.730557101892494,0.1999719113753431,0.0907045065367752
7,-0.0754577030665677,0.2638228314119257,2.1499842974033694,1.6881605872228262,0.1999572469129581,-0.0599764611148738
43,-1.0090780164590174,0.8929758463050068,1.1530562268375166,1.407091545353747,-0.0229501393054124,0.409968624828724
19,-0.3729704392596952,1.4600145065171093,1.475450278851061,1.6641735681919805,0.1998398683087721,-0.1692594609749695
25,-0.3781013879447615,1.8511302932347613,1.2987963567164282,1.5241910514818204,0.199946563751703,-0.2581138135363096
2,0.0773764956725377,0.3569320390142623,1.627650179961,1.5463916010136975,-0.123467662415941,0.582365341738995
15,-0.2716071549969563,1.0913403767711145,1.707783551016126,1.900034436361232,0.1999769355930478,-0.1213188813696748
31,-0.3864009696085155,1.9643429738154448,1.3738131980088095,1.2792531437118373,-0.1999999638600773,0.2333765799200838
10,-0.1277857362698191,0.600179750927109,1.8705041021721711,2.0746965902793093,0.1999666419191091,-0.1478674552590529
15,-0.2325215162330627,1.106097739180882,1.7308646524932725,1.956840062005364,0.1999724154632033,-0.1275264752886343
4,-0.0127211648575698,0.0872324217452068,2.168095440664564,1.372764403145631,0.1482454704446811,0.1538420714834286
25,-0.3375015406786893,1.9393392745765696,1.2186088460173945,1.4779813794813896,0.1999717841013034,-0.038240702502053
5,0.0140395990528113,0.1381734230014125,2.1944923187282424,1.450940261286633,0.1999692021451062,0.1366003128375688
24,-0.3497577937537273,2.0278761960758698,1.2113751816239695,1.3930718799625703,0.177242994018999,0.1774930784757307
5,0.0170875081897325,0.1445787624472141,2.284906276562486,1.58270104918483,0.1999643663187546,0.0561104158989651
6,-0.1071098038801432,0.1826447737854693,1.9618110256877284,1.3586982939517276,0.1999620434131168,0.2539546261922992
2,0.0562854642569077,0.268118731358802,1.601920116397145,1.5667866666163657,-0.1082744620792546,0.4809312019917403
35,-0.6442429790387242,1.5915660694363098,0.9710138257442888,0.8695610083798924,-0.1999872544557584,-0.1065342835774871
8,-0.013865120461583,0.3982655483248646,2.2003794322398047,1.878599135044144,0.1999773959451525,-0.114627241279862
11,-0.1686085793082271,0.7359422047248498,1.8486280860987048,2.0112613391880245,0.1997914744192155,-0.3081661337890568
7,-0.0052775476899802,0.2293106225383168,2.3865875835206847,1.676271576569717,0.2000000099936956,-0.5942627181808668
21,-0.3470603221214476,1.547310249224466,1.4545032093909125,1.6233008532042628,0.1999391210950668,-0.0595297145509836
9,-0.0769062307181443,0.446386803412847,1.6469901176777224,1.5532200784131454,0.2000000099563932,0.5233590343641816
13,-0.2530916131606318,0.8351644520548126,1.7388530495252947,1.9461941775019047,0.1999791732300306,-0.1048680934340033
47,-1.0692694274828085,0.7143711376600542,1.499992256113563,1.344852317240205,-0.1106074468774427,0.1776787319796033
37,-0.7518756532685629,1.5254155884904927,0.8848738754775862,0.8884618022270505,-0.1999999855334759,-0.310777154358914
13,-0.1957120034896269,0.7965313124624711,1.7771513360228877,1.9894446752121155,0.2000000099604505,-0.2193913390403268
8,-0.036773212028177,0.3698313519581114,2.2417250173774104,1.7746494049359418,0.1999917251615715,-0.1825599207194434
26,-0.3303805435435641,1.995067954540372,1.1495055119183402,1.4057844699077569,0.1999781110671525,0.4055518891013954
21,-0.3845676913028477,1.5712332860095826,1.463537455597196,1.6285983830288444,0.1998502498435581,0.0681947534989869
38,-0.797197632504296,1.4146975949255407,0.8516727678583247,0.8840475885633676,-0.1943003471747269,-0.3084012591843895
44,-0.9783696571715312,1.0026574423170684,0.8677910762515406,1.2530617627393896,-0.2000000087200402,0.1743867685107328
24,-0.4158744837411408,1.770553016787564,1.3794066170838215,1.57493331592613,0.1998811853052098,-0.1758952369617471
29,-0.3652260642260753,2.034425756221221,1.4178153472698332,1.2581565987274708,-0.045617180976141,0.113531412733959
49,-1.084081274715074,0.6679093568194313,1.4717764231052737,1.2583435912036112,0.1679360613177091,1.0778452019357914
46,-1.055836167277509,0.79684431999296,1.4333836744215829,1.3924932543432431,-0.2000000090124416,0.2785950061762072
3,0.0521971444902625,0.2880330316047279,2.042022884884153,1.3596885177089872,0.0503227648353372,0.2081868382883202
24,-0.3807064884662261,1.7942973352968117,1.3376127938416342,1.5501347831775074,0.199896512103616,-0.1241530888530855
22,-0.3982872864794954,1.7471590062931697,1.4925968880441527,1.5950851968622064,0.2000000078964768,-0.2769335457123192
10,-0.1641114446446428,0.5374206191505987,1.8382264100943453,1.974590749301284,0.1999858792219357,-0.0894598205700306
3,-0.028439295046006,0.0821842645195115,1.9990971917894225,1.2421886385729015,0.1999632650015792,0.2842455370835961
32,-0.4150481049312317,1.8251276122697244,1.5135397920992713,1.5529369716424968,-0.1075388473908253,0.2352475813667844
25,-0.3414736820462736,2.023346631403085,1.2081876872968365,1.4337351951741046,0.1999374189644382,0.111792830222249
3,0.0539966544852876,0.1378965219457447,1.7326786565270762,1.4981211666254852,0.1256300324494119,0.5413800061494155
1,0.1005552064951997,0.3785227164103719,1.7024810473111014,1.534907474933281,0.1682698327092836,-0.4569693299622293
26,-0.3849538485994492,1.8712445694790647,1.222935696193252,1.5211358142905227,0.1999865514437414,-0.1546990007223285
33,-0.5287133605006396,1.725780455668817,1.2249205681171755,0.9316867824392404,-0.1999730733577866,-0.1967497845947583
1,-0.0331619593687903,0.1985770347120738,1.6147965724256377,1.5586295382165158,-0.1998615665253237,0.3370838229064174
2,0.0260768814840996,0.0351456641460091,1.9447117893136208,1.3645136877069814,-0.1178372719226758,0.2451321074132981
2,0.0263724152504777,0.0864127364406263,1.8164666006949288,1.4170478978041694,0.0546768926787583,0.3858910765460854
45,-1.0053906039072915,0.8601796316328038,1.1728627952423434,1.405446541655767,0.1046684653135148,0.3939182757324316
30,-0.3989122373687089,2.0280315244169778,1.560737625756536,1.1610285824085835,-0.1999887475091552,-0.4001924649379851
0,0.1000000000000001,0.2166666666666666,1.5707963267948966,1.5707963267948966,-0.1999327861242988,0.0383678522795985
26,-0.341875227009837,2.0367193313873084,1.2421712289592746,1.376898562312571,0.1493894190284291,0.3244448986053383
7,-0.0178255234165707,0.2979881227603748,2.218709305920873,1.79665765176115,0.199961933972447,-0.0897857251806121
5,0.0613466696017082,0.1291490216654163,2.193120949962412,1.4740604241978768,0.1999936549859098,0.1598157297521797
14,-0.253349217966493,0.8569641780949181,1.6688714000072815,1.8502557274604376,0.2000000099942603,0.1209262008470434
4,0.0205601758000932,0.1776463545103552,2.06048753956822,1.2636114818933295,0.0496250976431593,0.2078467575484066
7,-0.0003048206142754,0.3217667564670022,2.25976318041658,1.9583366377813745,0.1999679314587952,-0.2440701063050921
22,-0.2915164828278876,1.7164394225160458,1.4217528189208846,1.6958902145313928,0.1999833433489403,-0.1811441786779454
24,-0.3793745228022356,1.8718149451693853,1.286962498971496,1.4988943082212478,0.0834970762138611,-0.1708670447830689
28,-0.3632444803254273,2.04507629551044,1.4095172370460372,1.2753645281631425,-0.0928847794308398,0.0066656224023832
6,0.0554025609953243,0.2887021249417665,1.5653705960747342,1.5703168224755215,0.1841467387718794,0.642344301695661
8,-0.0682584940102872,0.5420603724251976,2.1918041388641774,1.8531124127948595,0.1998758461922808,-0.3143163547834329
8,-0.0525757618734049,0.3795444073291762,2.117831141748701,1.943525035533468,0.1999807379411664,-0.1621660684205591
7,-0.1085781395385794,0.3737696512415659,2.134799011766799,1.2858819283180238,0.199642090158647,0.1562332782011952
0,0.0111111111111112,0.15,1.5707963267948966,1.5707963267948966,-0.1998419802877769,0.3802298303769299
44,-0.9589428883598186,1.036581511672901,0.9923194020679484,1.250261321628554,-0.2000000099584312,0.2676891807099285
0,0.1000000000000001,0.1944444444444444,1.5707963267948966,1.5707963267948966,0.1985157296788187,-0.2420414008807337
12,-0.2049780379560625,0.8695826405699444,1.7673545303430895,2.003440847956376,0.1999813587063496,-0.2534790229006164
48,-1.0523082925768728,0.7195726007157458,1.6252839087986932,1.1974802258954764,-0.2000000099596233,0.302815219959332
41,-0.9451452901450136,1.1161921542917306,0.899191536737856,1.1593869655573974,-0.1999995765797239,-0.0774325491204424
4,0.0994306366135577,0.191589957049902,1.8180743987348416,1.4793566339308193,-0.0174329799772184,0.1849007476039744
3,0.0996766176285891,0.4091692789037418,1.54527818138269,1.5719324322196593,0.0882922510903095,0.5863889637300368
5,-0.0510278778262097,0.1101253316692972,2.1713218400862555,1.4779539897821057,0.1998296509507562,0.1067848219936109
24,-0.3866693634086411,1.8925583009649185,1.2996545853700976,1.5197449901302291,-0.0369381627018172,-0.2119649229344614
29,-0.3588493902892931,2.109409306470351,1.4264573651042325,1.2965339373223153,-0.2000000093889223,-0.305690459949186
40,-0.8383117560765668,1.3077267183875665,0.8428898258742432,1.022727489670897,-0.1999999917674846,0.1937725635008201
7,0.0994978808219411,0.3396441404401277,1.5081981579449515,1.5798204091011503,0.200000009952191,0.6560019918046635
38,-0.6762669645764593,1.5032286007600228,0.9852760220554212,0.9426676451044008,-0.1999999964555629,0.1120305334127542
49,-1.0455390996695355,0.6738387938573045,1.8490225012090544,1.142206678960063,0.2000000092237324,0.5729374981759151
28,-0.3327584861599805,2.072611721614625,1.452788227368322,1.2764639034070766,-0.1325775292850533,0.0955837238726239
13,-0.278516567243381,0.8715079543674534,1.6861846084382872,1.857330157401572,0.1999802094602139,-0.069291457116125
32,-0.3962954691867628,1.9077694352916887,1.4311458962645869,0.9799786070973382,-0.1999999097889823,-0.5241473419450742
32,-0.4527040518051469,1.8172998835856429,1.4349507026732802,0.9456805056393596,-0.1806168218646862,-0.5595710478069182
24,-0.3932875353980356,1.852059591609161,1.4921560707178454,1.5695881708190838,-0.1874281005641516,0.5044254060305352
6,-0.0489825681258651,0.2473372197139528,2.239033495136772,1.649702227464913,0.1999824117829608,-0.0856258167681091
20,-0.4028083210628746,1.4997615454805826,1.507808887460504,1.6379016993761473,0.0863051671860446,-0.0405962361713349
4,-0.0398157597826421,0.0517823736259224,2.1304366598513464,1.3157863608290994,0.1972997277464554,0.1839984803025714
12,-0.1144896405476824,0.8168711540346983,1.865233496823583,2.0617168022340566,0.1999834757905032,-0.0039882001197184
23,-0.3528360653925295,1.7638972798754338,1.3191660727050645,1.5296258308177633,0.199919956568856,-0.0629996567947054
8,0.0785564633639906,0.399498773109514,1.603592527159725,1.541813250900108,0.2000000099507794,0.6110000277701124
3,0.0451716386942852,0.0513634318068776,1.9437421346690995,1.3329643926091728,0.1993044124768531,0.4283147671258941
2,0.1000139627333721,0.1355385550460653,1.568185162791286,1.571842078443653,-0.1998634232326454,0.2094127862312318
4,0.031835129228535,0.105904670896798,2.1829281161215643,1.367619263699046,0.1498741238966834,0.1893458075140867
12,-0.1607652416323713,0.7542926734937223,1.8722792080998167,1.945562733195004,0.1999931473018685,-0.1300406099928733
8,-0.0992636033942577,0.5009861247973812,1.644051075973783,1.5640681576607962,0.1980270139386229,0.4863814320086276
9,-0.0443218856141419,0.516748425172623,2.078960948684488,2.0254221314177907,0.1999759658819755,-0.137361076194966
23,-0.3957709317672129,1.752098623445718,1.3882600861277918,1.5799710408353778,0.199630313882395,-0.0542505421490243
31,-0.4014842147836767,1.8723725063876229,1.455439974614654,1.0510615512758157,-0.1999900951931895,-0.1991241874729639
34,-0.585979163458743,1.6496147803914305,1.0565549804615046,0.864227128623983,-0.0152252951384551,-0.2691219340017099
24,-0.3487298838462326,1.801916962951796,1.2773398692396023,1.5445716628197674,0.1999848113272513,-0.1919799224231287
28,-0.3724664500236878,1.9905197102246883,1.14700606564549,1.4209761900112772,0.1999892561391034,0.3995479918362131
33,-0.5129153484665687,1.7604995892669772,1.227970201587334,0.8991396272589385,-0.1826424503015952,-0.2161252858570487
18,-0.3722713291690389,1.3649202936827347,1.581507564583097,1.728116475104729,0.1996317469114344,-0.1734982837694861
30,-0.4041377421406606,1.8510342905122312,1.5062051201846938,1.5544192790479294,-0.1989364352753744,0.3272694103743018
21,-0.3888731990381879,1.5888837900831108,1.4850879284229617,1.643698823311981,0.0714916584575661,-0.0478554740769445
20,-0.3818277068048124,1.525055199383432,1.5213202173498015,1.6694266814959673,0.11388323521428,-0.0454882237102938
1,0.0083575492303604,0.1177097499579776,1.7301290492203574,1.4876016794332614,-0.1999569796307851,0.4059274571837347
39,-0.8165684455213815,1.3434125472394238,0.7992634969439845,0.915396344412234,-0.2000000098884018,0.0526062002033371
12,-0.189965722463565,0.8441347027620878,1.7226874071518965,2.006756146802985,0.1999754872678342,0.0592207134840826
25,-0.3441187932111949,1.889444976761998,1.1804717304792742,1.4965541978640946,0.1999925315620927,0.0502671599100242
4,-0.0494101745548954,0.1465383238704652,2.0191903422263007,1.242663989681725,0.0350969055290696,0.1716777991922911
24,-0.3368282654503548,1.9205849905399883,1.1504156897452216,1.4907828626164707,0.1999760521150969,0.1816721512686206
34,-0.5829194921147793,1.6589995429911224,1.0707695921525122,0.8588410052138843,-0.0457607938519327,-0.2989730878715867
7,-0.0366941378275743,0.3149432830478774,2.2368498677995543,1.906774655550716,0.199707687103938,-0.3258505821163681
28,-0.3443107268266409,2.00590854032931,1.4626246291598692,1.2497909117515076,-0.0405546016492805,0.2053935596564311
1,-0.0346654225179868,0.0981451836594463,1.6960151950505118,1.5135918729478808,-0.0978959710453449,0.3976268021953295
9,-0.0984959536404201,0.4540151727083825,1.924653538563524,1.964954361196656,0.1999861022599303,0.0165344959947571
15,-0.3074387512393387,1.06901207151509,1.6468453938749177,1.8031062389305468,0.1999891934457303,-0.0794033551822287
7,-0.0449214660862673,0.4001772544881146,2.1486399928715567,2.016846810185801,0.1993781365236737,-0.3921119816781547
9,-0.0620139042955058,0.4487622662248205,2.147524860748325,1.9830540565190744,0.2000000099453015,-0.4934826680028395
5,0.0396111349301792,0.1770721957624284,2.3335369239237647,1.520645062386458,0.1999683043697301,0.0343442758774843
6,-0.0090819571867474,0.2723786935344339,2.158959121504102,1.441476623063239,0.1999857628740449,0.18024888337686
20,-0.3602059709469408,1.4890824450841906,1.4601187641408782,1.6055940874789436,0.200000009607336,-0.5461876020519729
25,-0.3504783395852027,1.9412852038769617,1.2516955720955203,1.454673876931633,0.199971708745984,-0.0905160607214781
17,-0.2789531022264407,1.3074032858103564,1.6173588568952422,1.81559567999305,0.1999684196232902,0.0788789532044871
8,-0.0038351152446394,0.5082217032916068,2.20560880104569,2.0118734827671525,0.1999506808328704,-0.2079508781977033
49,-1.1041754601992952,0.6000101231620298,1.800027235176318,0.8955534563556161,0.2000000099751914,0.608620514133753
0,0.0777777777777779,0.3277777777777778,1.5707963267948966,1.5707963267948966,0.1640131166783088,-0.3736574044589015
28,-0.3177167065039941,2.1748899340950176,1.3624991411950926,1.3376451604781296,-0.200000009594038,-0.1981344286212679
27,-0.306318134840438,2.0999143829859324,1.3379038060691697,1.3047827116212274,-0.0699437225066577,0.305278397751946
47,-1.02921026998013,0.7286342299743206,1.4160569357362132,1.3671063632841678,-0.1621531123326658,0.6661521516531559
27,-0.3635144095795339,2.0305306209126583,1.171855372437511,1.3941722474901008,0.1998973692754469,0.1979085130816567
43,-1.0049423775959012,0.9421603842976634,1.0417406047370772,1.33115113339173,-0.1999999992911658,-0.0330763666795667
46,-1.037046551591157,0.7613813437885364,1.385730237760816,1.3005148345952096,-0.2000000093364877,0.1651067948850722
10,-0.0488000046518179,0.5698986093839322,2.0857695202019557,2.047070187528672,0.1999908091835313,-0.2295031312801623
23,-0.3480267188126594,1.826173037488556,1.2545470568027834,1.5384743743611828,0.1999867717852705,0.0089550467553584
49,-1.1011600446742351,0.6038560760289955,1.8021120494610203,0.88127194120111,0.2000000099752035,0.6061118536204654
37,-0.7711565199067372,1.4523521444933871,0.8655552838872731,0.824191159285085,-0.2000000093656614,-0.1825370228556681
9,0.061222481680571,0.5054662549792437,2.2215110161595937,1.861218511517833,0.1999968188706586,-0.0842090909933601
48,-1.0318619156355568,0.788224185581743,1.3186885973805362,1.4629543038259774,-0.2000000099411346,0.5871456600215322
5,0.0542186950069082,0.2737950879149028,1.99020042242496,1.18994934695815,0.1943665470231007,0.3580260032214397
22,-0.34718823270945,1.7139386709568174,1.36697801674274,1.5719665011639707,0.1999432719467334,-0.0771375362500684
26,-0.3535159712006937,2.09939631721176,1.2100776257601122,1.4534907959355423,0.2000000099006992,0.2392456252177063
31,-0.3914121294639354,1.9477805255467056,1.480998364337955,1.1923226736822483,-0.1998733601025311,0.1059979558634081
27,-0.3068799961462398,2.096943572268416,1.3209147165205817,1.3070736541399994,-0.0419718152469927,0.3239554584620251
9,-0.0997519269832194,0.4028497006427973,2.0837660590794425,1.96578676921482,0.2000000099923863,-0.4654086958812742
28,-0.3378799655771108,2.1250820994558373,1.330246721455131,1.3196873782628291,-0.1997570467058586,0.1093240609071487
37,-0.6693371208491191,1.512959027353575,0.8970168540861945,0.8737304124887776,-0.2000000083541891,0.0733996079023629
23,-0.3470943742234421,1.7124810025024455,1.3819419975068907,1.5880142214828958,0.1999889613403138,-0.1664481675693233
31,-0.3784326777506634,1.9904665625145703,1.3721440667894225,1.2809662941918951,0.042557997555454,0.3001130135398795
34,-0.6241465102870177,1.5799849120729192,0.9537690515306334,0.9445146316960032,-0.199970595336714,0.1295793844746144
32,-0.4553125003192311,1.8131155762185327,1.5001720416875113,0.9108923524037018,-0.097971129153903,-0.44239131355711
13,-0.2470610056214854,0.9097229479502694,1.7172165560212471,1.9227974976396964,0.1999464840361173,-0.0877129908581888
1,0.006974658644612,0.1196399160242096,1.7466422329333169,1.4691008740071985,-0.1999556781459419,0.3764774949467317
32,-0.4757840349683382,1.7974573966808878,1.323820246003524,0.9116184789505606,-0.1671530122099427,-0.5110530729005603
1,0.0555315625981126,0.2147504454879301,1.6514217714455466,1.5435506604366644,0.0578869135782896,0.0176976304215921
9,-0.0506886444786117,0.5809648363139264,2.1120338524368147,2.0131581891132235,0.1997867468202968,-0.2702315255857835
1,-0.0152512110536977,0.075831814364234,1.748406277098928,1.4683825993412936,-0.1999570240495268,0.3898136545093624
48,-1.079925694478256,0.6762554377420265,1.636988134184156,1.2480906876638862,-0.200000009955086,0.284057746874103
0,0.1000000000000001,0.3277777777777778,1.5707963267948966,1.5707963267948966,0.1824898363344993,-0.3521421311486158
4,-0.0949691572640625,0.3576804736610736,2.027712726094995,1.5156068472579631,-0.1956301562140031,0.1501248150817286
49,-1.0763391157225042,0.6836432068562538,2.055857808389936,1.1580774955645174,0.2000000098461921,0.4636877810677335
2,-0.1014711168658548,0.286951233880619,1.866582484045301,1.4508366695077224,-0.1999617007176232,-0.0242517624095746
49,-1.045344758619812,0.6738097706806625,1.8467256064203124,1.145468913850388,0.200000009209106,0.5805942747946486
34,-0.5737193269059735,1.668163873927052,1.0932748861311348,0.8614845386375617,-0.0614123102709836,-0.3259172793944256
13,-0.2861386884289099,0.890592649658725,1.6750173876669745,1.8491920596834253,0.19998983054355,-0.0930929041694509
6,0.03865618722029,0.1746222181107848,2.320903514572654,1.5015101641741555,0.2000000099525803,-0.5179928541412651
49,-1.080751939512843,0.6566017947137482,1.7784630432095074,0.9948210002781048,0.2000000099670229,0.63128179644851
5,-0.0516293190813796,0.2993447639469044,2.054528304975864,1.1998011835843276,0.0708450719397744,0.1676632754943797
4,0.0340396288868494,0.0865291827853562,2.162776739397321,1.3934032532151748,0.1836269791298296,0.1906382456108488
25,-0.3423468424977012,1.9347876619927973,1.1411839509990551,1.4672029044093158,0.1999806335899942,0.258423747486711
22,-0.3248683447029684,1.732604216357057,1.50467707315949,1.778454676309699,0.0894495550892617,-0.2974406455395997
44,-0.9980798290610718,0.969304918149511,1.12333785836783,1.3863093884338469,-0.2000000069701056,0.1863525722682117
2,-0.0776413504514643,0.1677079150051071,1.644242419922028,1.5481925643102743,-0.199736042864532,0.4440623495213959
36,-0.6274242784245572,1.6882807674824132,0.9762303243067604,0.9042897527019348,-0.1999998700196763,-0.2537693675039078
37,-0.796571914279865,1.4548661494415582,0.7589312205698828,0.8449793814331291,-0.2000000095302315,-0.0933828729406105
30,-0.4017096752099134,1.9377006971874515,1.4862698494133095,1.15506643774742,-0.1999846578191008,-0.0053971869995046
3,0.0271386892868181,0.1157369331327477,1.9177036295321328,1.3812016514336227,0.1501646180737439,0.4169770156050079
7,-0.0344461584345426,0.2963847575630334,2.262350849389633,1.7232380407272547,0.1999724076237338,-0.1351235567238614
5,-0.0264550879216615,0.1416197642140038,2.20250661770371,1.5346989234666495,0.1997650179305628,0.1010258037425456
28,-0.3566465239259427,2.074978232821622,1.3674871111896376,1.3055154210581192,-0.1317970267966711,0.02496918169561
7,-0.0630986018591485,0.3305386812133587,2.1869270327177386,1.8143426812243848,0.199942743520924,-0.1844563670243501
18,-0.2627304460961126,1.4144790993349026,1.6401318656888346,1.906970176815163,0.1999327677436297,-0.3041221253828637
48,-1.0298545458709514,0.7255424343939595,1.4224569472160675,1.3634289384249332,-0.200000009952944,0.481717817024802
5,0.0395548165510659,0.1641587281531437,2.300012053283298,1.6011839015685134,0.1999198904017134,-0.2121237975627401
8,-0.0161746276502269,0.4457999140677709,2.1701170290496687,1.9677987159991388,0.1999705592380925,-0.1418694901440731
2,0.1013451341004729,0.1504684820259186,1.515995296716257,1.6026530586683765,-0.1998410022130209,0.3549245312881928
7,-0.1020475842742918,0.3490796662553264,1.8232063213971,1.420011350802732,0.1241987168727658,0.3837665103334453
16,-0.2330251549791744,1.1423323376713037,1.7116497131672244,1.9676250258105712,0.1999673285273997,-0.197878216259214
12,-0.2271978016792586,0.8950507530061749,1.763031785437141,1.905968584269272,0.1957578572934143,-0.1929831742580464
42,-0.9775936068887994,1.0100004396204287,0.9480746212091784,1.2857743896009024,-0.1228000998854177,0.3261872540182978
30,-0.3814283835379327,1.894650958215274,1.481066116192613,1.1040110620967123,0.2000000097289292,0.0323810716377564
37,-0.7588856128672969,1.5252116469409696,0.8872491652753691,0.8995400904605565,-0.199999885843753,-0.3047465113804978
33,-0.5106082809533283,1.7487944944924336,1.1685612405097778,0.9024783782964632,-0.1999631845406543,-0.2879271674466967
0,0.0777777777777779,0.1944444444444444,1.5707963267948966,1.5707963267948966,0.1724183780960599,-0.2241122916277018
49,-1.048568429680244,0.8099803155613893,1.1442149906095604,1.353084991814448,-0.2000000096705403,1.7410893219676902
1,-0.0554566838220053,0.3547219510390511,1.6910210559752326,1.5318946038693924,-0.1390663794836137,0.2919192117234186
2,-0.099858589148457,0.3459772772186514,1.6770873936500887,1.5372365262815098,0.1993276085045715,-0.2272733469961943
28,-0.3499172819436791,2.0892950941350152,1.1783598838981728,1.5218047106079315,0.2000000099215582,0.3128271957091852
19,-0.2676207025660017,1.3770502812622614,1.615629960843597,1.818847747785365,0.2000000099947042,0.2594170973278787
0,-0.0111111111111109,0.3277777777777778,1.5707963267948966,1.5707963267948966,-0.1997143067096124,0.3890941193613746
2,-0.0980212259653624,0.4128636171478914,1.8357336605575425,1.514442839608955,-0.199957719653697,-0.0425890145808804
37,-0.7669984121694218,1.5038088258308289,0.7667540433492999,0.8061133399153508,-0.2000000097896164,-0.0965385273966982
49,-1.085385052471605,0.6880253023031566,1.7635085667159895,1.194145115850748,0.2000000097021181,0.7597615521257852
49,-1.0950754596044727,0.6175942440025067,1.7449275967899958,0.986469488091809,0.2000000099725747,0.56774253824351
11,0.0729207571794937,0.7672318327775505,2.1989263529565672,1.864830604509504,0.1999760631361031,-0.2386950215339446
35,-0.6227655257705847,1.6439926221911887,0.9120065393534044,0.8000421934971592,-0.2000000098076506,-0.2159169248690635
16,-0.2927393797817345,1.199371484984006,1.61199198017386,1.7783911902865286,0.1999692678883707,0.1803342382628826
3,-0.0432587479468265,0.0653142500868545,2.041478515663419,1.297982419352997,0.0090287194441344,0.2078680096240813
42,-0.9704207820524232,1.0547392774062387,0.8744116826590638,1.2575885373037743,-0.1999998565913211,0.1595207420449058
27,-0.2888069526411818,2.141286336568026,1.4555632966246943,1.2516531066302403,-0.1905004222916291,0.0478487191275525
30,-0.3834897473501037,1.985105639479236,1.4687297056105475,1.2123476782606386,-0.1993164300032321,0.1041479084953282
41,-0.9129957417948744,1.189539696312186,0.7517920510506864,1.0902001378951838,-0.1999999863302569,0.2169504366443636
41,-0.9336239883059436,1.1454326499538083,0.904327262782778,1.1234312757906175,-0.1999992373671363,-0.1301764674468088
9,-0.1080408560633273,0.4873387817255888,1.9791714968767504,1.9498638908265844,0.1999890214585188,-0.1060506642244342
39,-0.8383814478527244,1.3121253798944743,0.7571762251344065,0.9502179069081772,-0.1999999849883086,0.0928204581734881
31,-0.4160203872520214,1.9383546796163893,1.4370292240843563,1.1294499660997053,-0.1999962388182896,-0.0872959955448739
2,-0.0430922847839661,0.0353337457745908,1.8702211836960647,1.3701602438554557,0.0472194470573884,0.3621867836609834
35,-0.6250027991724761,1.6396951100290624,0.9259353140976768,0.8090027399767653,-0.2000000075894724,-0.2103118282472919
1,0.0764147778643131,0.2504870140409572,1.432870838118352,1.5891776559076758,0.0541606120265081,-0.0404257065049445
37,-0.7896454075940599,1.4634301068502198,0.7656835774567465,0.8370998688334458,-0.2000000097547446,-0.1111786947730567
23,-0.3843624751490999,1.6763453222455431,1.4111343681405293,1.6214707611250376,0.1997296627851492,-0.1532017812481697
21,-0.3791425093798075,1.5672011559890162,1.4319962994901534,1.6062563252313828,0.0844713373769232,0.02613556836171
8,0.0032342306119665,0.3959386616338833,2.254666064222413,1.9114006669862127,0.1999584854092434,-0.1796362419838177
41,-0.8161224218580323,1.3056900645915717,0.9151649298754077,0.9738893014774388,-0.2000000098374751,-0.1434630327338115
9,0.0429350934094278,0.5304273662476923,2.3306771341225505,1.8850558917313924,0.1999828698472522,-0.1744785558789003
9,-0.050145306239998,0.5716507224058394,2.067787309237991,2.097740093594892,0.1998596370616251,-0.3188541536590288
5,-0.0416955879828983,0.6892257044698018,2.1629381802688856,1.767239162495789,0.1999908815534008,-0.0322935427604793
29,-0.3549736627248763,2.0634700918508235,1.2208571741965155,1.359151578293262,0.0143242279701011,0.4058227938437733
35,-0.6408364693765042,1.588205695383891,0.971142623180631,0.8631755047678483,-0.1999774236225918,-0.1752583469159173
0,0.0555555555555556,0.1722222222222222,1.5707963267948966,1.5707963267948966,0.1991419824164819,-0.1458217832139876
28,-0.3530821894718273,2.074409994909893,1.3772752779212336,1.3056788287778864,-0.1629273757810379,0.0450263012211971
34,-0.604461319831621,1.6984118882883965,1.0140179442849495,0.8983380529452736,-0.1999881517227878,-0.0165190831453677
12,-0.2467904388235162,0.8300545832918805,1.6807943147603974,1.91985919620882,0.1999523552726458,-0.0310957673902546
2,-0.0335550047907232,0.2590968416083068,1.7064036513355116,1.5224551539335065,-0.0959738124889612,0.3804509877333794
48,-1.0672887924524082,0.6574754361380649,1.6796938293754524,1.1270472078929996,-0.2000000099538023,0.2579926006172015
23,-0.3809841889986897,1.852139132401868,1.3242656784739832,1.5379812778067157,0.0119185416275372,-0.081409137864627
12,-0.2235855440924807,0.8373594678834386,1.7482034797456605,1.9634416909313288,0.1998452710892445,-0.1753495340460089
21,-0.4078543158056443,1.5203890613264428,1.5075110542264325,1.6494416579524755,0.1285283654065846,-0.0694441063689136
21,-0.3556102049122424,1.6093966193477751,1.4578898260330029,1.638078869390982,0.1999286718213247,0.0128944630439469
8,-0.0174525054601225,0.3579311786106603,2.2458178187396864,1.7583445984913115,0.2000000099930963,-0.4829372635436923
26,-0.3763388753127266,2.0320692512450007,1.222144798436437,1.518718231866326,-0.1999996552470218,-0.3355451986416671
49,-1.065729282082704,0.763409026324888,1.4740189957108836,1.3707015419573605,-0.1144501671452696,1.0680859441838255
8,-0.095432047612124,0.4735866929962584,2.069348760941301,1.933467336030676,0.1988071010297707,-0.3415811187283457
17,-0.3233993901058521,1.2969230170521815,1.643829581388507,1.7757275973732174,0.1999756650542663,-0.1849709438833001
9,-0.1000139204245014,0.6389817812023432,2.0057580741730074,1.98132859673971,0.1998674207634777,-0.2293577754800716
46,-1.0501446662525815,0.8040917970010397,1.3171799975123744,1.4145365063377284,-0.0784300197565865,0.2820847495060678
36,-0.6680333211824581,1.515113745662798,0.9008705029871802,0.8759671733386521,-0.2000000078261623,0.1158573322182372
24,-0.3681947487025172,1.7882797358983524,1.294503646963511,1.542303983942883,0.1999574100979455,-0.0649255748932499
38,-0.7896099076763634,1.471166600104833,0.7536525102939944,0.8283861928194897,-0.2000000098743997,-0.3079040041810179
1,0.02752700939327,0.0450187746419198,1.793724567690168,1.4362377687362144,-0.199927884679111,0.3205118665749565
23,-0.3438047531453766,1.807622090733604,1.2697102847185473,1.56395586472354,0.1999507731680562,0.0052397841383759
1,0.0081644210728347,0.0754207689797241,1.7480997006085257,1.4791194274104218,-0.1999592197422428,0.3947581207277501
6,-0.0935670069503185,0.2240614240059332,2.1375180269267897,1.5902383046105466,0.1998807878087364,-0.0215599630921546
46,-1.043795743786628,0.8686426170187449,1.1665404486146311,1.446241624452448,-0.1476431019089827,0.5713340364707131
15,-0.2305698301940838,1.123008778351634,1.678796217837606,1.900002683351525,0.1999888325471131,0.1302432246399
1,-0.0115595570580906,0.1505725887017736,1.6856706450369696,1.526748345792318,-0.1859215577533969,0.4114837060187556
48,-1.076782050553048,0.6332728505820044,1.6086091446366648,1.1829569903724195,-0.1336914972334864,0.3299476636073582
1,0.0777298145292133,0.3923852471842834,1.5624972517278533,1.572816566096933,0.0695919764842865,-0.2387990233045621
34,-0.5797007517346893,1.6438235085642776,1.0889063772779028,0.8831917120986754,-0.1572536171380088,-0.3152441918447579
7,0.0130982497878708,0.3729772176042777,2.268340257057224,1.98729347757076,0.1998166688083427,-0.2403735070090236
37,-0.7496941800998507,1.4572726004767036,0.8584805011411332,0.9438803693513842,-0.1999988390416364,-0.0200846464347893
48,-1.0382857353110957,0.692327701317558,1.632049643495355,1.2696144281922388,-0.2000000099469955,0.27529849663674
30,-0.3429733253409114,2.0130624510684285,1.455777951576982,1.1522212462885804,-0.1999974671733266,-0.100997184613361
26,-0.3517701026286186,2.066214063323572,1.233967705690537,1.3660161351653335,0.154774295037417,0.1721572525587754
28,-0.3112253781594194,2.062941441425285,1.162928649285112,1.4201844034204305,0.1999998416039779,0.4640406703037605
5,0.0185861230743105,0.1792306121932519,2.2727375412967543,1.6151575165094345,0.1998268840276994,0.00737957212786
13,-0.215179932597735,0.8774148261490862,1.7864378048714735,2.040595592824192,0.1999923794262046,-0.1731325338257887
15,-0.2165055962064682,1.034419927195247,1.7352659172054867,1.9933064376206515,0.199996262297337,-0.229132149765985
27,-0.3339519524249588,2.1351262258514057,1.1981221026968694,1.356213632757482,-0.0037537487194582,0.317086608099437
1,0.1000418464566287,0.2175642890427605,1.5828721086171011,1.5673757861209616,-0.1998229687718946,0.015789843421691
25,-0.3786327504042704,1.8925389400249093,1.227899977066789,1.5070396554386205,0.1999366164143378,-0.1563927690434308
23,-0.4145970556973666,1.6900114244391686,1.495041643330131,1.58273504761508,0.1994676888457327,-0.1485856608222376
42,-0.9259612695679156,1.220474984201971,0.638846343489412,1.1799424129589255,-0.2000000099562588,0.2393303734307965
32,-0.5156062039237074,1.7171883344360588,1.1422191067275147,0.9054132190568644,-0.0949100739294805,-0.3262668841026429
13,-0.2761238758064668,0.793643864309297,1.7123492332783083,1.900642088230549,0.2000000099929815,-0.256223486742846
47,-1.0420489241949067,0.6809496966846071,1.7901140796628336,1.185716329705114,-0.2000000096923212,-0.0476148450108766
6,0.0157476166473394,0.3324701693985974,2.2425460825350623,1.63896957456113,0.1999523200315234,0.083055863808409
10,-0.1936418435160214,0.6418084834059258,1.815335759487441,1.9305690647319047,0.1999558496796332,-0.152955708875813
1,0.0999759015776325,0.28552096714484,1.564168439307485,1.572655665484214,-0.1997883092063703,0.0331761689340422
23,-0.3891117295002842,1.720824254086088,1.40454109857348,1.563253614102379,0.1941591169174844,-0.1197372193770552
21,-0.3881952134525021,1.589451287968486,1.474029236533914,1.6003749571473294,0.1758971048235937,0.0823117111851514
20,-0.3679624192953676,1.5083968438887023,1.4649662193300528,1.65238263513885,0.0463896252709129,-0.0003468463503852
16,-0.3377080231007881,1.2418417367906855,1.6199848922577242,1.7553852902884362,0.1999737076485978,-0.15836585225729
5,-0.003823259846872,0.181193994973593,2.2947768876936774,1.5871218343953155,0.1997572255296923,-0.0162842129225928
22,-0.3810367289377013,1.6889135417699817,1.3858418977465,1.549165210099988,0.196902497926458,-0.0798933883704485
16,-0.3056268169755388,1.1919766564660743,1.6587313851949317,1.7969000631903589,0.1999628147974967,-0.1413573302477995
1,0.0774425864920031,0.3717710010128264,1.5145343924548964,1.584314603710599,0.081850763631895,-0.1400345185737321
34,-0.5477899508822222,1.717179760199261,1.0260438300698422,0.9063750580910138,-0.1999999267103889,-0.2709882947185803
25,-0.3447970546940136,1.883429265164556,1.2005255269494397,1.4990428003378244,0.1999858349766776,-0.0279145423462935
28,-0.3436465298073532,2.1705988987630955,1.3891006569054465,1.333305347136192,-0.200000009527197,-0.2568299243846177
19,-0.3669704311563718,1.4946707195815283,1.5426778579738478,1.7208984045371631,0.1999512621870404,-0.0751464320449618
19,-0.3953901225800633,1.4228106886978151,1.5456164563682415,1.6749682796972931,0.1998566902810886,-0.0607119727011178
2,-0.040945917732138,0.0812353850130869,1.8367645303395133,1.40328375055344,-0.1354799148210815,0.3276427692108579
5,-0.0112316933233186,0.1479810191829019,2.1939321542766432,1.4207917014726432,0.1999864029353243,0.1550871999802471
1,0.0779093655011169,0.2891459198260683,1.6028389344599585,1.5620497536917308,0.1467433888073938,-0.3131506736347726
34,-0.5792783936033907,1.6877794807586253,1.0122491801765303,0.8143691736504459,0.1494380783350885,0.1107069387337175
19,-0.3539328236815119,1.4218329933995104,1.4940658370640616,1.6433348641267491,0.2000000099342505,0.4159507339914431
19,-0.3745257180490119,1.4738649644802309,1.5464636171844344,1.6836491657490251,0.1992811608178005,-0.041307820453468
16,-0.0935103291283528,1.1157914275395,1.88233890483645,2.0614969457053163,0.2000000099663707,0.0685418878565997
25,-0.3381590176432946,1.945721058439813,1.21426817873982,1.4205308570066486,0.1999624466845954,0.1538452860909749
47,-1.0595334734651705,0.7607673827524489,1.5043236138906817,1.3671044042583436,-0.2000000099484813,0.152718646598751
1,0.0314828975126945,0.1745990256113065,1.7044752399113516,1.505467801092043,-0.1995574280667437,-0.0510242562009754
41,-0.8497144959314911,1.309721841229319,0.7474995530078004,1.0032767763604666,-0.2000000099493346,-0.073282091999625
27,-0.3313502735105305,2.2131710432246563,1.3070504191007952,1.360298344762319,-0.2000000089789897,-0.1520701411621674
21,-0.3888372914029205,1.60757059954485,1.4767378206041195,1.64091050597264,0.1998868068864554,0.1585937046122735
38,-0.8242798145377372,1.4332617062324366,0.7070020409908633,0.8611697485034377,-0.2000000099830916,-0.1972186126202958
0,-0.0333333333333332,0.3277777777777778,1.5707963267948966,1.5707963267948966,0.1992797627007023,-0.2246322642711005
22,-0.3824029116219707,1.6875177604767648,1.4204664277520518,1.5965013287589247,0.1111340366944427,-0.2567965820464302
23,-0.3737392625864031,1.7655494177341666,1.359261562177215,1.5732818091820908,0.1996345220043246,-0.127627608830643
31,-0.3605648748866635,1.9711889507830167,1.5206404599037509,1.188578355510023,-0.1833715996377179,0.1489073282205736
26,-0.3496710119791174,2.08015648988742,1.2443890767779688,1.350851073979913,0.0827594698581158,0.2114052838397503
19,-0.3276583231552698,1.3859300179392744,1.5766144255783896,1.675579660671077,0.2000000099944035,0.2735546038456354
14,-0.2744976921824318,0.9215204069519716,1.7212410504606108,1.932608293500984,0.1999973379865333,-0.0945602676832316
19,-0.2500629685856465,1.4421514017417538,1.6833451623704772,1.8980690865821463,0.2000000099940572,0.0312300941905191
18,-0.3602790368799735,1.4195168220985903,1.54071078176168,1.710812944020804,0.1759835288527127,-0.0296886236566059
20,-0.3778209799031384,1.518519729196941,1.4942353899267058,1.6486543672486844,0.0783612549086832,-0.0501125001414746
19,-0.3736142086276933,1.508921194858038,1.484200527020965,1.6682216580747324,0.1952526677144707,-0.2355551010725936
44,-0.9862131574952636,0.9637256848633164,0.9968009489264826,1.3580435752867102,0.073124407844874,0.3748140815935937
28,-0.3035071790091324,2.089023025175917,1.484909632303987,1.2755305022144647,-0.1999712049848216,0.1392268856353954
8,-0.0804678019641843,0.3773455231065139,2.147638098223956,1.89166171458306,0.1999129499456787,-0.3998501151440753
25,-0.3835454470170741,1.832039291084944,1.3064913089063506,1.5282834621016133,0.1999207202054985,-0.2263542549925888
2,0.0998843680533519,0.3196584304620053,1.5551106418159346,1.574100443108322,-0.1997961112479703,-0.0125592382521648
8,-0.0969708316983442,0.3428594199116988,2.128127844407774,1.8433464201990752,0.1999841047895727,-0.3129686289309961
1,-0.0558273594697726,0.1336477895026698,1.6648842776801924,1.5359026312070088,-0.1999441827449235,0.2208234049802643
38,-0.7827178201368329,1.3931383622832765,0.854502354809318,0.9590124867740948,-0.1999999135169134,0.0513847776152743
19,-0.2578556017599488,1.5007232979756688,1.693360791602407,1.9205009384809968,0.1996750456973645,-0.1679342151701606
31,-0.3920743762758378,1.9487085315352204,1.4761780286815505,1.2006927904391242,-0.1999999316812899,0.0505081293725692
27,-0.3375998720066147,2.1255285307701537,1.3253102685001237,1.3217490998057215,-0.1828627492147198,0.1330326818139354
7,0.0069107968049342,0.3360322868478655,2.286233083405767,1.930399118234732,0.1999599764038111,-0.2308105043401138
7,0.0038342358896923,0.3089940776415963,2.301316519328628,1.814207332210924,0.1999529641959503,-0.163668343654848
49,-1.0805831862566313,0.6718226736293127,1.9922956014659745,1.118916053156504,0.2000000098315023,0.4636877811373874
46,-1.084543858083052,0.6675068248008258,1.4663382517781596,1.259171301293946,0.0837030159714046,-0.012548371160071
25,-0.3754063480385697,1.961997934885915,1.5157064544644694,1.1880323010317742,-0.0470703723816003,0.0075538302702508
11,-0.1496457177254233,0.6163693488456293,1.9117985806104285,1.9379164478387765,0.2000000099481269,-0.2035957642474593
6,-0.0577932034728469,0.1351745220827672,2.190279678502355,1.3583933635168928,0.2000000099523306,-0.4429898849058738
20,-0.3757415155316839,1.7106602193157048,1.4045309285309653,1.6052162711449394,0.0943709094340981,0.1442208197634854
48,-1.0691394369218958,0.7100263267807283,1.4835602762785296,1.3423625607895977,-0.2000000099480001,0.4196134991571567
11,-0.1648028149956011,0.7512206557760683,1.846861514323626,2.030513630963996,0.1998359173641394,-0.3103000652746716
10,-0.0456184870143573,0.694350608355139,2.0650310228255133,2.073231581369365,0.1999635218464658,-0.1743348537554369
19,-0.365576044213235,1.5972323758425526,1.459640340009008,1.6490718045175436,0.1201459524814229,-0.2620900354140023
23,-0.3854864266022924,1.7415312886470862,1.3662604811277728,1.5578462606804444,0.1395522794857378,-0.2249644329523905
3,-0.0694467238370864,0.0213453082706911,2.0147448192026958,1.2683816579173262,0.0966694427609806,0.3120728129956236
21,-0.3789661511600706,1.662842231027562,1.3850043351438384,1.6032797106967818,0.1719177005153974,0.0207793977639063
33,-0.5154634914572497,1.757743985166224,1.1220756443825106,0.8499080589771734,0.0963162980344441,-0.3337620618777116
0,0.0333333333333334,0.2166666666666666,1.5707963267948966,1.5707963267948966,-0.1997909226200475,0.2462540891719368
1,0.0543230293171061,0.2254782603847494,1.75356383720902,1.4943688217644393,-0.1999717847531288,0.2159447248637265
1,-0.0556629431170137,0.1424918922581578,1.6556892553952078,1.541037574305313,-0.1998781818072543,0.3130993090238639
9,-0.0309572858207262,0.5268970449291513,2.1855704943325858,1.9599651417223147,0.1999799033135855,-0.2396686827394865
32,-0.4886407658141123,1.7421618749108485,1.250082173445497,0.9215078417763368,-0.1999999995433015,0.0550974434076691
28,-0.3580366516949188,2.029003938870833,1.1727767708387713,1.4084621173446858,0.1999988667556521,0.4527712506253726
4,0.0779902618568667,0.3407328112173127,1.6015211651709418,1.5653785704239036,-0.1445693347850771,0.6215695236027022
45,-1.0179661181280482,0.854074809876456,1.260413685709425,1.373683538016693,-0.1999999980137427,0.1323830033406252
24,-0.3370510139018271,1.8236799288383885,1.3390382370587923,1.6767160046751062,0.1999739230673116,-0.3415830079030988
20,-0.3392819097282896,1.523157006771724,1.5381864132967331,1.6454913748784614,0.1511621896621434,-0.0774078234968958
18,-0.3403658870584798,1.2090830064420823,1.6027784133937697,1.720580853163571,0.2000000099855424,-0.0285210727204808
31,-0.4122459406924121,1.869353272062129,1.453817862146769,1.0090644493435563,-0.1999728390263629,-0.1311572364089911
31,-0.3884396937141358,1.9522723915129332,1.4819561476495604,1.2027120366898818,-0.1961218534690219,0.146165995899643
8,-0.0571475773211473,0.3853987858092879,2.1407938907530646,1.971276008998345,0.1994793909496862,-0.3348132145629918
18,-0.3618688074323224,1.4166459261437556,1.575507846721683,1.7031669094405104,0.154756232694571,-0.119833049862118
12,-0.1162495933821752,0.7927892179270453,1.8604146661844592,2.0640582329865755,0.1999926030909408,-0.0014438316094491
10,-0.1121907736906538,0.53380349604704,1.9109783815827708,2.0285073079627494,0.2000000099543014,-0.2301659987104838
0,0.0333333333333334,0.2388888888888888,1.5707963267948966,1.5707963267948966,-0.1999195398148711,0.3072963520577247
34,-0.5803410940353909,1.668547079110872,1.0400625115789357,0.8891330764643012,-0.1999869742795565,-0.1380973716692937
0,-0.0999999999999998,0.3277777777777778,1.5707963267948966,1.5707963267948966,0.0787592040528488,-0.3182789076510651
28,-0.3174631304946941,2.0717365396884344,1.4498188840833048,1.2176925392335578,-0.1514024969482111,0.0410376359775461
5,-0.0746724658428479,0.34249661682995,2.0733117508378367,1.445360811295855,0.0148970239840994,0.0564178106432322
11,-0.1822682135162691,0.7155057094063981,1.822522412115012,2.000039572585988,0.1999565960155318,-0.1668007959921433
25,-0.3748531333811936,1.9286751384319576,1.2453035647657256,1.4675313796837053,0.1994686900760428,-0.1647562497904539
7,-0.031561009702531,0.2765106978306732,2.261117392280374,1.9060944242734643,0.1999667697933129,-0.3735577513779573
33,-0.5350852292295906,1.7798658838433576,1.1572119193759305,0.9111249989252116,-0.1997370380219946,-0.1995170853467881
49,-1.102776654413558,0.5964273885942314,1.7736469146325835,0.9296066165064222,0.2000000099756784,0.6793899701272051
9,-0.0776785299694095,0.4313522608426728,2.0242585177209715,1.9321620680992584,0.200000009950064,-0.3252537823318162
29,-0.3481688847711007,1.992964388067072,1.5550965506004857,1.1936164843920505,-0.161887040516885,-0.0127731768597818
35,-0.6142301211361515,1.625604163183826,0.91151972299619,0.890813048369368,-0.1999999901292894,0.0872178955295265
23,-0.3455922107324009,1.7728265354732269,1.3252734402802329,1.5928593815539367,0.1999338081549227,-0.0846798923463862
46,-1.0916938875557796,0.646397472393198,1.8508498268809657,0.922974684155056,0.2000000093822412,-0.1954064664008525
37,-0.7095720645372552,1.5524379688156136,0.8387976000693182,0.797554533751213,-0.2000000097760606,-0.130155185296933
17,-0.3569371985998405,1.257544934603276,1.5587865619944137,1.6857202580550887,0.1999710799882246,0.1295273141952867
47,-1.0169687518473294,0.7928223241482365,1.3187354328718524,1.3949251502395124,-0.2000000098155293,0.4695929237264835
47,-1.0343282690144346,0.7588076267133561,1.5221145906069102,1.355489292700752,-0.2000000099477658,0.3445094049521662
29,-0.3282416688576794,2.048576735384877,1.4562083082881312,1.1858858660433471,-0.199980681842448,0.0547191194083305
18,-0.3556282833327224,1.346510165902382,1.6215220568759183,1.6683736642706233,0.199866593676844,-0.3156887040660838
29,-0.3684751783680554,2.0441376138744416,1.3978053788330893,1.280002516874015,-0.0349606062675451,-0.0026528704335547
42,-0.9571643442379146,1.2260123282117688,0.6959786965188126,1.1480673023422383,0.200000008964359,0.2345725806175965
18,-0.3464427209274354,1.3285149898347184,1.633029659033781,1.6963380425399677,0.1967057706112767,-0.0669589436019248
8,-0.0730399161335508,0.4012176950126745,2.094195478656564,2.0173981620697687,0.1995502355784325,-0.385695432827862
21,-0.3434458008781406,1.5659248807484725,1.5023468668248992,1.6249234764686489,0.1494240555616952,-0.1173145149381082
3,-0.0551361914819734,0.3876066435107947,1.6438759128239493,1.55288002395681,-0.1299093048109942,0.4942816424091441
21,-0.3796880783551968,1.6943726482192505,1.3866997669127326,1.5860877356153795,0.1985191676668101,0.0852428664910832
17,-0.1779138033669235,1.3184062039333833,1.8138194541123247,2.0414830739445,0.1999932211312023,-0.232395907939527
25,-0.3642011527748407,2.002191095680191,1.1570400493827204,1.4302483850604508,0.1998503888353001,0.1413620785733484
9,-0.0297253551266795,0.4753423325877054,2.128864181288753,1.9481381324136733,0.1999842782335765,-0.1137327623015738
14,-0.2026962731972088,0.9021125222848888,1.740592268356357,1.9599513364593733,0.2000000099933816,0.0246315563191049
40,-0.8813702608011224,1.2424675115769312,0.7024325291302542,1.0277296267115963,-0.1999999965932455,0.2177709580582458
22,-0.4077555653237992,1.6461230278004368,1.4928940693524222,1.5902771337710335,0.1752750042820003,-0.1291480707538476
41,-0.8699764946058273,1.2550009693717108,0.849322241791759,1.057794498634024,-0.1999999886960123,0.1628617961568562
13,-0.2741566635385548,0.9803585289873286,1.7003269428994994,1.85670430668448,0.1999479332366775,-0.2730218790190912
15,-0.2646317079174025,0.9758673968226614,1.6786969053235392,1.8853506418689605,0.2000000099626444,-0.1312923244810866
24,-0.3748614681335533,1.87317413947636,1.2715183022108416,1.5200924883682476,0.1275777753367015,-0.1655312623900006
4,0.0349545151998671,0.1008084816686002,2.200028092661176,1.411622684072943,0.1605464144582621,0.1765940578677454
29,-0.3623970158721588,2.0211563296260104,1.395496794083391,1.286614928836198,-0.1007549848103617,0.2384540566988071
6,-0.0492915803772174,0.4125163133262364,2.182632343489583,1.484275829758165,0.1997573992841738,0.1185746556231075
3,0.0088487186487318,0.0685486098385159,2.1007389138129096,1.3620508805412348,0.0147671470333773,0.2322208026538713
21,-0.3772133288617195,1.6337761954180705,1.4492374743011336,1.6334471700636275,0.0942371352999366,-0.040290702145703
19,-0.3716434048785108,1.5097141290006957,1.4997662651028971,1.674953406169096,0.1995754217467779,-0.240205302007218
10,-0.1311159378235903,0.5726609231725693,1.868146858039526,2.052893917355968,0.1999882269843017,-0.1074207260454426
2,-3.799491578786e-05,0.2248996777356414,1.9006826589491703,1.3453481092820792,0.0581687910911419,0.135194462987162
27,-0.3870424610190005,2.049660203455432,1.2266786145654065,1.4232075456809548,-0.0461776958516185,-0.2633432601324899
29,-0.3678876964467617,1.9389175668062657,1.4493137235429625,1.1608202572086026,0.0395901218322669,0.0966121306231985
25,-0.3469574106943618,1.861292288955452,1.238181305178676,1.525567122131231,0.1999794959363095,-0.118747126060546
23,-0.344270573555131,1.7707576299203396,1.325300977626119,1.5979620019266414,0.1999422915345976,-0.0937143183766134
7,-0.0494431821247455,0.3018067543970421,2.1717656488206725,1.5992580233332,0.1999706507485354,0.009138827874795
37,-0.7527533130898416,1.5037326945874587,0.7738013881051468,0.8724920574593051,-0.1999999072792398,0.0300116325569958
49,-1.0798996503007054,0.6779942241595218,1.605715681859527,1.2606420030946517,0.0434206911120117,0.7966485819116715
19,-0.3184226665028359,1.344554848281817,1.623735719421182,1.7679871471589612,0.2000000099486663,0.0064049656041473
23,-0.3445166844396788,1.934421229927716,1.3017250082639884,1.4284307417154287,0.1712109519534236,-0.0754132966112946
8,-0.0227014235272459,0.4998121025609588,2.205720675238643,1.924447025121052,0.1999635358106802,-0.1871886831947178
12,-0.235028144977848,0.7821321656555291,1.7280374942955117,1.929318633757742,0.1999844479397473,-0.1040364476386971
5,-0.00470445019005,0.1565726907931506,2.2351995120432715,1.611573991564092,0.1999446237003364,0.0682007130067303
33,-0.540123687760918,1.7212306796946244,1.0735063873137118,0.8969475289448867,-0.1999902750797412,-0.1744573807932475
4,-0.0212734377683191,0.0917925521917095,2.1202888225260192,1.2604706313550955,0.14476827661156,0.2104771509342882
1,-0.1000253733819346,0.2718861665486908,1.5559698353197913,1.5753878321697647,-0.199880313240463,0.3273526974009708
40,-0.8808686939744098,1.2435373327364658,0.7069208780911307,1.029047104810708,-0.1999999424048848,0.2190569045914537
32,-0.4355372664847256,1.8521877931282336,1.4585089618947844,1.0664800326418709,-0.1999999157602495,-0.2456881886804681
2,-0.057135652486549,0.1857456546409741,1.7872378389027457,1.4784831196706951,-0.1999649637148427,0.2532874100675309
23,-0.3840437559868737,1.6590552737099038,1.328248177360332,1.5915900297256929,0.1998823062819055,-0.1127599499380409
38,-0.7394592206144077,1.453775552461665,0.8956839433547596,0.9384623150132854,-0.1999999869421831,0.1290391826695895
32,-0.4550350229167572,1.7746888066983488,1.350991846123014,0.9451842061881766,-0.0673642858211209,-0.4765328762595058
45,-1.0292303490725792,0.7931788123521715,1.3065617335040782,1.3861756646253816,-0.1999999909315322,0.188402395464195
8,-0.0536573289345726,0.3269363514197017,2.163601906099592,1.8759371000625675,0.2000000099566554,-0.4637802018517727
24,-0.3646665902371775,1.8747728883189136,1.2724641744057923,1.5006676532996277,0.1998211645501759,-0.1127504760685556
7,0.0759124110200299,0.3121079045654988,2.122662156306236,1.8423274122819369,0.1998440943620669,0.0487289343810121
26,-0.3016396028254807,2.085243102061209,1.2182976650681834,1.365894238511474,0.1510994800751232,0.3974939430403984
7,-0.0635448475070611,0.5123034920494427,2.176672467091356,1.796818688903315,0.1999458434657127,-0.1420651109985504
22,-0.4111769007138607,1.641532322438933,1.4943584213641028,1.5948787808893778,0.141545095693624,-0.1209402197292114
22,-0.3603301196364321,1.6762159023403398,1.3769586841252188,1.5475755580714377,0.1999447400485186,-0.0963101085255468
27,-0.337402552342299,2.105580024091405,1.2862276482072217,1.341870545026553,-0.0538728605705948,0.2644758838627338
24,-0.3901103124372961,1.8695605806490647,1.314063691594873,1.5295847899052777,-0.035046533107925,-0.2218247424402276
21,-0.3749288102823254,1.5563533362365114,1.4939486915853362,1.6353946626643665,0.1905212271231438,-0.0304221850188569
2,-0.0385594422991153,0.169929561575947,1.7975680556239515,1.4395105677866942,-0.1999461581421704,0.2441161846661242
8,-0.0581707826657255,0.3876790330530247,2.1338187168028693,2.036127928831808,0.1999728447265764,-0.4322590134248096
16,-0.2936570009552254,1.091822618904032,1.6112379218128066,1.745927332364294,0.2000000099445553,0.2086762824809271
45,-0.9416065568357525,1.1365661425889524,0.7821074939009289,1.1006071123303678,-0.2000000099976471,0.0919673173908851
25,-0.3584878960448567,2.025392736842828,1.2335007796671729,1.5022037699550503,0.1767269114483789,-0.2576802492447705
24,-0.3584111378092482,1.84409315410724,1.2632370826183057,1.5275241542089242,0.1999285892234225,-0.023083021045571
0,-0.0999999999999998,0.15,1.5707963267948966,1.5707963267948966,0.1997652969348927,-0.2996355163111939
39,-0.8729098009939938,1.2651920391800024,0.7124770293619971,1.0135866449030342,-0.199984391396407,0.1195357804396836
0,-0.0111111111111109,0.1944444444444444,1.5707963267948966,1.5707963267948966,-0.1999373627620227,0.3806528055010543
5,-0.0041411132677489,0.1556094175035274,2.2762721935894827,1.5446353663245884,0.1998498801568531,0.0431125308841632
34,-0.50019532469216,1.743938239139262,1.328926553079162,0.9461021679912176,-0.1999999928130965,-0.3059323169992665
20,-0.2997748872147607,1.5226135055588002,1.6916124043700531,1.7800483716533253,0.07544230548154,-0.172923406894483
30,-0.3828594081507017,1.9698968427743968,1.3834009608861546,1.2751934879488938,0.0665789947478746,0.304816597830026
48,-1.0879695237564315,0.6123175118761351,1.9008276956763608,1.004711012628379,0.0290511509405479,0.1421865043409954
1,0.0554761729192732,0.2757161220380203,1.6319509829070906,1.5493551819373934,-0.1998972004248103,0.1845529406078747
11,-0.1525859737283557,0.6289420719881158,1.8322051062446336,1.9743857890346657,0.2000000099453067,0.0296254924000977
13,-0.1987424401902447,0.8143859605072455,1.7738346430149416,1.9797130983833493,0.2000000099637393,-0.2000695069684474
13,-0.2025723379729524,0.8591717244040863,1.743627203462507,1.987522233623131,0.1999898501037423,-0.0673876503380378
10,0.0618785937971677,0.6883577135272899,2.1712346565311966,1.8712775411433,0.1999803661227965,0.0903626649848858
48,-1.048136613026318,0.7098874772641701,2.29769775370625,1.0490473838186294,0.030449560505974,0.1064711273172369
44,-1.0364960799786394,0.8653818154801071,1.0711330799993617,1.3370302234574107,-0.1999999305787603,0.0333432605423341
21,-0.3809426423482267,1.6026977802387354,1.4633278558638434,1.624416503652136,0.1550536913332748,-0.0222568383863267
28,-0.3436052415905365,2.068571499400771,1.412639626436502,1.2812309268752111,-0.114551504390559,0.138529051389129
18,-0.3582273919424643,1.413574028351742,1.547787015387092,1.717341728789852,0.1598762870344468,0.0016984810046275
7,-0.071276317926665,0.3086673558580441,2.0921718860652785,1.5458402114933871,0.1999612230354006,0.1066144342899245
5,0.0274573978199785,0.1931131204303249,1.8791297069427115,1.400977647085359,0.1049727619854272,0.3419505331851562
12,-0.2391235015866523,0.8530487539214955,1.724381518610988,1.9485823618585871,0.1999552395490052,-0.0949951622585646
24,-0.40249570616016,1.775049859050175,1.4951094343003373,1.5765904238833437,0.200000002387049,-0.4665107213945761
7,-0.0940044626563947,0.4985758099985253,2.095737815399097,1.3731655241774243,0.1999418207721179,0.1005443295971311
9,-0.0778407558629441,0.5422234699287587,2.1698869756099324,1.888128162826696,0.1687122836868391,-0.4178701558373035
20,-0.3413471086972821,1.518831567782447,1.4531111242857315,1.7413267836878823,0.1998225397974293,0.0243566624768787
39,-0.8798455606386798,1.2438874433744491,0.7041259902205805,1.0227523301461834,-0.1999973843560096,0.1974455055874747
1,0.0760143615037007,0.4238466834730614,1.3654210877008923,1.608333377199616,0.0941906834490077,-0.1089661737410889
36,-0.6247164246919849,1.6043934657642982,0.9970551906761268,0.9132226655754044,-0.1999999913562124,0.0644885510430931
46,-1.041472461807085,0.7714422214929113,1.3395104548570256,1.316015171909759,-0.1999999949285799,0.1112179033064244
2,0.054543302927305,0.2926964992776236,1.723083664723907,1.5074050363802027,-0.1088049311609596,0.3390390461124099
8,0.040994114574505,0.4104531346557721,2.2382269213583807,1.84412157597292,0.1999811024282162,-0.0650108486999123
7,-0.0570736029456648,0.3504578300526297,2.1618281016733985,1.901708973266064,0.1999648352904197,-0.1632007743453756
23,-0.3467952651494927,1.7150230869714025,1.358104989924703,1.598849171301263,0.1999812866031455,-0.1561703749425014
9,-0.0795314020844355,0.4313281866113553,2.071294671916638,1.9727575070674293,0.2000000099473133,-0.4060319218072961
28,-0.3424939528645522,2.0781905293612644,1.4173957382556317,1.2849666819897223,-0.1727437688754584,0.0806125988362228
34,-0.5129792112035996,1.7006354149164198,1.1619357551124434,0.9051993116264198,0.1096109844957341,-0.3251496346770193
48,-1.0447288100522536,0.6747453706422103,1.8453896018352849,1.1518064800289105,-0.1241170357671713,0.0748297050266765
26,-0.3285985136688502,2.007206467405804,1.1785386438157897,1.3836209703327356,0.1999090645144471,0.3995606415791874
11,0.0315210535822495,0.7406932895246187,2.1923995884743075,1.949831627477261,0.1999935683482148,-0.0516496443260157
17,-0.3485130364701118,1.245154975122262,1.587140599257873,1.7036767854833892,0.1999720277560525,0.0772289718201666
12,-0.2199207144984305,0.7446016594446693,1.7607120583441596,1.953837272699984,0.1999902367871185,-0.130648789049856
48,-1.0771553771786184,0.697100666904684,1.6740484173086028,1.265918755019837,-0.2000000099741641,0.2326660010556111
36,-0.6295812591672146,1.5992851099504974,0.9886511108514408,0.9166141681575016,-0.1999999213897271,0.0673079881956147
36,-0.7097319827383327,1.5772244372141864,0.9493378857758384,0.8924980364509412,-0.1999999008025113,-0.3406516370219847
33,-0.509056212332227,1.7419747714446665,1.1551651787698214,0.9249239421423688,-0.1999969364964143,-0.1089202459707032
13,-0.2716543007985694,0.9423165262464815,1.6842828998949866,1.8927860505266048,0.1999730189244902,-0.0682318183255149
33,-0.5090102464888143,1.7636291729860638,1.1618129509177546,0.8597031218843191,-0.0100246442541162,-0.3782568635570446
8,-0.0709102096741083,0.3535493892962891,2.117023923495088,1.577781120136668,0.2000000099576072,-0.3711306532647671
2,-0.0776351787640396,0.2345042258159317,1.5954094092038016,1.564798370742971,-0.1897440871861766,0.4023427807380434
29,-0.3829810621816144,1.961515592292744,1.256147095063005,1.4826187096784509,0.2000000097105608,-0.1315101894983821
43,-0.9974061118325712,0.9532740785394124,1.0692215589173455,1.317515043423424,-0.1999999812343025,0.0385813306707738
24,-0.3348945912246016,1.887569576084441,1.24480897287396,1.5847470113911897,0.1999346152256483,-0.0866263479198414
2,0.0543521979897151,0.2660878178524565,1.7252169671144824,1.5045600906808063,-0.1997299574515465,0.3435614215227301
9,-0.0351352431333561,0.4602830903765321,2.107766346135412,1.962855401505915,0.1999995744424453,-0.2412326558326598
48,-1.074963524967786,0.6958303854759703,1.6877878355470042,1.2595562723954028,-0.2000000099747245,0.2199786607070564
48,-1.0749618989581982,0.6474135681391301,1.6225534288587342,1.1433119636220055,-0.1761037092188749,0.3242312492167369
35,-0.6794767206960182,1.5262602906004767,0.9553757021811348,0.8954512261817743,-0.1999552309964643,-0.042482717929207
22,-0.3803810732269409,1.6946902788218914,1.4320830079403262,1.6185918078300108,0.0007586805407438,-0.1471763484580655
49,-1.049337785796335,0.7196505024003867,1.34058486769465,1.315224138093941,-0.1152959043240759,1.3587923334491157
31,-0.3740083529979687,2.005381902585523,1.3553527342763283,1.2921074073425505,0.0187048963830164,0.3131268933708647
2,0.0211482435318393,0.071524661555008,1.872410045066152,1.3507577446883674,-0.1593451332743707,0.2950886151586571
32,-0.4747974885761012,1.804020369511605,1.391912710913692,0.992631556487655,-0.1999060462069891,-0.356909823572632
3,-0.0558044454392928,0.3376062631357799,1.9149948144939284,1.4484006737188126,-0.1991800150727502,0.1491889679432372
29,-0.3321117913575971,2.0371464163541697,1.46852041880158,1.172180194743642,-0.1999783466879938,-0.0017496820669652
8,-0.0095588604737656,0.4216994338620087,2.2009796957161765,1.9523914127489883,0.1999893343903156,-0.1593583778829913
30,-0.3641761003216698,1.9394906481073693,1.4619996483114104,1.1887780214249306,-0.1999997260358572,0.0406250965748945
0,0.1000000000000001,0.15,1.5707963267948966,1.5707963267948966,0.1999174993829113,-0.2489113344557941
2,-0.0260609341761266,0.1526801542193274,1.8909513215210776,1.31949684702974,-0.1820373324664751,0.0809787271230315
27,-0.3549667466066338,2.165799209766159,1.4337502914157252,1.32087775049161,-0.2000000099287134,-0.3806616925079515
28,-0.3395684160992827,2.097896584527953,1.3970737186349955,1.2950224606369451,-0.1968104451379849,0.0519349487659314
11,-0.18254666980521,0.6430590458653571,1.7732345769789557,1.9941084949386363,0.1999816773893223,-0.0280041620493739
40,-0.8378599735320802,1.307624732858652,0.8449885165926556,1.0239802251147592,-0.1999999916241568,0.1954989424429516
21,-0.3442283079817183,1.678357336254605,1.4882430704918246,1.7201191913236653,0.1799708652223428,-0.0199565267488458
20,-0.3633317134943558,1.6291651877023994,1.3558444764643438,1.6690717578531666,-0.0197640945235255,0.1029739742559546
34,-0.5536195182011889,1.656390842482797,1.0739541175451617,0.886003646021573,0.2000000096748873,0.0173950055670854
14,-0.2783954567100217,1.005478091126498,1.68296638230351,1.865546913609132,0.199971084662127,-0.0983901586465563
9,0.0684108097966456,0.5998854843678696,2.218092572936092,1.798663290942117,0.1999792752216003,0.0620554719571784
42,-0.8708890676840033,1.3288470543469888,0.6812015754951222,1.0197501284630976,-0.2000000099648753,0.0204687990103734
22,-0.3794810251759367,1.7838013129610193,1.3477487611260752,1.5598933499336904,0.1408019218270997,0.0162811633071674
17,-0.3466011992795921,1.2558377268970695,1.6111878278341631,1.7256254755722764,0.199974458483076,-0.1136954172755297
35,-0.6354292415782669,1.6167878723821991,1.1175848602162084,0.8272572827376515,-0.1392122457993936,-0.4435219662156733
28,-0.3591898413760248,2.04475419831768,1.3515407043185572,1.3079593900065207,-0.0522668631554662,0.1597329157738143
48,-1.0600680186352152,0.6716476065939571,1.639379314146043,1.215108546824014,-0.2000000099515992,0.2683394261532555
13,-0.277625643961546,0.9193537623056844,1.6791700395431857,1.878231299342236,0.1997818507248012,-0.0625399225899076
8,-0.0992717669603183,0.4933127157123265,1.6391565325346331,1.562643940110709,0.1999238411319721,0.4832577011428736
24,-0.3472443650643032,1.8036375821215216,1.266841390230928,1.5507030706430156,0.199980469577332,-0.0605126552446162
4,0.0526101537145239,0.1776051247042705,2.063877866664205,1.3604692900996755,0.059251231888258,0.2212075848969713
36,-0.6371727682211159,1.6353360238002344,0.8873937549677233,0.7911200927304702,-0.2000000092582264,-0.2103322243843774
17,-0.355594089844323,1.4889998442113483,1.5200965600695948,1.716885356746628,0.1992448487401001,-0.0641756864223126
27,-0.3304218950072167,2.0178043904828,1.4280465068903307,1.2457325988085453,-0.0478019068791479,0.2570791714499899
3,-0.0683878726289704,0.0560433536732689,1.8963213125851488,1.3314894766569838,0.1712893696817316,0.3973154108050165
9,-0.1027089665567497,0.4338254151710001,2.040535637238298,2.022091982788216,0.2000000099441718,-0.4467949378099488
3,-0.0778464743717746,0.2920092774607563,1.573994849869285,1.5680414136413343,0.0319936788325747,0.484264692341013
16,-0.2639739477410908,1.113546900685777,1.640727543332849,1.8325821495643249,0.2000000099479794,0.1642480844831041
32,-0.4531625470415113,1.8149046635901176,1.4369891206651235,0.947626691358651,-0.1802156453221887,-0.5595732172700298
46,-1.0456359658997436,0.7188626349896495,1.3386348966077053,1.3673053237080572,0.2000000075794214,0.483178228408699
39,-0.8281183271251983,1.2961362441654036,0.8979070829835276,0.9737655725815504,-0.1999999774745588,0.0314088576011556
17,-0.3400885044887851,1.3425783537483067,1.6056999201562745,1.7179701822483748,0.1999837254526345,0.0068169724612399
45,-1.0060911812006963,0.8891157904415085,1.135733195641313,1.339128646551173,-0.1999993300800989,0.229498857109091
48,-1.069160761449598,0.7123150607763277,1.4766795496132712,1.3437383053814973,-0.20000000994734,0.4232810256666776
35,-0.5813031477415415,1.6840809996850383,0.9890550012376648,0.8052541986010581,0.2000000096709422,0.1643245850068309
38,-0.8036707052509149,1.4175644489528427,0.7539995892464688,0.9109225824023643,-0.199999885791852,-0.0983488195233483
27,-0.2968842353866888,2.1336607116879,1.3075802410629134,1.3117916542206192,-0.1026432141307038,0.314328949302472
1,0.0999713675923305,0.3708756956164062,1.5659062499788146,1.5719796620296078,0.1323531874499431,-0.3320022408416437
45,-1.0077976438684415,0.8470461713884981,1.1999760652568678,1.4097652065030746,0.1561551962158235,0.3732055033648194
5,0.0054719921405962,0.1781408169101435,2.214327179887567,1.3244690802184778,0.1998881799008688,0.0896760323155782
21,-0.348301119414698,1.6228670670380945,1.425137941786323,1.607487622241207,0.1989145214492743,-0.1068103184451658
10,-0.1418098092103953,0.5457566574813137,1.8990024952825648,2.097410070067604,0.1999941484221435,-0.2609974146659447
38,-0.7358622839695098,1.45785737426017,0.9034670135614018,0.934441442133446,-0.1999999869143234,0.1188766911813403
14,-0.1694210616065575,0.9700156581448532,1.784270287552152,2.003010561787597,0.1999823634644658,-0.0005229257591386
15,-0.3109797571296757,1.16549959064099,1.6636855463173728,1.791412755489726,0.1999924248970864,-0.1253996840931309
22,-0.3861951093218945,1.6496458091551998,1.4405366415765624,1.593120390245694,0.0700420985971455,-0.1356580609264847
16,-0.3511145825550517,1.0866814555541469,1.6204409609225134,1.7974411448103862,0.2000000099929484,-0.2112846261558746
10,-0.1081055671307748,0.6500920150300583,1.9807104329254963,1.938363216086896,0.1999564838530397,-0.0923529283601272
28,-0.3638255456666833,2.037619546583299,1.1857726844635348,1.3762789334016567,0.1795764539531338,0.4345209197369906
22,-0.3594865204753931,1.618095883521674,1.4528204957630972,1.6652892857484198,0.1753826307344569,-0.2060826034483723
0,-0.0777777777777776,0.15,1.5707963267948966,1.5707963267948966,0.1999558785497732,-0.1474204165610083
48,-1.0673063693529945,0.7135311950554271,1.502574940272842,1.3424091695443603,-0.2000000099490492,0.3997033862741632
21,-0.3812422033004405,1.5900993996574058,1.4487372050669531,1.6248735565567272,0.1998706269595754,0.0857085547179474
41,-0.8599770672152021,1.348232774823952,0.7132981232515183,0.9563527346704588,-0.2000000099241398,-0.1373598922870364
9,0.08108023189974,0.58910155648824,2.0927777225759367,1.6828735429328048,0.1998964273682147,0.1961688088877183
48,-1.038165777266633,0.6928202394684909,1.618597430237804,1.274370646886609,-0.2000000099454697,0.2880784264991411
19,-0.3493331035561408,1.3826055020366192,1.583321844288383,1.7023773428632931,0.2000000099389322,0.0961575966306559
47,-1.0491204660512088,0.8651914322317468,1.2605918208744864,1.4225047725892308,-0.2000000099967017,0.2939924190625957
41,-0.9214573480408595,1.1678480831493196,0.7860114772202582,1.1162240995400738,-0.1999999895242088,0.2246739633412133
20,-0.3375689389972938,1.5124413344358771,1.5379224764790873,1.73154203944796,0.0937499524233358,-0.0197505938200077
23,-0.3843165758519365,1.7692774238213738,1.34333032468823,1.5462390438486249,0.1999055739447014,-0.0810650516656437
41,-0.9210213261653116,1.2654794903882285,0.7710942151632647,1.0976836173941198,-0.2000000091966469,-0.0671863088629392
37,-0.5976271277849524,1.616556120955797,1.0231020982053618,0.9354356063306618,-0.2000000097713921,-0.2652845755755046
5,-0.0594503614420026,0.1475581614689601,2.118922674157892,1.3381347781457384,0.1995697136443368,0.212491168152729
49,-1.0813038557710457,0.6761815028670045,1.6099499287691454,1.256810846941393,0.0484741295604508,0.7883486548774653
12,-0.0087503318286944,0.8301840583511233,2.116620567688022,2.0285701566283585,0.1999929680266303,-0.0877425535764786
38,-0.8354914789458253,1.4049956361495344,0.82025978440908,0.9492438011652016,-0.072819048251484,-0.2432855725300727
20,-0.3599228640243019,1.460778040574917,1.5239476720478873,1.70018304421805,0.1090290407149493,-0.0837833405999506
40,-0.8692286204013763,1.375664384810125,0.6571799042311053,0.934828595597664,-0.2000000091689125,-0.1256795726411748
21,-0.3416403667920854,1.5485142482547314,1.5360507602479796,1.6251806614349762,0.199856419654946,-0.111230660276219
31,-0.3948839770813974,1.882396698594854,1.4712066474047043,1.0766594925585888,0.2000000098648116,0.0337995164830043
12,-0.1966992287668282,0.8222360152366344,1.8364844201740365,1.921903218634204,0.1999659707041939,-0.1757810880309979
11,-0.1579029556386016,0.6106829835069528,1.787420400479112,1.9556203093514988,0.2000000099932591,0.1158912417480635
12,-0.2135393652273691,0.8106281240658111,1.770176244029079,1.969312594699271,0.1999884889443145,-0.1491241155974619
27,-0.3285572644450478,2.088322975317727,1.2783283562498435,1.3376946635999785,-0.0346662625732193,0.3489197422369573
14,-0.2563775045331722,1.0203745222558098,1.701789435991321,1.919874985841889,0.1999716684993257,-0.119993470387212
19,-0.3764064065752915,1.4590339100854617,1.5242702877756695,1.6669115327060549,0.1998321103205461,-0.1789964123722167
49,-1.1017148109546595,0.5993190214442912,1.7807396766833148,0.9240922713396162,0.2000000099755295,0.6612640749438229
24,-0.3826187882144931,1.837839450219384,1.3396696532752852,1.5558263017697658,0.1729564308867336,-0.1966979529591281
47,-1.051566385678574,0.8482303410534103,1.2980186017837865,1.4157447362492896,-0.2000000099733423,0.269201766058852
34,-0.5569252401058198,1.6560570200431255,1.0754805701461176,0.8864068997527351,0.199999994361095,0.0034087363223901
36,-0.6992157044413153,1.6015458066097643,0.948779066154037,0.8937287316301606,-0.1999998207444576,-0.3339219914657281
24,-0.3932585019698348,1.832939795511647,1.4899910959091525,1.5770234079972705,0.1963485566894037,-0.748153863173966
0,-0.0111111111111109,0.3055555555555556,1.5707963267948966,1.5707963267948966,-0.1997494250847666,0.3681730098392338
49,-1.0759218290433696,0.6921395823110648,1.5971147725966317,1.2863630628994416,-0.0062561260559426,0.8160700936993532
30,-0.3997038349737727,1.9365724716682369,1.4922923697766404,1.1535814054229596,-0.199971115006509,-0.0088228865426664
28,-0.3699335261051722,1.9986566843293976,1.151324545094047,1.4176366661838005,0.1999985848677881,0.3715075742434989
7,0.0266353671162484,0.4325259410662333,2.2510808082905154,1.8020119097377776,0.1999174061878234,-0.0604111781306719
31,-0.4139913457084999,1.8357708422334016,1.4529719139125683,1.0215303550901793,-0.1999832047860068,-0.387578980372952
25,-0.3664991660920552,1.8715902405084155,1.2755504558470587,1.529080511240994,0.1999746518622711,-0.2207569731539468
16,-0.3050973711642181,1.1231868793274395,1.6140629164333578,1.8028691840041504,0.1999877042002789,0.0234333112582756
19,-0.3324967468327598,1.4070986910621752,1.575753861167703,1.6504449088995314,0.2000000099398647,0.290213899589276
28,-0.3758540311125212,1.9870269946502463,1.4758630516615252,1.2151514827038383,-0.0041457238737873,0.0233696205161076
17,-0.2998432039379727,1.2150986770238756,1.605234564342771,1.7694904906230953,0.2000000099674542,0.1735166669382898
26,-0.3394105636583349,2.07285726317256,1.2453438269426138,1.3640228317264886,0.059204426768612,0.2989430426213864
41,-0.8795027973957348,1.3395299710180455,0.7788815582778792,1.01445203277758,-0.200000009950843,-0.1365900164965363
19,-0.3749627157171511,1.45891471840007,1.521688547977481,1.6687777065294676,0.1998684431541943,-0.1867183001782629
14,-0.0949471973974191,0.9600372111653642,2.0363078348395307,2.0063495892434675,0.2000000099927983,-0.4041648569046418
1,-0.0114414817522745,0.1336928465997989,1.6862615952875952,1.527956043785497,-0.0207817748642101,0.4709154150780031
48,-1.0622805668449826,0.7515154151881717,1.262381970011864,1.3410934530749343,-0.2000000099941519,0.8774243866542809
6,0.0142629744556809,0.2949048710374304,2.2499059001591544,1.6947328766020893,0.1999626246730224,0.0156180689072562
27,-0.3316470831474851,2.1357514813858662,1.337438908466373,1.321283101030716,-0.1998409507278519,0.0608207345151015
3,-0.055131158875455,0.3627823183663503,1.6341730720039944,1.5565276461157973,-0.1081822583564484,0.474085271272757
19,-0.2488477436622319,1.4389331818983453,1.630937040844236,1.849891801529621,0.200000009993953,0.2693985777728743
38,-0.7367015061720075,1.4343440166457226,0.9035817282882076,0.9145310204445446,-0.1999999788575741,0.0901551051966628
1,0.0777038449563398,0.2575740277386734,1.712521837153707,1.522289409160586,0.1758735836510819,-0.3241107292964576
4,-0.1021720252378784,0.323600251718114,1.5062909806754927,1.5280737078680935,0.0102860527882129,0.4132179049992459
20,-0.3778460100174658,1.5730980702770037,1.4480616460230689,1.6443891092379403,0.0295526687871999,0.0188113333125641
17,-0.3725895070143215,1.1976279998226511,1.5993781509485585,1.7173812576176803,0.1999701232841599,-0.0254282637297257
41,-0.8054199752367857,1.4185808452112134,0.7816865265237962,0.8897822423016847,-0.2000000099554093,-0.197147893478825
46,-1.0334207437190734,0.7737035404512819,1.329419874646936,1.316952130778368,-0.0700293796560332,0.133356379141279
16,-0.3302398050213292,1.1589459927832486,1.6416649902847151,1.8205647617821288,0.1999892429869207,-0.2361274835408401
7,0.0612174543660328,0.2633527794723715,2.2483720826592783,1.6184247485759036,0.2000000099934217,-0.4343312564264505
45,-1.0200516678528118,0.7750322863607351,1.346284576752458,1.3903846175102574,0.2000000084601308,0.0857956634296034
15,-0.2974639432866068,1.040873617008944,1.6787785860386233,1.8165721370563384,0.199969900392018,-0.0938797408344113
6,0.108793281398636,0.2904302109172408,2.034860761583338,1.5982514024371772,0.1999689967238654,-0.3484075998092311
21,-0.3763076283127946,1.5376643839455015,1.4768878098689306,1.6329107695684553,0.0454812140571514,-0.077427268273905
2,-0.0779429683198332,0.2351584710063529,1.554617771008287,1.5732922912697889,-0.199843619298863,0.4058260842707393
37,-0.7428535854913384,1.4892348303638046,0.962214915327869,0.8387885060091864,-0.1890517029839735,-0.4164306521628005
2,0.0778880570626562,0.3305914367519812,1.5869332599130015,1.56718290360557,0.0340088321780524,-0.1010316972989474
48,-1.0812548535551223,0.6784096750624495,1.6441607559707505,1.2514224338685171,-0.200000009951235,0.2773868856305132
15,-0.3143851180870889,1.0211597394973746,1.6644575829294066,1.862957589440242,0.199985754608417,-0.1599231259670069
16,-0.2539361754469482,1.2340354537538292,1.6878638500955443,1.8971501419075976,0.1999904565119277,-0.0660650867672146
16,-0.2899752734381153,1.0718090892816126,1.6170574175801615,1.7485362051617843,0.2000000099437407,0.2072214658358891
1,-0.0130445122509255,0.2947066593511545,1.7399775246765952,1.4918486382494345,-0.0202992542828833,0.2659734403215857
22,-0.3595361653841685,1.7080469223360484,1.4643370575549763,1.5863314226909393,0.1291475785160101,-0.10335425574875
12,-0.2029610300113685,0.7853019214419261,1.7545008817569938,1.9790898731008213,0.1999896299096988,-0.1167276105055201
19,-0.347065019610248,1.527772514117181,1.5439946437862258,1.7213660140013332,0.1723143605355085,-0.326627248876648
33,-0.5144394215620753,1.7694370623179667,1.2423813979336256,0.9798032890955962,-0.1999532389112569,-0.0700316790391594
5,-0.047713638667494,0.1203322379909372,2.169901392364112,1.2185929241597704,0.1999413458810545,0.1553907513984486
22,-0.3609612656391452,1.6585206154730865,1.3872065107014515,1.5445816789553264,0.1999289046438991,-0.0927151022351153
47,-1.0264411915263312,0.7397480763891694,1.397672657915626,1.378189254199041,-0.2000000099106842,0.6789132068191864
5,0.039199090125119,0.1530067568546313,2.2965833182123045,1.6319203654260026,0.1999288042614382,0.0047306007102723
46,-1.004562353277839,0.9134722421307734,0.9895538623121124,1.332641902162553,-0.2000000099740848,0.2191722747161849
1,-0.0777514950420973,0.2238354049630646,1.5934783341970782,1.5635936000556183,-0.1999413522506787,0.358199440915744
31,-0.3851102086269619,1.971012557851873,1.3710456202414374,1.2799398096589931,-0.1999999338194158,0.2371004402278456
49,-1.0950365537469615,0.609447054007734,1.8196727996417803,0.9251206940735368,0.2000000099744908,0.5741126597967232
14,-0.2892356426464418,1.0975098870318154,1.6714567887273173,1.8249000176488308,0.1999777956942349,-0.0970217848227446
7,-0.0939228239337794,0.3816237739785161,2.031445267671023,1.5145453537966105,0.1996487776585053,0.1387237760251624
18,-0.3623391262212936,1.329662868072656,1.602302943417106,1.687418076680649,0.1996553494552964,-0.1528414548813422
12,-0.2294857644239894,0.7706718538626023,1.7469851235535483,1.924904991930784,0.199970298380146,-0.1076559826013165
48,-1.0533214827521022,0.7028450874770759,1.5473747226086,1.206198332139637,-0.2000000099630031,0.4705371295754161
13,-0.2152188358687813,0.7785471465306888,1.7594287070122103,1.9445670012677745,0.2000000099932498,-0.2037659763011917
36,-0.712097879466648,1.5420395140203196,0.8235114756170292,0.8801305581999087,-0.1999978552544568,-0.0108523469105546
21,-0.3709048993729404,1.622663372736871,1.416779558235083,1.6313148564041862,0.1999227495818462,0.0339951142862573
46,-0.9947172812978172,1.0444826730093248,0.8421831813045038,1.3770105261666994,-0.2000000099883363,0.336609045676997
31,-0.3893958504073663,2.018981685679856,1.5396640943971018,1.180080186176137,-0.1999702411008339,-0.1010533849445048
23,-0.3462783490940265,1.7333604055131893,1.3426316390421729,1.596946132729671,0.1999711641225183,-0.2013855075928039
20,-0.3486036599877085,1.58064182784414,1.2746325153759046,1.743113391693919,0.1999195590232095,0.1902044928438446
26,-0.3802275912806696,2.030838722848441,1.2265088717129569,1.436322529998677,-0.1987782777326282,-0.2429772522432497
30,-0.3756518253727113,2.061252672261709,1.4898283566024642,1.241910213772166,-0.1999969066672384,-0.36761410362331
3,0.0115288383201684,0.0782584832633575,2.147609711685453,1.3829700513011989,0.1999588363473218,0.2864192765102512
7,6.614594477001232e-05,0.3164308385415368,2.248308585086141,1.9386197675768533,0.1999631698505909,-0.1979587184702004
20,-0.3704383856142817,1.5664910124149372,1.398547280225113,1.6403330801844869,0.1529826939616593,0.0858229875509031
7,0.0430361676128091,0.4794818130846303,2.3305236679730763,1.837606414419991,0.1999223917286997,-0.1350127663379567
44,-0.9879132016100384,0.955075313752536,1.018402182557855,1.3625497707759835,0.1070335985207801,0.3547860768367264
20,-0.3673766398699246,1.6042646547730697,1.499123522141252,1.6848999600849752,0.073476574580235,-0.0417104701801711
23,-0.3866443862361683,1.7436663975388318,1.386972808339868,1.5624825965504108,0.1195381790501954,-0.1194214509083561
17,-0.3274840488170019,1.2740017508270125,1.6433298485961298,1.7614724798373969,0.1999749304724712,-0.1479808458177164
9,-0.0532169317689024,0.4831661992010933,2.080012318738971,1.9966554465625863,0.1999926357452428,-0.1426204694371675
20,-0.3555247239949794,1.7643814610459143,1.1564512561562892,1.6332206320023257,0.1998159259920772,0.2033013815031925
41,-0.922257039816376,1.2820704865784944,0.7777536074307303,1.0978692371573116,-0.2000000098878494,-0.0566644711926461
14,-0.2845053603911594,0.9768202815206904,1.6736525195327143,1.8480309751815105,0.1999563662674085,-0.1087842154373598
6,0.1005206433239672,0.201896178980493,1.5169124054398877,1.5949438943401864,0.200000009993113,0.6287157842411906
42,-0.9678375444669016,1.1746425955697568,0.8353511514749865,1.2026619370568088,-0.1999999920529785,0.0355700337466597
13,-0.2599941481752427,1.026126584150962,1.6875437135484557,1.8787674277966495,0.1999342607334672,-0.2212359383181514
21,-0.3746190446658664,1.552202042310333,1.4204921797347856,1.6103351652166524,0.1998883250317235,-0.0171660707500873
20,-0.3748452278627062,1.6869803775963064,1.4197389791396002,1.6197532653723146,-0.0702878802571871,0.1542603127208229
2,-0.1027127783971052,0.2421086462261811,1.8688454637911656,1.4360763408673751,-0.1999024503783025,0.1150141601089828
2,-0.002453599177693,0.1621853744644943,1.8820933262493948,1.3343335668750789,-0.1940699542808124,0.1103841234541708
21,-0.3729434563511876,1.5704076788393109,1.4799145693567135,1.6388765027219327,0.1869851683549317,-0.0348729579971978
12,-0.2091219380800425,0.730182666763254,1.7292894358423094,1.867932239721403,0.1999574470694206,0.1312874538634496
24,-0.3508469836612427,1.8224892889930897,1.2838425869729857,1.483547286386574,0.1999861999359899,-0.0467338911864249
5,-0.0580177690324505,0.0749903304651304,2.1318302611496787,1.35811430704366,0.1999997735980792,-0.3034894117554339
15,-0.3160204277176938,1.0288504761264998,1.672810156890426,1.804962673462172,0.1999793611734314,-0.1167561455165326
1,0.0767375326187756,0.2811476117085804,1.4587401809805085,1.5885200915197792,0.1029760804461941,-0.1788590850830599
21,-0.3735050533662229,1.5464798813695797,1.5027970346298556,1.6410844247344107,0.0229286245781412,-0.0639381977603835
15,-0.2916258300018663,0.996406646090341,1.6255841786649563,1.7983871469927477,0.2000000099450863,0.1270377225249186
27,-0.303232878525543,2.096426272166836,1.4582815962519984,1.2421918014480808,-0.1656639582879807,0.0715739531319303
16,-0.2882001275633774,1.2836715189000008,1.6740451482508072,1.8262428667918909,0.1999755755671008,-0.1473128478429562
10,-0.0342386401828873,0.5941409811026159,2.136170731576293,2.05485532716977,0.1999767779529975,-0.3085298747006956
0,0.0333333333333334,0.3277777777777778,1.5707963267948966,1.5707963267948966,-0.1997317424188846,0.3180073275847675
5,-0.020630227643581,0.2003876008313696,2.1378396163370947,1.2711300064304152,0.1982322223039558,0.2065472824624888
29,-0.3461589423257266,1.999196553620174,1.4565116810288767,1.1099511277313376,-0.122435505534893,-0.1794661723509035
14,-0.2507467031055761,0.9418361456807784,1.698430084394967,1.904456318808997,0.199981484644037,-0.076750697219725
29,-0.4096456785784209,1.9997718715141168,1.5635439018395283,1.1283072521173023,0.128212899942187,-0.3156846612400205
9,-0.0950707808600176,0.4409398791591724,2.090062824138675,1.6228639087161147,0.2000000099567106,-0.3205929037386217
13,-0.2184192535787965,0.8976490598599722,1.759195053648754,1.9202605931851104,0.1999162342183465,-0.1403374558087213
22,-0.3868158517992608,1.686446752474133,1.3980850550022463,1.5840773306235556,0.0595529591451851,-0.1041149853267641
22,-0.3964628532953854,1.6546749114937394,1.4468137259271483,1.6175452254881386,0.0825643715136195,-0.100191278806866
18,-0.3197798776444603,1.283891940032878,1.5915477062251906,1.6764922378453269,0.2000000099674811,0.2269778361782483
38,-0.784016473780586,1.3969677059843355,0.8932340438753678,0.970059601320768,-0.1999999125603043,0.0202299852757651
36,-0.6297075507502972,1.5963689058140549,0.9595853584494928,0.9184962093724272,-0.1999999915562013,0.1172470989019335
14,-0.249532992817739,0.8424489417979495,1.7458508806910853,1.991912730659097,0.2000000099833633,-0.2706019397213145
15,-0.2805677480682055,1.0360024163132606,1.6600547357851043,1.8513503560289373,0.1999743181499739,-0.0876523341596015
2,0.0546491607769085,0.2282831593071396,1.719292596974645,1.5099073974255586,-0.1997205584001839,0.344760173754539
40,-0.8378404737998999,1.310686078280952,0.7525293948736529,0.9443467514128218,-0.2000000095580603,0.0618944796950458
8,0.008664195426647,0.4931868102052329,2.2280935207989554,1.980151832518186,0.1999694665203981,-0.1696025423630778
6,0.0167449618498824,0.2453676890635457,2.297849432626043,1.5229970790674223,0.1999682683237762,0.0309909574141342
14,-0.253873827145282,0.8947411012060333,1.663340368368898,1.8087222146934567,0.2000000099697348,0.170283468067631
28,-0.3470370955740398,2.05831518346304,1.430077798289526,1.2741224224006864,-0.11618315089983,0.099388010026363
4,-0.0364249751755553,0.1256059740004899,2.0548546398666243,1.165830643006675,0.0459181696492661,0.1933542060913462
7,-0.0004111082375098,0.4175027506294495,2.232970059910093,1.94071780659906,0.1998856191104146,-0.1686328381434743
30,-0.3400568155015395,2.0209893784511186,1.4917325722661356,1.2488916573888933,-0.1999999099129761,0.1036259918241779
7,0.0997070028909676,0.4091707710516211,1.5548252398755888,1.5702241214645192,0.1225593550014678,0.4545579218625499
28,-0.3297466972237833,2.020442914920235,1.576619059992086,1.2072584391337726,-0.1241365953427708,-0.0174214852505738
9,-0.1149901834357372,0.3944675729374891,2.0276053781297545,1.9036946719432652,0.2000000099931131,-0.3840244020368311
39,-0.7436271847448513,1.4881323905794424,0.8943362754903741,0.8638636606841835,-0.2000000099016695,-0.335029452788447
35,-0.6266941449203275,1.566303379624188,0.965728578218494,0.8700940416276255,-0.2000000076736884,-0.1115921704565513
28,-0.3563247240963517,1.9468584158761293,1.4647245491531231,1.1730855478835678,0.0598986898487753,0.164158370707203
10,-0.1224318959848745,0.551919470832702,1.8174102763321736,2.020229549558648,0.1999845717030804,0.0844871709110587
27,-0.3374744094475735,2.0762457220160124,1.1698712865498404,1.4448051986500747,0.1999931446596359,0.0365292173477334
40,-0.8211018500364999,1.3899302514257532,0.7285294717129849,0.912437176907458,-0.2000000099418773,-0.1958358835208463
1,0.0549957419985571,0.1927535944196634,1.6996884504940848,1.5206604327419506,-0.1999287938887459,0.3267005170092784
38,-0.743880326032386,1.447487058653176,0.8709736904737095,0.9384983754908036,-0.1999999754597073,0.1480767969929016
16,-0.3349727590315307,1.1769212738787909,1.6378870318320136,1.82511590485476,0.1999606357103193,-0.2601143617863875
29,-0.3754926772434602,2.000826793548567,1.4534358690169196,1.2431287407201002,0.0612860045466032,-0.0024029886930331
48,-1.0396708096497496,0.6893253719161767,1.707684946307216,1.22998673610002,-0.2000000099633452,0.2002425799721078
5,-0.0061096071175531,0.149646376846238,2.233448517569576,1.5289749640552917,0.199946956408943,0.0871783630919459
15,-0.2225190393538802,1.125592275821999,1.6943319300797324,1.930335390889007,0.1999881147569914,0.0915217499318713
7,-0.0513737562066372,0.5168120817166479,2.206015411246159,1.6854009637331635,0.1999800122586695,-0.0751095348943122
20,-0.3823145336097681,1.577694736469171,1.4521678360786776,1.6299652141921623,0.0367013854487021,0.0215894707093068
33,-0.507261840782704,1.7065901876918332,1.1910924027350287,0.9066795576835456,-0.1999999972731306,0.0476687132169091
1,-0.0777984986119799,0.1680061287866306,1.563301266231809,1.5730007040255178,-0.1998216768337085,0.3742580629562702
17,-0.3140801950062987,1.2000486529840142,1.6237227330592017,1.7819295991388149,0.2000000099591114,-0.0308909444823742
38,-0.7789516561343729,1.3735859306300078,0.928901557363882,0.8992770342529874,0.200000009375802,0.2207469880142333
9,0.1026413576953657,0.4978901078487695,1.93371664831904,1.481938502089505,0.2000000099640686,0.3914223046642303
1,-0.0827660331934941,0.2112742717179843,1.792561282814047,1.4437122338447306,-0.1999538420060993,-0.0379534779846786
32,-0.4003474457035482,1.9222163907912688,1.393198522799883,1.2517280781678226,-0.1999999609369731,0.186501714572722
25,-0.3853444693494736,1.8376154736191923,1.291192163774047,1.5271483070618008,0.1999411562897857,-0.1968558727051304
18,-0.3481368425403377,1.366649629548685,1.589355309554611,1.701412958868581,0.199593648581278,-0.1946481851355458
2,0.0259804633610349,0.0648494863952514,1.829923481741224,1.408042021683015,-0.1873960618944666,0.3863375085065505
39,-0.7761132951150985,1.366165709469659,0.9371398920801024,0.9555064378549064,-0.1999999881768346,0.0807186821000419
17,-0.3051306826504699,1.1655193907094408,1.6028323593225815,1.7147727933262658,0.2000000099697403,0.2180431161620334
5,-0.0772901810089353,0.440759615031028,1.6241331129011254,1.562905332735511,0.1996209718053811,0.5066362015759412
6,0.0581105310677646,0.2941240617565512,2.299635477407668,1.722273529160604,0.1999543055037186,0.0117024508058587
4,0.0374684669843776,0.1442206634969119,2.163974226513181,1.4384122502059498,0.1999732369713992,0.2574151956014833
48,-1.025518956479384,0.8278860041177198,1.163748835274253,1.339036530432257,-0.2000000099785314,0.7457137618499158
5,0.0728992696122738,0.3043792764893731,1.86686493183044,1.415038415718978,0.0306804910339139,0.3843581144153435
39,-0.8695746248460828,1.293888237168604,0.7077269814166955,1.0180690935551802,-0.1999995217848584,-0.0354824566210781
7,0.0553351096665793,0.3048226260129452,1.5344563266870122,1.5792771244587611,0.2000000099543796,0.619455436777938
11,-0.1691049967435986,0.6483673664141452,1.8752299296346049,2.0317422989754568,0.1999852562929203,-0.2197572281151673
9,-0.0176140139694253,0.4157663969606004,2.2541423151877265,2.005655029351998,0.2000000099944753,-0.5416801422790837
3,0.0776138995825628,0.3820892630977732,1.557286157333527,1.5722560310538691,-0.1991358428312069,0.5768824664264474
1,0.031902604527364,0.2336515946842388,1.7127540270474295,1.5066639626818226,-0.0888191033255637,0.2795473083830329
42,-0.9704398028157344,1.0745114580973043,0.8180399304863553,1.1710493783416158,-0.2000000097841448,-0.0627515996218679
43,-0.8854072559092866,1.2278291742481084,0.7710032547500472,0.9982314375161588,-0.200000009954615,-0.0731896066251987
39,-0.8214793729684732,1.4247455075791946,0.7283758791771273,0.8708546705541371,-0.2000000098931786,-0.2530476480379969
15,-0.3046595855522886,1.0593368109975638,1.6339465036401672,1.8013829752179036,0.199974012548294,-0.0487479091924196
32,-0.4172615124111354,1.866270825194475,1.4731833888825516,1.1475486481482091,-0.1999999839466816,-0.0092123701305358
22,-0.3884638863074494,1.6424477940378113,1.4477795558657984,1.586095051683394,0.1693535310681632,-0.0725064503781266
23,-0.3471376577705972,1.6918687495745537,1.425839559235845,1.6006802883837123,0.199974363319922,-0.2148240392813624
43,-0.9491302590552242,1.138329802110178,0.890362383541736,1.2500869768137313,-0.2000000099402357,0.2990688025696795
1,0.0084005749166861,0.2390649213882637,1.7599537978556494,1.4769400308041776,-0.0621577025213684,0.2417106925519701
38,-0.7688218315387673,1.4631375449635478,0.7875873341915622,0.8839791591789368,-0.1999999076164954,0.0038687767639245
5,0.0555957227364985,0.3887258812527377,1.5798672112312655,1.568361505462646,0.001938491042249,0.5896854989825389
30,-0.3987536406123485,1.9412035100019924,1.4950308884170391,1.1599733275185058,-0.1999876068433843,-0.0348455473945032
29,-0.3788779914430282,1.9948020016111656,1.459929754087005,1.2339974570282002,0.0860115011481424,-0.0391151325885574
24,-0.3652950850528834,1.883837214672082,1.339558478976409,1.4930740382599788,0.0776158561387038,-0.2287977472868758
19,-0.3285169146595557,1.3642047305541016,1.5833641524103026,1.660479235427262,0.2000000099479914,0.2741350944314384
25,-0.3414744968557995,1.874443069806791,1.265718356766973,1.4604364107863783,0.1999964091882858,-0.1785715256051439
2,-0.0777150185090478,0.3118195793539835,1.585338600971971,1.5668939171091274,-0.0036550923476881,0.4261806649833211
18,-0.3198897952298941,1.3285073992349037,1.5707009072091918,1.7014342057249887,0.2000000099692238,0.2399225053801751
6,-0.0581704887558217,0.2641868076898126,1.8873579456147287,1.4297684029318722,0.1999709712450548,0.3534471608481839
13,-0.237058070908729,0.8835235445143307,1.678387981900249,1.8610109034153048,0.1999783560601801,0.1277002880439227
9,-0.095299821985077,0.405121685429088,1.9913506815817688,1.4828772115460829,0.2000000099638343,-0.0796961060122392
49,-1.1040437721801677,0.5984265688877524,1.8025153599314,0.8877011947169616,0.2000000099751354,0.6059060091759734
4,0.1078686004101124,0.0559087386530729,1.757947369315663,1.551141735248048,0.0992263451102327,0.229293647275144
30,-0.3644714349151635,1.9851510298215416,1.5040951210225917,1.1926480141591091,-0.1999852906012965,0.0360835347404758
4,0.0978883070358139,0.252570353178451,1.6003722883174536,1.5349192639457274,-0.0797511386467936,0.0337969378627118
25,-0.3436129690994264,1.8962562375955392,1.1757850582387783,1.4849762069349062,0.1999800956438062,0.090537278338943
4,-0.1147563330083812,0.0715776237416724,1.95202882269896,1.1535669379281477,0.1273728900145225,0.2698927970172647
0,0.0111111111111112,0.2388888888888888,1.5707963267948966,1.5707963267948966,-0.1998291862253509,0.3998157720713477
21,-0.3587958094338158,1.559529047636057,1.4421011961510013,1.662146654535106,0.199934849458817,0.0452432800849247
18,-0.3199501648583976,1.3294460015169192,1.5858552354064326,1.6977946763035854,0.2000000099708069,0.2195210123156312
40,-0.8970408203297715,1.20485410461411,0.8072885096499531,1.0947751854877572,-0.199999748257739,0.2325177524562589
22,-0.3453057462570352,1.640919143112869,1.4167712005462985,1.582399223066146,0.1999623823690772,-0.1024283982440149
0,-0.0555555555555554,0.35,1.5707963267948966,1.5707963267948966,0.0335016220697949,-0.1714308429944289
6,0.0620340438570987,0.3495149494229533,2.23134204099444,1.4919470073715366,0.199644012327728,0.1379856884072609
1,0.0060695076902297,0.0408514831059482,1.753309921422277,1.45888333118795,-0.1998856681476349,0.3937379577256849
47,-1.0228336595841494,0.8075041256587578,1.2314617233958582,1.353709180778683,-0.2000000099713533,0.3429411389320197
10,-0.0929655392709814,0.5742075830636374,1.952708181985889,1.9984268311889488,0.1999761954015167,-0.0387200841735562
8,-0.0705003933206196,0.4156234411230213,2.118844670304332,1.843265990773897,0.1999818220571099,-0.1122933913538844
40,-0.8845989051185916,1.2551132651262589,0.7427931711644813,1.0164197510670692,-0.1999998870566002,-0.0879976653452758
21,-0.3887895960160735,1.639006921652436,1.4579253728177886,1.6277727361026042,0.1990998720527267,-0.0275030788788031
13,-0.2040598913240665,0.8585309249914971,1.7143510180201869,1.936824201927461,0.1999767554169969,0.100177052861378
25,-0.3847058722245008,1.960369480977024,1.2554991478708128,1.4788573344439793,-0.1684925630863309,-0.2445665688657832
27,-0.3455418758251382,2.1086817043717154,1.3033634508636336,1.3301497508043496,-0.0820053154459444,0.1719735803201487
26,-0.3264874526736606,2.048526004835729,1.2629485979339337,1.3708924543047143,0.1406382089498091,0.344617556909133
20,-0.3664941155636474,1.5678331855530594,1.5119121382620673,1.6837363151134943,0.085954210944137,-0.0576027374160232
4,0.0533126719547369,0.077054887859011,2.0963943685081343,1.360817128462099,0.1999695176781583,0.3351204922006796
30,-0.3727507831480818,1.9277329623657125,1.4564887332406382,1.1299439008370888,0.1998988165830001,0.2635413301232759
36,-0.6600667910135342,1.5443306515836943,0.9524123250183204,0.8845661185578468,-0.1999999032733455,-0.1386282477373566
7,-0.0335079306597345,0.2448061957776313,2.196261898675237,1.703571496881229,0.2000000099505357,-0.4675936055305544
2,-0.022373197694715,0.1172105676136419,1.8800304839995243,1.3533655630152504,-0.1825782417675137,0.2358354488056017
38,-0.8197009560154157,1.43409410150128,0.7222040938821177,0.8629018706076783,-0.200000009979831,-0.171347537792154
18,-0.3425394669922734,1.4384626548354065,1.5902795130994658,1.7523277808932247,0.1930517108599766,-0.1726175124704228
11,-0.215660685620616,0.6867252850755984,1.7797649512675149,1.9365100312110093,0.199943446042277,-0.1337409576074902
5,0.0370497633166946,0.1774191785967792,2.208909043171678,1.4504068588358785,0.1999563208733559,0.1077899635851694
6,0.0156936956356998,0.2489645345602355,2.299537405257315,1.6640984658500702,0.1999375279679539,-0.0392599123259805
2,-0.0330480365804302,0.2032626599315804,1.689720139899526,1.5351797149401194,-0.1998781594548518,0.304417646541281
30,-0.4006227076305864,1.885375162638542,1.5111148404565196,1.0522815634521985,-0.1999906490033997,-0.2474899538409545
3,0.0525611528051603,0.3221066919621067,2.0438054660942893,1.362176735418037,-0.0197984271955916,0.2256168302893863
43,-1.0030437379431465,0.975191546020868,0.9713639747360664,1.6335381503162252,0.2000000098889453,0.1194488105936266
16,-0.3297012130668351,1.1764136447927684,1.6325598369028906,1.7690046044286476,0.1999671398716096,-0.1675748152084271
46,-1.0583067773031674,0.6685462184222265,1.5220413070894925,1.2836844678571888,0.2000000096207988,0.0770789779825407
48,-1.0576880648901992,0.6928712929214198,1.6519660050289,1.1899557576586417,-0.2000000099626755,0.2559615209640287
4,0.0558662380217082,0.1137110134034273,2.061842263736997,1.4011029017779506,0.1238391073717368,0.1163502974086368
7,0.0101600080389311,0.2889953801840551,2.262786307432924,1.7347767933942486,0.1999942657937688,-0.0757661612620348
11,0.0007931162599937,0.768986992081337,2.177069887490146,2.0228933126565742,0.1999775198625603,-0.1501834880349836
40,-0.8757554235068151,1.2860282169331745,0.6947176449734633,1.0178028605376677,-0.1999999192594453,0.1833999177857936
43,-0.9779771258812684,1.1553745289189583,0.8654390546169619,1.2282076198384555,-0.2000000099606423,0.066112340835372
11,-0.0890788079368361,0.6850069599549775,1.9563189643111567,2.073834327059372,0.1999788161096602,-0.1454649296848745
46,-1.02062125378306,0.8425162303409245,1.1534051346268992,1.3390900589836907,-0.2000000099312515,0.2638337890387247
6,-0.0278036516147497,0.3448444175780546,2.227574018559461,1.485581732796,0.1999393088978605,0.1079326859917742
1,0.0105855121705763,0.1851478485757364,1.6588028083231787,1.5350280109852976,-0.1999610709514534,0.3642572026899839
21,-0.403918600437869,1.6238208417734157,1.4966626288977007,1.628575586676246,0.0820792859013095,-0.0526972851272616
45,-1.001299886600428,0.8860393171552327,1.1332493546095233,1.4027676550964765,0.0011502988359903,0.4557061041860457
48,-1.0647603971041202,0.6835354676557404,1.6451767488059144,1.137362868549366,-0.200000009994845,0.3226723224700654
16,-0.3296332956789361,1.1473785655140034,1.6036436924705657,1.7460862667350556,0.1999515479816955,-0.0188251944422035
40,-0.8811551013756896,1.3395501276128077,0.7832454937186579,1.0185309784643997,-0.1999999968376845,-0.1701012645653777
34,-0.565102717221975,1.6337794568896695,1.056672059991632,0.8787383125137213,0.2000000063846072,0.1088379045645642
0,-0.0999999999999998,0.2833333333333333,1.5707963267948966,1.5707963267948966,-0.0185437722467093,-0.0478809998652313
0,0.0777777777777779,0.2388888888888888,1.5707963267948966,1.5707963267948966,0.1544764426950508,-0.2874611966702439
2,0.0527867804859071,0.2450700122363738,1.7521863366153578,1.4790505885231304,-0.0891247222929478,0.3299232959971533
13,-0.1870384133239763,1.007900251525142,1.7521009040694238,2.0240796645962806,0.199982328988662,-0.0674869849122671
23,-0.3571990828422997,1.7581455567760955,1.3181925425913672,1.5163524565336164,0.1999770702886653,-0.0617874440010522
30,-0.3748495961946176,2.022303625477168,1.477839002183116,1.2058505639753214,-0.1999966114887928,0.0208607677254394
1,0.0998432086989569,0.3991056850796484,1.54656379024056,1.5763684576410697,-0.1992956079523728,0.0666591053895845
28,-0.366223732428523,2.023742074713325,1.173046321668897,1.389093526008011,0.199949620798464,0.4462678072673846
3,-0.0405187792544206,0.2089682471259574,1.8505073497679567,1.399470818143519,-0.199598314743582,0.2184762729664941
25,-0.3366467542126384,1.9398626960272616,1.2125828872111182,1.435659112901405,0.1999676391407189,0.1017610959605223
30,-0.3991284649408018,1.943145396401408,1.4947385239091258,1.1632779320509523,-0.1999699366740837,-0.0130088338010793
8,-0.0902825108122925,0.3270933673380116,2.111406278857265,1.812955670142903,0.2000000099565247,-0.4394829058637394
15,-0.3112856681983977,1.045587903545936,1.671330594518457,1.800331798971956,0.1999885518466428,-0.0929876547702727
7,-0.0261373168376746,0.5313776722021178,2.1837379745461383,1.5915977033847493,0.1999521783796645,0.0142441005945844
7,-0.070076768390524,0.3483821929114633,2.205427689367176,1.592608978973156,0.1999013762431418,-0.0585242562418701
26,-0.3178581087556886,2.1505256798733576,1.1759961141976056,1.3889563925005506,0.0449227302949413,0.3720087499898087
1,-0.0561950712113065,0.3247402789183752,1.7096591601755955,1.516316877089263,-0.1999080129761355,0.2465541785773697
34,-0.5581129622755173,1.6707777555787116,1.0918990737434964,0.897973641820165,-0.1999774863566739,-0.2304164983731197
4,0.0026587367929533,0.1305239078071698,2.1496575186636786,1.2860660477870365,0.1078777346259078,0.1911289816935336
0,0.1000000000000001,0.15,1.5707963267948966,1.5707963267948966,0.1999174993829113,-0.2489113344557941
29,-0.3625200751679874,1.9393646269493416,1.463380933800016,1.1785992459766714,-0.0193349911758945,0.085054200231179
29,-0.3395353984849744,2.0023276947572457,1.463743784525667,1.091323809607975,-0.1629454074827366,-0.2425772091615259
49,-1.0568166652527002,0.6896309154453587,1.3875955837455134,1.300854899377632,-0.0587013695430187,1.2526309447449804
22,-0.3743396269338153,1.6036928015560836,1.4650564091887812,1.6305181946536955,0.1782284850297902,-0.1773739937626433
49,-1.0447532434431896,0.6746375912918234,1.8372146348145344,1.1551218108898913,0.2000000099928133,4.781690958743685
33,-0.5047858961970542,1.7169222193104947,1.3946612058815102,0.9450825353653892,-0.1616463369898716,-0.5304807323520502
44,-0.9843607917045653,0.9731241576571676,0.9821544411268572,1.353713179036467,0.0352781391746101,0.3950828108994327
31,-0.4028248025384879,1.8364500838807751,1.5013822140779831,1.5592489743613225,-0.1229993918725161,0.2770915602570433
24,-0.3478055113065033,1.8284732311054224,1.2729599634793145,1.5011628486690596,0.199986829566239,-0.0313643035461383
21,-0.3867661583919614,1.590415765184777,1.4706321294095854,1.6037258528758644,0.199945832299635,0.1029116070345879
47,-1.0347648495306945,0.7562134678561052,1.507230552343123,1.3574969378262796,-0.2000000099304631,0.443489560728828
36,-0.6791289822851106,1.6143453130194123,0.9386154013362268,0.881744320947641,-0.1999998848663566,-0.3216484210810101
22,-0.3801970996584075,1.668114010603028,1.494857002566929,1.6026041021159991,0.0996946493993542,-0.12908683392075
40,-0.8733694547509676,1.3666121824720197,0.6619457053628306,0.9465298520880284,-0.2000000091871554,-0.1254010479844771
1,-0.0132019280664217,0.1962747242709489,1.7205417911198475,1.4973380426950127,-0.1999118692586604,0.2598999325466155
8,0.0202853528050076,0.4143639708122461,2.249800612279449,1.82756484284054,0.1999784319278738,-0.0942047676652969
19,-0.3392128301170173,1.4753824852670052,1.5568822483208518,1.7627655269489089,0.1939749944927265,-0.2817417131692865
5,-0.0837359200811038,0.2012775269794526,2.0021431977537016,1.3475808238591158,0.067829438720398,0.3066860114017744
18,-0.3215446188028878,1.288639799072714,1.585254998007093,1.6841806827699488,0.2000000099682801,0.2267128345726345
21,-0.3456092483914958,1.5507642549284002,1.4560683342304568,1.634502063711138,0.1999115023635294,-0.0756558668389545
0,0.1000000000000001,0.3055555555555556,1.5707963267948966,1.5707963267948966,0.1729709727752174,-0.3505973243941606
34,-0.5879913045614102,1.741072683604929,1.0530624511328082,0.9010736714132092,-0.1999998861408786,-0.3741147561012232
30,-0.392686702772785,2.020767895706574,1.5434532138195376,1.1775028619919472,-0.1999668407461539,-0.2074546944024708
26,-0.3445667844018018,2.0295944558961336,1.2055669670185578,1.4028305757851265,0.1999020856104761,0.2240173195855526
24,-0.3486084303635794,1.819969155381452,1.2603670890119414,1.5379136601420669,0.1999710793168981,-0.0303027780489387
23,-0.382674745472761,1.6502255692446404,1.4416436935451369,1.598286947511228,0.1995416898781429,-0.3262071265645113
0,0.0333333333333334,0.2611111111111111,1.5707963267948966,1.5707963267948966,-0.1999421749467934,0.3726200339689626
24,-0.3388358788468568,1.837450224629564,1.2666211510684828,1.5351470511604215,0.1999685712364777,-0.0448319808991959
1,-0.0556099412798385,0.266574682000476,1.56248984585074,1.5726929552862283,-0.1997158561416119,0.2634573184958987
15,-0.2785358335580364,1.0097167424094642,1.639285729327474,1.826142360372728,0.1999983648777715,0.1189407786796424
29,-0.3575285429443289,1.990839253691964,1.4370356708038838,1.2397603637975028,-0.1102919836543792,0.1572217929618572
29,-0.3156211936527653,2.068988409736655,1.4557186188783984,1.191851794991104,-0.1999650624675223,0.047806446874519
19,-0.3750254444130571,1.4309316002699657,1.5470253537085394,1.6678860678319525,0.1998524248404147,-0.0586691289110844
12,-0.1233611754396994,0.7308268517424119,1.8415654423323016,2.0561959668628047,0.2000000099588357,0.0361926951534325
11,-0.0968820966392446,0.7556130619109445,1.9619327588614563,2.088180320537755,0.1999699550485345,-0.2698975591059481
48,-1.067863144729575,0.7143085789010711,1.5060470263150076,1.3432019937825443,-0.2000000099618242,0.3964866668776495
49,-1.0802432806306042,0.6286142383007305,1.6674779702320066,1.220707345840098,0.2000000099886829,5.121164287902398
30,-0.40775896985542,2.012855168561272,1.5607752176609375,1.128401572485137,-0.199965657386887,-0.3601728089477521
31,-0.4146429975787746,1.882697793382686,1.5439361154323623,1.0103989123122892,-0.1999791435230575,-0.3521523624381886
47,-1.073180551747062,0.7121141146387292,1.505938851335321,1.3390148383538258,-0.1006267981332706,0.1716965010274498
8,-0.0567185217646121,0.3307205209782859,1.7520565475013594,1.4887551895460829,0.2000000099588543,0.4220597539136554
42,-0.8777456847578455,1.2495645174813073,0.7029968249287943,1.0178351140642383,-0.200000009863069,-0.011694050132074
7,-0.0471021604916344,0.2866315626113204,2.2409766922381262,1.6005553695152532,0.199990882291867,-0.0673977078020548
3,0.1026580494836476,0.4156255404071237,1.9998776773598528,1.4644832794547191,0.1999411769572186,0.3742665427626569
36,-0.6207022046749812,1.5837020379447504,0.9568986083057264,0.9450001274777028,-0.1999999822360245,0.1749357549956066
35,-0.6228114116125117,1.604077226819933,0.975853887447391,0.9140093383220876,-0.1999963218267187,0.0611472738993303
0,-0.0111111111111109,0.3277777777777778,1.5707963267948966,1.5707963267948966,-0.1997143067096124,0.3890941193613746
5,0.0148092146761728,0.2215894402629963,2.2303547720101218,1.447100973696377,0.1998213862416369,0.1216547789992256
23,-0.3537842203497855,1.844416875896452,1.3899053434071968,1.3744975232394367,0.1268178659556293,-0.0784084983326009
3,0.0510525539834178,0.2416739117572355,1.8695114339378216,1.4173957657121985,0.037195247709423,0.3278111214170143
44,-1.0272396481054915,0.8138848729934524,1.2206666628506522,1.3522293054506975,-0.1999999818909933,0.0288796658652209
18,-0.3536420597246064,1.328023696893654,1.625184017429877,1.6795455450732306,0.1998410422373352,-0.2907422065197921
30,-0.3344718264061874,2.036477459368136,1.4492094526675086,1.1698679726172705,-0.1999999330957729,0.0166152438210087
19,-0.3702237519344428,1.4853009391297098,1.544587899991546,1.688614798200943,0.199796105301423,-0.0588241897508839
39,-0.8389788107241469,1.3394718003179673,0.8248227522420986,0.9276783532331538,-0.1384679725803171,-0.2602102145372701
2,0.1018711177853594,0.2168996942992708,1.783826501169477,1.5320890587207483,-0.197655416177919,-0.0201420400412958
39,-0.8780382121448682,1.2449734249019224,0.8207071694221835,1.0482698258720635,-0.1999831162632148,0.1238860856288605
6,0.0381325796797843,0.2225422811904351,2.249101725467716,1.6502311556028877,0.199963675394203,-0.0028523789986505
9,-0.0764844314586555,0.4286570003570354,1.6466385247793536,1.5453401560976354,0.2000000099569574,0.5254579905397482
26,-0.2882206151092732,2.1762824019194564,1.3287814306702952,1.3212910959923776,-0.199813461055116,0.2104989153393104
34,-0.5751718623155583,1.6937613843036632,1.009599712738071,0.8087290967666949,0.1374791309593256,0.170444037853808
18,-0.3442832940405168,1.2964427299701802,1.55559749255446,1.6667990837527529,0.2000000099931183,0.2274678126079913
7,0.0749835316386978,0.3235125495998122,1.9151911005839224,1.7245260270023048,0.1998174628446097,0.2304994576118942
41,-0.7884202257720316,1.3602203499661574,0.8545066016402583,0.8952667166533887,-0.2000000094954288,0.0322888124024664
4,0.0546090309714006,0.2933385104267141,2.0838774080064635,1.3754031741380188,0.1997299055846532,0.3436918112560498
30,-0.3881084619577905,1.9083992836002648,1.528128077336822,1.0866670196269628,-0.1999528338773006,0.0235884413349807
35,-0.5938006541844632,1.6200150859601123,1.022087295600448,0.9329693961116428,-0.1999999197686731,0.0168250054904946
49,-1.0902705410242957,0.6487625253362249,1.8298268458482363,0.9502142622137412,0.2000000099684804,0.5489004400377478
2,-0.0174541621907598,0.1273957979122554,1.855950110652719,1.4058661123510934,-0.1996862841149752,0.2333507651071827
33,-0.448940822243557,1.798279430793329,1.4996867376056056,1.0858653364748183,-0.2000000094348956,0.0606083385065737
25,-0.374817661113386,1.822626322430006,1.3178402642395834,1.5400269904208188,0.1999504391065502,-0.2616600277944927
7,-0.0807570553225281,0.422510617818881,2.138205678262983,1.751364920150764,0.199932896985859,-0.0948684823325271
5,0.05535141470826,0.2897573478851138,1.5302298674967627,1.580977183567683,0.0094133481369501,0.6749088822031496
17,-0.3592033526181293,1.5099988119287917,1.5094715478506426,1.701266727279999,0.1972110667074896,-0.1024950533091569
31,-0.3778327685564242,1.9921159176894752,1.371670619645391,1.2820632909863785,-0.1999999372517551,0.2409372726067366
1,-0.0340716126566529,0.1212599569464335,1.7093727747586112,1.5152853141048483,-0.1998853867307329,0.2946980347182212
2,0.0161326198102205,0.1152100866018957,1.9406187097218373,1.2747799712969503,0.1197770830716495,0.2502785417020621
26,-0.3522972774217188,2.021462305019498,1.1623242886630931,1.432614007807126,0.1999373669839908,0.1852944723317793
48,-1.0714832454049583,0.7136254935204449,1.3811271181937794,1.3096464053295054,-0.2000000099523894,0.5686112403892456
47,-0.996142959352472,0.9277798375033656,0.9535496912142428,1.467272947644162,-0.2000000099701414,0.5143809746126901
13,-0.0284465686181511,0.8965483719409861,2.071766016134296,2.028538947099367,0.1999980085938182,-0.0992990128719646
4,0.0578776329369808,0.3168026929776271,2.160552785792623,1.3935695830584114,0.1999457879885566,0.3089788732382574
19,-0.2625562551913784,1.5546838850537756,1.5448245863106589,1.8006968971817503,0.1999087301677863,-0.2370324888700067
31,-0.376428934370173,1.9392619532193849,1.439708304652248,1.0140797071381875,-0.1999508015772954,-0.2342461318505856
2,0.0539802327814272,0.1722913722524979,1.6353003117465184,1.5333545517316545,-0.0835056327088268,0.5043013158959483
5,0.0832463581026137,0.1468620734112581,1.870003053021436,1.5454647951230434,0.1998274378524478,0.302809050323596
43,-0.9616225056224992,1.2126791710883609,0.7130105468120913,1.1569471723803089,-0.2000000099344795,0.1416543437020663
28,-0.3742666868097938,1.9110348714325431,1.199812495210443,1.5047114183587176,0.1999998047404804,-0.108981649086475
26,-0.3485194726223118,2.0146938341364096,1.1801024623528775,1.4281482691506486,0.1999437584912636,0.1941446383561975
1,-0.099997969780877,0.3502882395475162,1.6088611977782588,1.558129694453506,0.1406224804242617,-0.3605990493016304
14,-0.2302429559045339,0.9160523192488448,1.727605433264051,1.9371664943592624,0.2000000099651594,-0.1778326018152659
22,-0.375858049282503,1.611146003842227,1.4641606469890125,1.5900094001587637,0.1461260044230852,-0.1784231312816756
41,-0.9319745667709656,1.1620641287868207,0.8844034112280403,1.1419558840955508,-0.1999996175089455,-0.0749289182649426
23,-0.3842212864486031,1.808553936484537,1.323718280592237,1.526435475685067,0.1998944103259579,-0.0364033257664729
32,-0.4555492085995142,1.8265465622224328,1.2785940142956118,0.8841767318542834,-0.0200916771210768,-0.4570035918393171
4,-0.0782847297244459,0.2780592293620285,1.5289712520923953,1.5761359475840178,-0.0623048688522327,0.4639142023422843
26,-0.3784629328355547,1.891968763019115,1.2289052131262164,1.506714092528545,0.1999873274528729,-0.1511305653551436
1,-0.0562744442197801,0.3167642374410103,1.4978039197459756,1.5805608567547804,-0.1996585544217573,0.4126354188773687
14,-0.1304654136511379,0.9538940582298332,1.9600431673019585,1.9885149540979343,0.2000000099647345,-0.3673305940073988
16,-0.3012522221545644,1.3224498896447456,1.645107566117438,1.7976292779184289,0.1999719879974262,-0.0347399813371206
29,-0.3830714189449566,2.048616950565984,1.5428376095977168,1.2002974550581178,-0.1903803923668516,-0.4260552374177935
2,-0.0029001434462372,0.1826467634804934,1.888913200297628,1.3274634510256305,-0.1838411806957084,0.0803378587683849
44,-1.0002853661140318,0.8922893153903515,1.1343029412117345,1.4021722557694347,0.0597322806985545,0.4637029540489932
5,0.0062126664438304,0.1684706467709223,2.134384245672498,1.3352534676461774,0.1998435625430652,0.117705317604715
20,-0.3347959144602768,1.4707723117677316,1.5541675883021693,1.649084889076763,0.2000000096712649,-0.6277840117501283
19,-0.3584477003958209,1.4187377663219818,1.623789714123204,1.678328868700149,0.1960520704098367,-0.244678555943722
13,-0.0886465043172149,0.8243306508740256,1.9913282516088824,2.08626284259812,0.200000009942515,-0.3822693898959715
30,-0.3659586398248952,2.035359348782304,1.360653112703238,1.2979304011490485,-0.1999999213586447,0.2600577663204432
25,-0.3546021111228268,1.9473659593550536,1.27882555938639,1.429825566196742,0.1999106921933529,-0.1296833818882441
30,-0.3788620775890582,2.0273735104364725,1.4342098119989046,1.2161350275476166,-0.1999377469772049,0.0056388241709028
0,-0.0777777777777776,0.15,1.5707963267948966,1.5707963267948966,0.1999558785497732,-0.1474204165610083
44,-0.9060922871121596,1.1681143825342166,0.8426126102593283,1.0706643299635386,-0.2000000099875381,-0.0968412143008317
34,-0.5058629112699118,1.7078348970695332,1.1836761171605923,0.9084881149263694,-0.2000000095676434,-0.0436327070650406
22,-0.3847178001579114,1.6876778673523662,1.390288178869758,1.58514775960459,0.1261538644747344,-0.2101705042465059
11,-0.19213743534575,0.7146107581839256,1.8043706911292408,1.990797786833011,0.1999541337401188,-0.1494554026567832
24,-0.3666983887951589,1.834683802091548,1.2564467561524155,1.5286545507727902,0.1999763212230911,-0.0044691728289719
34,-0.59489474241868,1.7226465252792027,1.040784210958753,0.9027308234097048,-0.1999998836307576,-0.3659446534166101
46,-1.0398714762170702,0.7954034124442738,1.207787157097135,1.3675796989254254,-0.1128544506497506,0.4182769576944943
10,0.0520168367791807,0.5450871678881207,2.173405119278703,1.9502560759145664,0.2000000099631143,-0.3175405446922223
7,-0.0188289111005393,0.2946110892592498,2.2261542278018336,1.7895098087423302,0.1999534623822824,-0.0962388883409514
31,-0.4033889641166499,1.9041281240813144,1.4007679196682314,1.0065971138060854,-0.1999459008087142,-0.2121578049359798
40,-0.9188885106853474,1.2127455427906444,0.6975776167377188,1.1487238356769516,-0.1999802608434171,0.3101603662657742
14,-0.2777112738280274,0.9098528499964132,1.6416443894293646,1.8309272531110667,0.1999910048060469,0.093376908556296
26,-0.3698125137601642,1.9938539774487487,1.4593167240407805,1.2402006898742666,-0.0756781969812153,0.0744158712067958
10,-0.0888831110035625,0.5531097442086033,2.0697693015125136,2.070906974442208,0.2000000099924622,-0.4593458104947348
9,-0.1087565548821833,0.4579247022125084,2.0575753609326224,1.8829554814288052,0.1999886011214599,-0.2502865065174369
33,-0.5935609918377951,1.621650083826708,1.012971774735723,0.9326606075307732,-0.1999532978587704,0.0087978943470604
11,-0.1653416007609139,0.6524498425579079,1.820242160060678,2.047085077872639,0.1999932169379605,-0.1589759554835057
2,-0.0555692452603018,0.2607680787155111,1.5732362950828414,1.569729108793052,-0.1980080665622018,0.4722708606221705
1,-0.0131005110954291,0.1373796372794276,1.7382102767613272,1.4919273683954837,-0.1999016876784744,0.2767870739993974
31,-0.4098640951697234,1.8426542842522915,1.512568854787622,1.548953402459267,-0.2000000095999606,0.2680595008235976
9,-0.1305064910828409,0.5410214544856933,1.8883294063296656,2.045614867676622,0.1999804163333556,-0.1936285380553762
30,-0.3125235861088925,2.072618879034447,1.4606706398215632,1.240761965771724,-0.1999999359424485,0.1264203973958304
47,-1.040968461972943,0.739842821814353,1.5617294012912937,1.2929557371891869,-0.2000000099449546,0.1120795685751217
28,-0.3308682800663612,2.061300674290258,1.505084283988292,1.2689241637842243,-0.1998255843608461,0.0624036617953985
9,0.0640585798162444,0.5611586692464222,2.0972516006788373,1.830777863699412,0.1999813125593592,0.157396070944167
14,-0.2712662374553033,1.0139812791868712,1.6944314810123782,1.8481579560801176,0.1999713075301223,-0.0805073736932691
49,-1.0410354673597637,0.6856298881019509,1.754412924000297,1.2059657947522224,0.1358048308990177,0.7390314442204482
7,-0.0778762508125416,0.2644009162466404,1.609660011776958,1.556468894276996,0.1999890846671919,0.5376612688027012
18,-0.3704611729539626,1.386043672277373,1.5373416850951056,1.6819070705585328,0.1997715007205127,-0.0932913415127525
19,-0.3485350563212155,1.4518104797641027,1.5739410423743978,1.7050196783085123,0.1998586056781614,-0.0365741900697325
38,-0.6212162608064824,1.634308886574158,1.003977231723243,0.8309301416585846,-0.2000000098779811,-0.2966451481861407
24,-0.4084981470244778,1.780860326633055,1.3731358657267432,1.5718658004493968,0.1478111288938174,-0.1704074124505691
15,-0.2708245014923641,1.06215280214217,1.6916475104199264,1.8457571326649416,0.1999674197131399,-0.1005718600625246
31,-0.4087823652806637,1.8507429782362248,1.5159659991648535,1.5388356262754912,-0.2000000099348806,0.2630102178475966
6,-0.003018594043291,0.3317807050780594,2.281070948639188,1.5608862893804738,0.1999432548040522,0.0608160120678377
0,-0.0777777777777776,0.1944444444444444,1.5707963267948966,1.5707963267948966,0.1999210610547306,-0.2055364662061665
5,-0.0381637768674603,0.4098152380845633,1.963372038767796,1.3798474417728048,0.0725210293480935,0.283195192340424
7,0.0799004149597607,0.4204635912830869,1.9489115114000184,1.4616124360573015,0.1309128723579702,0.0677536415100928
43,-0.9966166556345818,0.9538721325936046,1.1436252504775606,1.3174567058514686,-0.1999999324047889,-0.0458222669036375
1,0.0089246745444049,0.2172056950979633,1.7236184487727026,1.4953025519896272,-0.1999162245620943,0.2523816443734334
6,0.0153083968995624,0.2493708081826063,2.2156194979932646,1.667836257750034,0.1999758975779352,0.0521206311058256
46,-1.0209217253627827,0.7692535519544073,1.357971125343118,1.389713910479851,0.0547053101346656,0.4783476442692259
11,-0.2103039019711571,0.7387988754211128,1.7341408210034062,1.983002639235392,0.1999253841608161,-0.1066930124860173
27,-0.3568272013827317,2.0327418517530718,1.1791675659504277,1.3997986796193942,0.1999251799714446,0.2123732232328893
5,-0.0257272842454095,0.4036266921879723,2.176045761504445,1.579666800343398,0.199956381003268,0.0885905399844458
38,-0.7649224231766585,1.4966288701051795,0.7815228487041335,0.8120214602020434,-0.2000000098583209,-0.2663590641423293
28,-0.3623673452273691,2.103878864053068,1.485703577348266,1.2746804228367223,-0.2000000096502918,-0.4262188904937345
44,-1.0122605532233655,1.02341821679055,1.010268540182386,1.331638534424092,-0.2000000085221958,0.1300997233205459
2,-0.0173366229667064,0.1105210420825721,1.8655130873110632,1.4028539060576637,-0.1997845109823688,0.2954890211317741
31,-0.4291614704856652,1.8762145351542776,1.4663462853666882,1.077859820354509,-0.1999744877779474,-0.226532006932116
49,-1.101388162591765,0.6023983813789274,1.8086901296840527,0.8726650006007066,0.2000000099750456,0.592762695512716
28,-0.3705535971431449,1.999288933192578,1.151279124492083,1.414706184812706,0.1999853042089559,0.3717670157161176
36,-0.5556403926625674,1.672500338661614,1.1323242830720286,0.93160134099259,-0.2000000098451606,-0.3418653528351319
12,-0.2365309741780152,0.7402240767076944,1.7562037045743804,1.9350167232262765,0.1999782532469619,-0.1158380694088725
32,-0.4044470487386359,1.866586061966133,1.515530155101095,1.5356922332433276,-0.2000000099885885,0.2203891000247605
30,-0.3910277060324755,2.0139746796726987,1.5640155869212489,1.148514414087188,-0.1999690570872652,-0.190459425494208
19,-0.3547873301506791,1.4616069353195291,1.5746468288479083,1.6770358756336787,0.1999392264822191,-0.0264435090207136
4,0.0217957992769785,0.1543474676091917,2.1033496792104582,1.2637632855632377,0.0449581915653918,0.1949624678807805
37,-0.7320196390754521,1.4393086920269549,0.9073998714473586,0.8624122616673884,-0.200000008308773,-0.0860510447758828
4,-0.045401757146201,0.0701960389462633,2.103057817616735,1.2427953484218122,0.1864672043275205,0.255661683866889
14,-0.2937441240182188,0.9030649798656722,1.6478402239524197,1.814324504551936,0.1999923556905706,-0.0370456544119463
21,-0.4051455923012307,1.5779747950613487,1.4969452219691617,1.6203557382902742,0.1171571453202217,-0.0798817137608117
2,-0.0408113289190595,0.104006445653883,1.822504469254289,1.4102474971140353,-0.0299943432002042,0.2970864280434001
7,-0.0275418875511771,0.3518150677919925,2.2202519672599177,1.8623207561779032,0.1998182586959645,-0.1691423923858872
4,0.0152888031425103,0.152235058922162,2.030267923075087,1.241090726224111,0.0610179468449653,0.2420015410598034
4,-0.0383638923729826,0.2571434569213779,2.0097646238890032,1.3546310678778195,0.0985455418258696,0.3223250430058493
20,-0.3553365017222941,1.6446978028299075,1.4875995377686362,1.6931990350194006,-0.094647389116605,0.1321409163675625
5,-0.0971330862697286,0.316487950404687,1.9390027383950093,1.4880636525819688,0.1556844640639994,0.2836707023902914
9,-0.0927653624340837,0.6206057812182724,2.129767903187547,1.9400001971842693,0.1971526118019374,-0.4219700872198299
49,-1.028125563835535,0.7121781384542504,2.131171547868524,1.1597450732956185,0.2000000097411095,0.2367736846236809
16,-0.3318571696318424,1.258059784495365,1.6271098489549498,1.7662355336034254,0.199991005665767,-0.1817880467623054
6,-0.0540248098723995,0.2370231067080517,2.26018276525663,1.7350031758569469,0.1975516076396308,-0.2053876869905368
5,-0.0554258730508923,0.3570723181078042,1.714131244519029,1.5254420077518314,0.0634528672871651,0.4024973634954496
12,-0.1863273511796272,0.7420002420523517,1.7730626995351653,1.9944391254798213,0.1999778366570408,-0.0635756174970211
23,-0.3635145630148068,1.7225509943757942,1.4062839286108222,1.651861381322355,0.1506700636592491,-0.3152151809172029
38,-0.7324754100159919,1.4408669543037067,0.8970229766008,0.8813615133362404,-0.2000000081260583,0.0122339395461454
23,-0.3787706998505877,1.810139920472052,1.336104949065719,1.5628145697719804,0.1994917288969648,-0.0558870017534136
26,-0.369161471274347,2.066284408348822,1.2172135906901698,1.418933499616382,-0.1999586503349032,-0.2216597810645386
1,-0.0792397787865745,0.3396264878717757,1.423042173873835,1.5904271278321245,-0.1998284252511278,0.481626128724507
16,-0.3411027292269984,1.1484516659073556,1.6150591782413373,1.7152211229685554,0.1999558386419511,-0.0885172034996745
47,-1.052463451021158,0.7144727785395301,1.4835617198285205,1.2386307061271424,-0.200000009859703,0.2190569876534639
44,-1.0214924789798487,0.8330654468883528,1.308749014186264,1.357815262508799,-0.1999999579558832,-0.0022555757741879
49,-1.0597580930536084,0.7907658897917587,1.3714555288341383,1.4130761979967916,-0.2000000083405529,1.2794245783398597
4,-0.0974932726156598,0.3064139828938419,2.0668051252749304,1.437955641072271,0.0022397163722575,0.0034511554482284
15,-0.3123346547389196,1.18577401663821,1.668190937062799,1.7573979483387938,0.1999917985397761,-0.1398185438998071
14,-0.2842059130443418,0.8953123701873463,1.7045711139824729,1.8767633844673912,0.2000000099633169,-0.2529100466570027
6,-0.0569528622827957,0.160645365396902,2.187825002768312,1.377189411008506,0.2000000099546086,-0.4396638965168445
34,-0.5607959082515415,1.6413853942931855,1.0696590217438082,0.8821889001343791,0.2000000099277769,0.0243116411978504
4,-0.1139659238818919,0.3286467852535742,1.71151509782126,1.3353363939126628,0.0414562060546156,0.3296111982037684
15,-0.3204611697938342,1.0121989914000011,1.674513564505849,1.8090771242779389,0.1999962393398808,-0.1916805400646942
19,-0.3506663508449986,1.4962083276386682,1.5619480936062924,1.7061217707835643,0.1479964198896115,-0.2471115091073944
11,-0.2284058826473382,0.6526937716274487,1.7300182196128049,1.9293136650723617,0.1999888972505331,-0.0974708388230909
34,-0.4832998242973587,1.762619785352708,1.1532259295370917,0.931052165437428,-0.2000000085486668,0.002579497223864
32,-0.5445392855363452,1.774464976452515,1.144302231320415,0.9135338598134228,-0.190304738724676,-0.1914075279176927
4,-0.0324741488553543,0.0825891309335257,2.129320421316896,1.4007432930286556,0.1768190917561398,0.1993896284142418
36,-0.6427816779366878,1.6562813232895874,0.9387673447516304,0.900801083600461,-0.1999998862777704,-0.1718376224487631
29,-0.3613731810358853,2.037941245133207,1.3740988644447665,1.2915919585026367,-0.0963766477137649,0.2622333639888969
5,-0.0062812122375316,0.1627015542528681,2.254980147877012,1.477499060603665,0.1998647962810257,0.0884332002412483
36,-0.657814692041547,1.5256309584592709,0.908252907046352,0.8683628300876086,-0.2000000076521395,0.071212764781968
36,-0.6057382700014553,1.629794921914213,1.0284483807434872,0.8640440713561005,-0.199341374012594,-0.2709804601144523
37,-0.720966778513309,1.5618648367942398,0.9465479078379015,0.8989824584443025,-0.1999998845781802,-0.3189400948735517
4,-0.0360349983357507,0.1540168721821424,2.046134346225534,1.1692964683818383,0.0342889531096225,0.1807890573150065
13,-0.2706724402476078,0.991310479907179,1.6943591656771044,1.842599805578668,0.1999244070716615,-0.1813660107798789
45,-0.9677001485157404,1.1382446176750671,0.7674768829241745,1.2254092584513554,-0.2000000099962599,0.1151398567728413
4,0.099996107057617,0.2847769723261353,1.5566524575140814,1.576161962719103,-0.0036735318740046,0.4848999065571716
33,-0.504949819638437,1.7084807811181653,1.1729406724360327,0.9111431480511898,-0.1999999911125217,0.057419707362227
6,-0.0288304272297227,0.2614556604684334,2.2180935539056112,1.6158702549731867,0.1998818109908591,0.0059603799437185
42,-0.9146665552394636,1.2979079294200575,0.6712961355831961,1.0280584310053955,-0.2000000099362387,-0.0125496256021533
19,-0.3378004546279137,1.5058120378244937,1.5418663221087794,1.6460527934050435,0.1999431151848862,-0.1958170347202807
9,-0.014496707771251,0.5450113918508466,2.167501629390989,1.878628239244712,0.1999756245952837,-0.072023985168231
37,-0.7497700919790447,1.424003578353374,0.8803823674705367,0.8713782683117207,0.2000000098637654,0.2396002387203301
16,-0.3319172032924786,1.18825612072661,1.6317681978133065,1.7569941808791556,0.1999690345980418,-0.1983847929208018
44,-0.9455753157250736,1.091410471509646,0.8325757990267615,1.144340259003626,-0.2000000099501498,0.1290953830081127
47,-1.0365423160037874,0.7567134503186699,1.4013789380576949,1.295442434560032,-0.2000000099931805,0.290907387937258
25,-0.354862866450261,1.954550282692504,1.2463611038207645,1.412358125795668,0.1999705409599135,0.0566727715503215
23,-0.3814407547226974,1.8951505678862348,1.3201847719636302,1.5619610602396594,-0.089093159298537,-0.1270510061618897
5,0.1147045390572455,0.2212285581511632,1.7042021004062216,1.6238759562042957,0.1099109425938777,0.3840821629984274
0,0.0555555555555556,0.2833333333333333,1.5707963267948966,1.5707963267948966,0.1425646116915318,-0.2481519194466702
29,-0.3530085030818532,2.012551057504404,1.5005800893046335,1.2103444388578255,-0.1308490192352786,0.0586547412820489
8,0.0997051733304407,0.410219692643034,2.2033011774208884,1.732091166462538,0.2000000099466196,-0.3513921205050166
20,-0.3676715780747993,1.549446570505797,1.50473323936132,1.6544199659807788,-0.0036878989134793,0.0040185270902405
29,-0.3359878187180005,2.0290062380190874,1.4574684808638434,1.1656460530535002,-0.1999515881178401,-0.0119882105193616
12,-0.1414244011946757,0.919312610795541,1.868092897424397,2.0642585507413043,0.1994525460502463,-0.2319839867099467
0,0.0111111111111112,0.3055555555555556,1.5707963267948966,1.5707963267948966,-0.1997620564012107,0.3573864510789855
14,-0.2725107474580993,0.9231590433709408,1.719872941323791,1.919725629892568,0.1999863807796128,-0.0920689887116823
32,-0.4507726511128203,1.906637888891015,1.4746292429652552,1.0083544563644256,-0.195807854954442,-0.4992885938893998
14,-0.2914476438459798,0.9434567024775942,1.651433974214287,1.8181909096185649,0.1999758589397678,-0.0447812251374192
5,-0.0125706577874259,0.2167733602782781,2.1953067118909697,1.3452675490422952,0.1809820295824446,0.1623139439016752
33,-0.5497300127518636,1.654185233786715,1.2409983305868248,0.8955159241705636,-0.0142111914011103,-0.4178102309196362
31,-0.387025010810067,1.8908859995954312,1.4792943047967295,1.114484649143222,-0.1999997510409211,-0.0896595615361332
9,-0.0612104611149725,0.4610846531818934,2.082780179628406,1.9583359677519343,0.199990289622473,-0.1432056113981017
16,-0.3360910427643782,1.2006740633544015,1.6352485689010958,1.814530789321289,0.1999709282734768,-0.2627860112222849
44,-0.942468923386642,1.090943854889522,0.8420334393766264,1.1442603938494094,-0.2000000099509021,0.103094271859782
13,-0.1696905546113459,0.8124972210550172,1.939007409909044,1.9648673343056624,0.2000000099481989,-0.3574131157344144
20,-0.3763596960704928,1.5609524656125822,1.4816682572152953,1.6504358332757387,0.0646967771889012,-0.0441575573285684
9,-0.0561549068315462,0.4936460705692851,2.0684098909285407,2.0559138922984115,0.1999733892436859,-0.2488669096483302
10,-0.1118648712936321,0.5736156610547374,1.9011982465770585,2.087080916956503,0.1999896136918186,-0.1542634636578114
39,-0.6814937498777806,1.4998124444545635,0.9781502420690398,0.9383832202037968,-0.200000009737989,-0.2170304810348954
18,-0.307455183593012,1.3512349912758257,1.6609313332486986,1.776720722162618,0.1997721905945454,-0.2201710368415763
41,-0.8769102895840878,1.2413096326656208,0.8594608242299895,1.067197331177603,-0.1999999898894086,0.1584153546502314
6,0.0146705164219916,0.2153196789975069,2.2849973487344126,1.5192755037749024,0.1999897206510544,-0.0251143443889405
21,-0.4068511875556796,1.5408863797543904,1.5039973939445357,1.640346111956833,0.1376270272321149,-0.0837176349773765
2,0.0997719662423701,0.3474894380069951,1.5537160086121895,1.5724219873725078,0.1998365747250511,-0.123909534792689
21,-0.4297337452908834,1.5140963363645703,1.5895312252130849,1.7480839299953217,-0.0488190360748198,0.061499240644008
30,-0.3458909883925258,2.000502522812868,1.4567257138576846,1.1137926724450935,-0.1999928573403897,-0.0371345495806781
46,-1.0376111352989874,0.9324478555117464,1.1547833504762988,1.4283188747073512,-0.2000000097848542,0.4399378302655253
6,-0.0082635559822052,0.2980037408900015,2.200231456258569,1.4784871762178735,0.1999546162412387,0.15450449784235
9,-0.0760032612585085,0.4257556756193041,2.1310530054059367,1.699231884128901,0.2000000099556121,-0.3743505178345181
44,-0.9302192242136292,1.149699401356123,0.6975632617857794,1.1732348561004489,-0.2000000099134306,0.3770423095099218
4,-0.0649266512281656,0.1232360505053258,2.0945557738330702,1.286747722254514,0.0272232967038561,0.2637523215470519
17,-0.3055970148026393,1.1687606297602704,1.6007427955654006,1.7182656910282983,0.200000009965659,0.2175861036458869
17,-0.3531991267386518,1.2799156346016736,1.5911845910039286,1.7231816157473816,0.1999901955147999,-0.0049514762931911
18,-0.3703809492390412,1.4020759903283326,1.5621157931771616,1.6823289977530616,0.19991409903936,-0.0147741850109582
47,-1.0235502529068292,0.7557370108492144,1.3746830272164683,1.3854866148698042,-0.0665923869475635,0.4806584357658437
44,-1.0069303386497794,0.8915634063451008,1.1307720551874976,1.3383885175608132,-0.1999999719331529,0.2591476155996194
0,0.0333333333333334,0.2388888888888888,1.5707963267948966,1.5707963267948966,-0.1999195398148711,0.3072963520577247
49,-1.0932864451579758,0.6099943770652172,1.8072512334068944,0.9497801849537176,0.2000000099730749,0.6033895320722616
24,-0.3028621334103122,1.809520208231326,1.391255804398332,1.696485745684911,0.1999998434261403,-0.3603928599560306
29,-0.3631406095116105,2.0316856889451014,1.3736790465798716,1.2870306920194263,-0.0923759552729026,0.2537928944826478
24,-0.3444236003730233,1.8964981419492493,1.363788972669516,1.6766631342731535,-0.0939272924145442,-0.4241929774076915
7,0.0835142091748887,0.4018089207923969,2.0744203301754336,1.5206595183366198,0.1998712233022394,0.0336412139452477
31,-0.3648806343633552,1.9965363397840552,1.4514361518111567,1.2528985491961675,-0.1999999281490846,0.1501806240067699
10,-0.0844683938504799,0.5945549808437405,1.941895448663507,2.060381933113421,0.1999895416777911,-0.0474327881460986
2,0.077603203098103,0.2523844191802006,1.565385884666119,1.5694356187690828,-0.1999087838290597,0.2708773793649102
24,-0.3683479914395891,1.8504299619312887,1.2069479489803556,1.520665833005059,0.1999626222952809,0.0421831615367048
28,-0.3061957329722905,2.077750479636186,1.2356070625272135,1.3572475988163035,0.1999999163744633,0.3923848191171338
44,-0.983293594321704,0.9792956973011524,0.9744334044542652,1.3515334971646509,0.0105383115353975,0.4078465192499324
45,-0.9956339287676697,1.0062606217568777,1.1106402282094,1.2876094850979498,-0.2000000099765445,-0.0178512035073151
6,-0.0272800876955147,0.1793948899541685,2.2623041505601744,1.4820609416085944,0.1999998649220934,-0.4964724991194071
32,-0.3821865812645031,1.89142321230534,1.4840316298094134,1.103012264625662,-0.1999999998556407,-0.1355555752015962
44,-0.9826317259682188,0.991305537240221,0.8630450862136225,1.2580087513778773,-0.2000000087709726,0.183877514176945
0,-0.0999999999999998,0.1722222222222222,1.5707963267948966,1.5707963267948966,0.0400688559113371,0.0219498102015178
2,-0.0773278412238232,0.2373928143024269,1.6452208450671773,1.552993128790627,-0.1589928053443152,0.4084493894857585
0,-0.0999999999999998,0.1722222222222222,1.5707963267948966,1.5707963267948966,0.0400688559113371,0.0219498102015178
45,-0.9993666927825126,0.9941611849828512,1.0884488861063553,1.3511407036548344,-0.2000000099308639,0.3273873611292159
44,-1.0370395404955175,0.8904432919061974,1.1388851004329066,1.4212927738488197,-0.2000000024661056,0.1332879688297818
11,-0.1212249157384569,0.6382502599682645,1.8737037489798407,2.029054156093066,0.2000000099932899,0.0070187119318608
20,-0.3228567938015779,1.5131020465775047,1.4973506490376334,1.7022238032349315,0.1999406740621902,-0.1084413296616727
25,-0.3803522299001035,1.9627263837378528,1.2585558938470225,1.491870111904983,-0.1239015581231364,-0.2938368171820281
24,-0.3749271256512546,1.8898250471811988,1.237534682327185,1.5154940343560137,0.1637668497244515,-0.1331418302794791
40,-0.9286427025281104,1.1487988789310648,0.813133998834763,1.1441411203876135,-0.1999814233327445,0.2212819622270955
8,-0.0735471344366798,0.3625666736632612,2.172360588597966,1.8389513425605104,0.1999741764376643,-0.2487763627985162
3,-0.05707024060959,0.3028092093192129,1.8700383650746684,1.4489837085195036,-0.0319464824128717,0.2931214388459875
14,-0.0963591092872494,1.0228734151769956,1.9237685488973253,2.108827248744693,0.1999777235770567,-0.1693425648603669
2,-0.0023779706665275,0.0998298913843447,1.8990747342493872,1.3267811969765213,-0.1247338914592512,0.2335732576821511
23,-0.3479329704598114,1.690771321399836,1.4229957098749022,1.6001618227547694,0.199991582802426,-0.2367506381094476
26,-0.3801972576143946,1.9072337426875796,1.2039714689042906,1.5031841067728462,0.1999587245793184,-0.1301968078220957
7,-0.1089394552406681,0.2582704538737798,1.9591438631203515,1.332746658670971,0.2000000099934752,-0.0790666927677295
0,-0.0999999999999998,0.2388888888888888,1.5707963267948966,1.5707963267948966,-0.1999399601009763,0.412871109669042
27,-0.3057694136222924,2.098317981554412,1.3248514170434813,1.3073425490691537,-0.0382890536010461,0.3196217076322872
12,-0.2385189257084196,0.8299226565050428,1.7287997166302542,1.940940612704286,0.1991595232135731,-0.2961636382945408
33,-0.47860748817978,1.7978444237773583,1.224529461064611,0.8752834950810291,-0.0314388888798874,-0.4170298117900265
35,-0.5746249689115948,1.6928149727361248,1.007594269761119,0.8103225549053529,0.1456236422984245,0.151191549829521
13,-0.2023707297156879,0.8255956273734646,1.7409247840431077,1.936197050121123,0.1999965233643895,0.0672003509955456
7,-0.0557015510362624,0.3480783591436214,1.7272628443923337,1.5159290870811315,0.1999442331977406,0.4735738328606816
10,-0.1487010109051957,0.6606390396270905,1.903206889578376,1.8946132580051047,0.1999679873618252,-0.0385014053761822
10,-0.1148968044227944,0.4867050865956302,1.9512527222421507,1.885044845269065,0.2000000099932957,-0.1999756659956515
17,-0.3655680542987707,1.175851610723747,1.6032444099572043,1.7314430474341935,0.2000000099567256,-0.1614925557084126
26,-0.3415944184043297,1.9231372546262755,1.1557626883175711,1.4762116496294169,0.1999872907987307,0.0966997219769282
37,-0.73520745335884,1.4342882797682084,0.8983946266260485,0.8608823445619803,0.2000000095071161,0.2071219536612274
40,-0.921931572838514,1.2400527406240351,0.6274179685303519,1.1455166352014323,-0.199999882193127,0.1797887435255367
28,-0.3316687717735105,2.01583972726709,1.428750486173902,1.2433441591965124,-0.0458717012051958,0.1904682752617344
9,0.0745283399099603,0.5616230533377935,2.2130356180158,1.752065807159003,0.1999828291911491,0.0751998789729875
32,-0.4269787225027563,1.8442784602376183,1.466832690933023,1.161175389196773,-0.1999999655293989,0.0096987852748065
22,-0.3880031577554996,1.6043967744373684,1.4464399824526648,1.6150952718704417,0.199954691474115,-0.0655263512059203
35,-0.6387087084298597,1.594267991872138,0.9612679036281712,0.8602469772811764,-0.1999600937469389,0.0434101978321949
30,-0.4061521218412106,1.875698269938664,1.4851179579880576,1.0486601556072754,0.127646920978986,0.216948869716599
40,-0.680868148476588,1.4841114460343283,0.932959551983748,0.8769068001413669,-0.2000000099771862,-0.1125495871800539
14,-0.2862595691832839,0.9866952945449996,1.6425818487717516,1.834207488014496,0.1999697774821118,0.019866129454265
34,-0.577981413500285,1.7386219921693418,1.0575088868525366,0.8921235177667662,-0.1996777966907919,-0.1192845475702394
12,-0.1952647496259215,0.7710482107995958,1.8193456894394493,2.039151001201695,0.1999760672313466,-0.1578609282165526
9,-0.1238856007635438,0.7517183717109142,1.9547338532891607,1.988310989785741,0.1999481781826743,-0.2869493559041656
9,-0.1037396846707104,0.5230025273335495,2.090709500561691,1.889054683977532,0.1998219186754969,-0.3867903267310194
9,-0.0787844262693042,0.4351754273196694,2.0956885247167687,2.0302107343304607,0.2000000099467488,-0.4706010127906014
7,0.0332782571466056,0.312898920657908,1.6225065971401076,1.552854104666565,0.1999932232231716,0.5786117659884956
2,0.0777683241528205,0.4186687435798479,1.5781060541656355,1.5675659271769673,-0.1998837173754273,0.0830428495304546
36,-0.6860569391395912,1.6103852309636648,0.9420075016703944,0.8850503721280842,-0.1999998843275101,-0.3278182052144424
15,-0.3211029142344722,0.9799855806028056,1.6801738748934607,1.8206232515988177,0.2000000099930093,-0.236710468697738
34,-0.5538733715586163,1.6590092759969026,1.077145834514175,0.8876603745639853,0.1999999934742269,0.0036838245545212
31,-0.3914109969747208,1.9193999386742984,1.4446629221227507,1.0131080040164773,-0.1999857084065222,-0.2293553675929183
10,-0.1665701781104385,0.5268439957724209,1.8303501973322085,1.9707988842316408,0.1999973957603574,-0.0708887164361255
29,-0.378082028339855,1.9877376417487904,1.3797859596696238,1.2789745386533853,0.0997268088789346,0.2675090164315412
37,-0.7428716453664627,1.4480477983523103,0.8674485879626612,0.9343198007425022,-0.1999855847769452,0.1277914272468478
14,-0.27891213668637,0.9296385776625392,1.6717717398176068,1.8439333875750312,0.1999824784072233,-0.0610593933839902
1,-0.0126996695303202,0.1483966297528436,1.7444408843901495,1.4937794156853603,-0.1999014872675425,0.2598133783033392
22,-0.3933151783270427,1.6893318344303934,1.429427878060613,1.6093818751813147,0.0665133292629401,-0.1031497090975311
10,-0.1223323531788982,0.5243061076737923,1.8967208276179173,1.942955595164868,0.2000000099543025,-0.1497156282618715
35,-0.5862422727823633,1.6519945892637435,1.0907470631089549,0.9023231310677584,-0.1999999188326996,-0.2731889309571141
18,-0.320829586155341,1.3111342021944654,1.5874908725407462,1.687384909889288,0.2000000099706608,0.2228715880850482
45,-1.0696794222628605,0.6965413370811674,1.6060876912113766,1.1868012928097182,0.2000000081608936,-0.2090911621668064
23,-0.3710349522340396,1.7493033170632537,1.2280935887086086,1.5525529066549022,0.1999481280808539,0.0361546752761339
14,-0.2463516926717183,0.9674440473888792,1.7047600297546517,1.9139395327991,0.1999824054954372,-0.0807179623621393
22,-0.3791432335189349,1.715438400309056,1.4246283593263964,1.6199592769050692,0.0932838313362882,-0.0527117231815188
21,-0.3465302891164821,1.564359046285445,1.4762651672385116,1.692796449549188,0.1999204204792257,0.0298955182632105
48,-1.051103332880711,0.7223992129961275,1.6284334173025026,1.2029228093143425,-0.2000000099579813,0.2829734820398432
29,-0.3639694447894177,1.998834017104212,1.46565663541225,1.243028177515948,-0.0459934190748689,0.1174463180320145
22,-0.3803704808812643,1.6996379222599938,1.4142204197731356,1.6037461350847644,0.1900699972866612,-0.0431962043172531
29,-0.354244857749762,2.0828003733806324,1.2754515642907958,1.325658505969855,-0.0660350113996496,0.353014918037268
2,-0.0170270501928617,0.095702029251013,1.873720304169927,1.40218343083579,-0.1998426606826329,0.2903879272785761
24,-0.3598654957789267,1.8525619268951483,1.292696462142945,1.4406595656312435,0.1999176845938529,-0.011553776737246
6,0.0153424710423235,0.2525705139551251,2.199676820137773,1.642729073805207,0.1999331022312181,0.0782421037705469
16,-0.3165388191571872,1.0135640715792238,1.6308500925686698,1.772001428526949,0.2000000099969124,-0.0782191942055268
28,-0.3132612337503976,2.043389906548209,1.2083986746754984,1.3816533891919118,0.199999875751288,0.431894174852755
31,-0.3583639309119123,1.9434302423904235,1.4637633013215403,1.176095049404833,-0.1999999937803206,0.0174351095249773
36,-0.7013484563513239,1.591694768110633,0.9458254809167724,0.8852914864540553,-0.1999999046459602,-0.3420458546835211
31,-0.3958216846553291,1.913100263011037,1.4344375068929534,1.004488909320695,-0.1999219857713051,-0.2711239705713734
39,-0.8374516774569026,1.3079789314086117,0.7531021731582026,0.9425079737834304,-0.2000000095289786,0.1235461160062269
30,-0.3829045254665881,1.93459981740004,1.43718017736939,1.0417685581761855,-0.1999614757619398,-0.3185673407004978
32,-0.4864172262753853,1.881724753706297,1.3838123800840716,0.958790195289962,-0.1999984029637442,-0.5446193835673212
2,0.0057456196481107,0.0700734504289203,1.8874823162939889,1.402399932421279,0.1025369225237484,0.3701433667765957
22,-0.3849980936682735,1.6864953355056538,1.4219599748638014,1.590499157507625,0.027735140169415,-0.2021874218728888
45,-1.0262511431707344,0.8097748460050839,1.346315978395546,1.3681564953318524,-0.199999985435802,0.0603604061133602
21,-0.3701097614319901,1.519164600856861,1.5154338935997824,1.6536752562241066,0.0811165118654081,-0.1102219538430841
4,0.0125151460257243,0.0718510186804846,2.1988227820896427,1.4035259645996772,0.1995495267081096,0.1574339425791679
9,-0.0337153773389987,0.4832455496174975,2.164847943230504,2.0192750885020616,0.1999934210814618,-0.3261730449020545
37,-0.7554224053286739,1.425737315261389,0.8569501797345023,0.8882312594562374,-0.1999999167522333,0.0752312589244845
30,-0.3756067368295959,2.065002378713176,1.497202658155237,1.2487773973186054,-0.2000000096161401,-0.3513229088547477
30,-0.3923966018123955,2.029402350381944,1.5384367081013064,1.1850736633536798,-0.1999886912891066,-0.3223179491159395
11,-0.0923831595880457,0.8334260063288141,1.9134000857373183,2.1153021147117914,0.1999766540520692,-0.0906143766258424
15,-0.2833479886677427,0.9767238481725492,1.7538358169284205,1.960863303726852,0.2000000099441315,-0.2684837246969689
8,-0.0476268212732558,0.4145348325303708,2.146157967684154,2.0185302000770444,0.1934738454582175,-0.4215443532967468
12,-0.0008417776811613,0.7492053764860169,2.140719180056129,2.008358876281908,0.2000000099937316,-0.2504142874271534
47,-1.0198411726149217,0.8479449520279341,1.1454926962640624,1.3386337149375664,-0.2000000099826409,0.3773901883336014
46,-1.059075177147054,0.6650553117683063,1.5155719370992118,1.2838173605739185,0.2000000096255935,0.0844904269821443
47,-1.0681935240537122,0.7256715850533973,1.3386342777546982,1.323883791761786,-0.1794312995170803,0.2608816294628726
0,-0.0111111111111109,0.2388888888888888,1.5707963267948966,1.5707963267948966,-0.1997852141949948,0.3683506733458357
34,-0.5758142615350871,1.6682533408050364,1.1193016952862278,0.8381400635903065,0.1067029033184752,-0.3476240844790507
20,-0.370396695533049,1.557422234160064,1.4434691143052882,1.6525860143820454,0.0118394717632371,0.0301732751423967
28,-0.3401448219856702,2.0533756470849447,1.4660719393231911,1.2706396050053754,-0.1414748461665188,0.1100329137350153
3,0.1003633202847631,0.1806183169192052,1.7518589692798,1.514970587832823,-0.1173424944705312,-0.0559811651359513
48,-1.0290139594776826,0.8042987105023974,1.1781109879401068,1.345736709393899,-0.2000000099963519,0.728923197875689
18,-0.3313910259668936,1.284708555970643,1.6214915821936469,1.7608279745431934,0.2000000099681804,-0.1791312949586194
23,-0.4069707967116707,1.6997190263179045,1.4246659586813788,1.606600207547841,0.116996434247372,-0.2176407130947918
4,-0.04846446188228,0.3945074699003669,2.1568149934199194,1.516260004832933,0.0817560482027421,0.0884587526046115
5,-0.0154901210095384,0.1588832819219366,2.2330269227412085,1.2983120215459758,0.1993988356275147,0.0979679638049004
17,-0.3239474139569348,1.303996433506917,1.594214807649291,1.7547598843017884,0.1999858273365459,0.0548764155558309
20,-0.3985767445549996,1.4923759391565,1.51408048073319,1.6795574644776414,0.1081957857719478,-0.0460376432221731
18,-0.229058176358557,1.3336812389707782,1.6569187315788607,1.8834793077726333,0.200000009945288,0.2018738346920319
4,0.0094991987968614,0.1131851330296821,2.178325132527624,1.3726746860720684,0.08231369364412,0.2391714464478559
15,-0.2830417547430777,1.027256532922339,1.6222195560720305,1.7656779589311566,0.1999899390915222,0.1879535544383635
24,-0.3231323484850804,1.7463059372744492,1.373021693029676,1.7099615855059267,0.199989574969278,-0.3499973484534006
22,-0.3844038728344244,1.5319347810229431,1.5153086009111745,1.68427149321099,0.1999151258154024,-0.1225690428664973
45,-1.0034088858912469,0.933419358392085,1.05488402510346,1.42514819329953,-0.1964729572654041,0.6543897833295488
2,-0.0331583155974241,0.0475841327816817,1.9345085779812676,1.2393584293382796,-0.0067868170137993,0.1553393830373707
0,-0.0111111111111109,0.15,1.5707963267948966,1.5707963267948966,-0.1998254647636516,0.3758563771383168
17,-0.3491219911190901,1.256963969667234,1.6054275269296507,1.7265063449879532,0.1999740382977476,-0.0868902446838825
2,0.0776266779230163,0.3107801251816306,1.540285808095012,1.5787352509627366,0.1087303827359862,-0.2143462534133776
5,-0.0056211785379273,0.1478084275512049,2.2156236181643347,1.5157345404156946,0.1999592583698305,0.0939724469362095
22,-0.3750355461074011,1.7035315006238372,1.4113265136864523,1.601214887560691,0.1682495252573969,-0.0658397676773916
2,0.0277449329567186,0.0723968810012646,1.928149745860372,1.3836568125584972,-0.0488382822356773,0.330311825424921
12,-0.0031118562587008,0.7726067176162814,2.135422122725521,2.013404097633689,0.2000000099523356,-0.2513331760183154
47,-1.050948384435265,0.8527769601596877,1.287479736902986,1.4165669509396503,-0.2000000099964259,0.2761773337101654
47,-1.0221977911803162,0.8454077528364118,1.1424934464183192,1.339474034881136,-0.2000000099818459,0.3793896882736595
46,-1.0806183922541412,0.6352289935056789,1.69125542888907,1.1501911189723246,0.2000000055748166,-0.1078482372617541
33,-0.5237878381668646,1.7481486566402893,1.1188758770611624,0.8441328058055347,0.1199523669585884,-0.3320544836333465
23,-0.3490920034010188,1.714776357712482,1.3667389313366751,1.5863601547043076,0.1999797602256935,-0.1626843546495451
19,-0.4001079613558976,1.416201992727911,1.544463182860289,1.6633861401884873,0.199877915343077,-0.0703995721613155
25,-0.343402966985521,1.8997554074392544,1.1721096793797354,1.4826285305454054,0.1999785622096367,0.1053786797960097
48,-1.0236297930860618,0.7961811675687268,2.03266368346778,1.6145779649205414,0.1870456295931463,2.313206158989201
32,-0.4585659471581298,1.905954617622476,1.4656373570349557,1.0011183362460403,-0.1998528908729205,-0.491187476314782
7,0.0005013581655239,0.3331758829028924,2.2737372602012496,1.9594075422479456,0.1999643469080581,-0.2570922398368798
31,-0.374638779143609,1.948914297729133,1.4518903354790549,1.0687442378029104,-0.1999999364364966,-0.2283171233395872
26,-0.3300227110655664,1.996968005760201,1.1467272276666505,1.4081722232104914,0.1999778566534248,0.4086433973142497
47,-1.0697508648907756,0.7120523189427618,1.473005143054996,1.3431828662815102,-0.1015065951028314,0.1935497089328503
41,-0.9105131949352776,1.1964140263424168,0.6969113099065165,1.116129279774431,-0.1999999759913767,0.384334031956615
16,-0.2972840537138628,1.1389391514576783,1.6329057222944374,1.8163579965461183,0.1999672717054829,-0.0288910096498612
7,-0.0270548090026429,0.2067808721215362,2.3198498944428305,1.4826946179891014,0.2000000099775954,-0.5698454849486405
12,-0.0716820905870306,0.798142059029604,1.952460854508785,2.1465585210749896,0.1999935042364421,-0.142282916014688
44,-1.0176196678712992,1.045259106351058,0.9523689048972468,1.3351692936621211,-0.2000000099527863,0.2145780690126123
30,-0.3665435421281166,1.9375040133664767,1.4558068151262145,1.172614929438751,-0.1999884515998478,0.026839465929177
42,-0.9512672053169976,1.1168665337471697,0.8315294412979095,1.149680254523686,-0.2000000075332362,-0.0741464147262421
12,-0.1601959111794471,0.7690933214176721,1.8352559529911865,2.030796561704328,0.1999797911737344,-0.1832574990573587
7,0.0494598793657096,0.3946012004749598,2.2593703466143946,1.91891942756946,0.1999695549242542,-0.0662533879350341
15,-0.2965711137975564,1.0362408788892423,1.6818759376790862,1.8224138113316737,0.1999738220882474,-0.1060711890647022
21,-0.3441247282042414,1.687492150819386,1.4802847328272204,1.7112477347309811,-0.0629261412204213,-0.0244585500060912
22,-0.3465173694402709,1.6836329007616184,1.4143214794483523,1.617875370795413,0.199844229160902,-0.2240622861537371
8,-0.0583751590795371,0.4079914944436872,2.110618605822909,2.029601300562569,0.1998179604143484,-0.4040129393144261
1,0.0998150177320217,0.2871193263989587,1.5227641510453562,1.584113594693216,-0.1998901592828899,0.0627396665734354
13,-0.1325734821223977,0.8936232701443011,1.869439861400659,2.085504725683433,0.1999796688887082,-0.2102022411749715
11,-0.1578584284468586,0.6337096217213177,1.8134261752155163,1.9989875936388743,0.1999911335472107,-0.0044775155909894
21,-0.3821699856705538,1.7587286953158454,1.3910436453905444,1.5908435668299457,0.1470821098909996,0.0868458377662787
48,-1.055335483879563,0.6917474361679421,1.614699917788847,1.2300646746622874,-0.2000000099619358,0.288143837411848
0,-0.0111111111111109,0.3277777777777778,1.5707963267948966,1.5707963267948966,-0.1997143067096124,0.3890941193613746
9,-0.1074922903269362,0.5378212251826429,2.0762695847686867,1.759022563542582,0.1999636326522837,-0.0877029721210192
18,-0.3603085115454749,1.3919997343011126,1.552956455447946,1.706776938804397,0.1996242489784646,-0.0349256301563976
33,-0.4606310373475843,1.7715969169917145,1.3636071244862418,0.9451503549118604,-0.0933467900175256,-0.4901473889661155
22,-0.3663946537555204,1.816222008741626,1.3708167897765242,1.475274433289499,0.1203356778852717,-0.026391492095261
49,-1.1340875836371271,0.5574250558159924,1.6892133793470006,0.9874643651020047,0.2000000099638144,0.8277821119641376
8,-0.0462581758105213,0.4996864423550448,2.108276561894689,2.049433172572733,0.1999004806189155,-0.296750213329926
13,-0.2138017796292558,0.8043264459450779,1.7246707948532445,1.8761011011510444,0.2000000099601392,0.1217773889797683
4,0.0535778499960762,0.1619046692331089,2.201047689714704,1.341336733574367,0.1007835663480686,0.1376789310146313
34,-0.5712901491237994,1.67035590659278,1.1210982027140002,0.9057049527912868,-0.1999843387235894,-0.092264768277544
22,-0.3787860253068111,1.6653614765146745,1.432732650139604,1.6209687349417243,0.1021156879952706,-0.1053372177897892
21,-0.3783784827395808,1.5919174782776166,1.486066565909658,1.648684895875926,0.1998784185752773,0.1576308063896293
20,-0.3764566202998815,1.5231094147235682,1.45203524068416,1.6419195279547278,0.0490803472941545,-0.0447656210750159
17,-0.3470186643909327,1.195771833636232,1.6405149078197496,1.6876884392217564,0.1999975996013926,-0.1519497507140996
39,-0.7627723936340605,1.4623885553320506,0.8467346505908453,0.8682150163592034,-0.2000000099619326,-0.1915650831990684
5,0.0139154563170497,0.1170009946916594,2.274565623202596,1.3758655902354306,0.1999717891270506,0.0300378464273351
19,-0.3639231800526162,1.507142597521258,1.5390706146743636,1.6940268177343645,0.1998909579116848,-0.0952798001419265
31,-0.4540100944049644,1.792105769898634,1.486870783441935,1.0583842645491195,0.2000000099104626,0.0536997061631323
48,-1.039207633804581,0.8803368057808996,1.1549512418594698,1.4322542800115532,-0.2000000099851029,0.7469369563693251
25,-0.372724773268832,1.943207835856046,1.2046425389733653,1.4624632892771603,0.1999241174869475,-0.0606804897613046
7,0.0359754779983486,0.2447928126906396,2.328378074863229,1.7032202255488813,0.2000000099558686,-0.5272733050347976
48,-1.0685761116152377,0.6735547007599667,1.697089978554521,1.09575909466218,-0.1632084962850087,0.259981840165284
49,-1.076924281012038,0.6731057539705453,2.080778499194656,1.1601074979307242,0.2000000098544955,0.3959564899267845
36,-0.6698601027502487,1.5506446438117336,0.8816415284294944,0.8869750877030053,-0.1999999920968425,0.1074823830852486
45,-1.0265077971692944,0.903278170252437,1.0053206561740975,1.3222545082453303,-0.124368973600714,0.3326424106050558
12,-0.1716393730389899,0.7282417025252166,1.7664605910566191,1.975100264916064,0.200000009953821,0.0900924086776311
44,-1.0175901539912977,0.8541303427726752,1.2250325421563213,1.3412777725918266,-0.1999999990473472,-0.0356422202156127
11,-0.2096564007986384,0.6814314283440812,1.7397763801596438,1.9734590240619805,0.1999549098000746,-0.0922650651093157
7,0.0209993163650372,0.3315601998508127,2.237656229236398,1.833523506662395,0.1999462460101474,-0.0525660197802108
42,-0.8746033342564755,1.263090365990445,0.7764061177757124,0.9963962146819142,-0.2000000099067796,-0.1099819610117557
47,-1.03749113987164,0.7558858034818255,1.4056233363833766,1.2955734723031436,-0.2000000099504211,0.2870433500901967
26,-0.3327049910975079,2.1146001968750987,1.1841865809498024,1.3851366696964138,0.0914809258768266,0.3007136301951288
28,-0.3581539416049997,1.9644748645683083,1.444790576645408,1.1631185234870982,-0.0166977008339271,0.1265239965408096
36,-0.613370186922773,1.619269358239393,1.027600978561912,0.9077266340152692,-0.1999999217569747,0.0400957564666288
6,-0.0978864241683169,0.1858300283547421,2.179391241479898,1.4456714499357088,0.1999882453248115,0.0197562821099798
27,-0.3367192717739552,2.090198460111914,1.391173324608479,1.3144662951063344,-0.1999398273470022,0.1031135132639239
7,0.009669066933302,0.250083196288565,2.2025014283743243,1.34841014362484,0.2000000099944625,-0.3872195082469857
23,-0.3779887458340464,1.6697986999495391,1.4272927875306944,1.6009388229953474,0.1998926464364235,-0.1709023135316278
11,-0.1719859603180755,0.7429384267916809,1.833748479434524,2.0231167867230577,0.1997548387854338,-0.2299004171643801
39,-0.6873967073817406,1.4921045923655496,0.972592600682054,0.9376579445899608,-0.2000000098035357,-0.2170856118073525
15,-0.293988689657385,1.0740018787059684,1.667499185600553,1.821235524088899,0.1999692372566876,-0.0861117088644912
13,-0.2673690252879722,0.8054402115979394,1.722972654798303,1.9263916261996064,0.200000009992982,-0.2607639454417746
10,-0.1673358949159093,0.5359242320890372,1.8341369214422447,1.9688919680702184,0.1999853155005215,-0.0876901215984653
25,-0.3425373470358135,1.9217832314025265,1.151614767560039,1.4712626350890357,0.1999717151007191,0.1942888333631255
48,-1.0846476138848375,0.688580857536411,1.765593041726623,1.196318049931611,-0.2000000099794674,0.1361221102932714
16,-0.3285839492257197,1.1685268628490515,1.637220767387424,1.7591918422588613,0.1999846075855753,-0.2272833498771038
18,-0.3680586197845847,1.4049285820656396,1.5344594913211207,1.6919265815317903,0.1986350693103734,-0.1134702136206103
43,-0.9548474386936744,1.0721267638648972,0.8952925960209708,1.2313520825597768,-0.1999999205967796,0.311990707234077
28,-0.3592530518585365,2.0826490570226133,1.4965328397837023,1.259013776010825,-0.2000000093430203,-0.4395553784231457
18,-0.3637887816175486,1.4112436063715617,1.5787370652431885,1.6567281587474667,0.199941194721237,-0.3166274398691097
25,-0.4150254746352464,1.8497482013408408,1.3268149579551558,1.5329460340297,-0.0902725808885248,-0.351368303324363
48,-1.0672809714535392,0.657711918788438,1.6827455343008757,1.1244745562714946,-0.2000000099538559,0.2597886116848723
27,-0.328493102228501,2.0221862481157675,1.4298445182528834,1.2490156904627292,-0.0520802892046719,0.26232418960731
28,-0.3576286115638479,2.029971437467001,1.1756934086468558,1.4046005222628697,0.1999924462998588,0.4501033256500781
6,0.0996565157979812,0.2743963807458156,1.515924365320478,1.5838483295941794,0.1999149190029797,0.6609432393616299
22,-0.3355579658223421,1.8178301062620448,1.3457894651826958,1.683862933901317,0.1998755118321482,-0.0456970087053786
47,-1.0322808541877202,0.7155716144991644,1.465614398070846,1.3401926973841731,-0.109665986003775,0.6046255282801273
14,-0.2876631899463446,1.041096940344763,1.6700148368862011,1.860026662608265,0.1999716222867972,-0.0813009128525558
16,-0.2164987122071073,1.2222404152170612,1.6859868029740197,1.915386441097312,0.1999926285021881,0.1242728055899226
45,-1.0239260976470732,0.8176985216229768,1.1738713433708776,1.4376505111963491,-0.0533335322217586,0.5500398510963436
8,0.0046687096982617,0.397838952021544,2.230580763020788,1.783218162899644,0.1999814972061518,-0.0841722844920774
15,-0.3178278583505329,1.0838365324640462,1.636168004074369,1.7884419949489685,0.199991275627999,-0.0728990235417393
31,-0.4066349287605582,1.896506591894228,1.4119260097530226,0.991076366924063,-0.1999369472905879,-0.2590181049629639
11,0.0104056716243005,0.8664260487139971,2.158489792668496,2.002305325013178,0.1999761162287237,-0.0875071556445721
5,-0.0176871655673163,0.2420528321369497,2.138907575109277,1.32452705231419,0.1999257468509797,0.2297857491003987
2,-0.0411769026595012,0.1134096920514234,1.794574716177725,1.4192044257782392,0.0732266564871264,0.3431081353887312
28,-0.3548301468484809,2.00227945688612,1.4132777046763123,1.275607967777708,-0.0009710054982808,0.2654878724573342
10,-0.0575623082258549,0.7866649549545717,2.0814760300007205,2.08566214586227,0.1998836977074163,-0.3759017416829412
36,-0.7041017369592263,1.5582120069560916,0.9413700326610298,0.8205240401054859,-0.1458889758846631,-0.3351372891117659
36,-0.6670086586154879,1.5134073017662344,0.8989585238185267,0.8722177865135183,-0.2000000079071398,0.1042357537618136
32,-0.454962604481224,1.7748733752687484,1.3530798638847212,0.945373022711387,-0.0678119901120869,-0.4779605646233341
35,-0.6298822600407334,1.633829689273615,0.9183381805804114,0.8083040002223227,-0.1999999979160261,-0.0714713060259305
49,-1.076450356117187,0.6335229477862379,1.5962967137482504,1.185959271808728,0.2000000099335342,0.9999162501363232
1,-0.0338668135830434,0.2277918434966264,1.6546055088427405,1.5363768442615306,-0.199862381332174,0.342178533473745
6,-0.0051061899694201,0.1909112589421816,2.30094533885387,1.596667455225412,0.1999945302268065,-0.136807649261069
21,-0.34302040861782,1.5754718827935403,1.4505836824562888,1.6371863886453677,0.1999307987385955,0.053413166572732
3,0.0482834144585042,0.0718275481624232,2.098307968178068,1.3005463818826113,0.1948948797860859,0.3297900532892081
0,-0.0333333333333332,0.3055555555555556,1.5707963267948966,1.5707963267948966,0.1994579704298532,-0.1929509034648879
23,-0.3031097856781846,1.8773144428525568,1.2648601914432387,1.5856494362159903,0.1999792051098383,-0.037319779836375
5,-0.0933987681329829,0.4932738567859991,2.13406661252049,1.6143037589156812,0.1999384675930646,-0.0180646324088595
1,0.0761690943209468,0.3480766296777273,1.3982904376637864,1.5980488810203088,0.118893063408119,-0.1400967363029631
5,-0.0050648584064011,0.1581664958873433,2.2660286212947707,1.508338951210849,0.1875773782272263,0.0741022064598989
2,-0.0350032296896882,0.3998626587404091,1.716246630435761,1.500194294500843,0.199950442415561,0.5197063435785838
25,-0.3570057237906467,1.981061406894232,1.1567171598461012,1.5031030735905582,0.1999326280169748,-0.0055080727866325
37,-0.746520745135098,1.4650804845532497,0.82427454930243,0.8942810172264417,-0.1999999900165897,0.0382024834954496
10,-0.1239279628958324,0.536016038859591,1.8792816112425663,2.0230684918354997,0.1999991762807651,-0.0383937941344829
7,-0.0983188907095412,0.399182904894608,1.8371596718814711,1.5001983611505798,0.1996803864141076,0.3066772464799167
1,-0.0555946184007895,0.1467834602029556,1.6455589542773108,1.545317750723544,0.1997668116847214,-0.023004749181054
3,0.0032984076371669,0.1201714641930998,1.9140232862749311,1.1862277755100947,0.0723424521423007,0.232489273600311
3,-0.0249649632968475,0.1353893926481887,1.8918264080788656,1.1550177725760764,0.0237453109716977,0.1371385046042556
27,-0.3629700565023802,2.05318272752632,1.1952580558743815,1.378807701918224,0.1996066901421439,0.1225054950893397
38,-0.7193673157366713,1.4531803913215404,0.9118778901782374,0.8539653005887559,-0.2000000096622891,-0.2045583087247348
46,-1.0354482440926005,0.7712244543614063,1.3436311884459595,1.3123571485728194,-0.0892055421740481,0.1090701955756326
45,-1.0300784451345215,0.7850982743188237,1.2617839146713856,1.4074904417552645,-0.0989330425190183,0.4716663333608849
48,-1.0580829396132985,0.8065669834929317,1.3382253321495394,1.4202274823817338,-0.2000000099722162,0.5535584434295929
9,-0.0729368358636903,0.4341892828833351,2.045087077715669,1.9207952872281493,0.2000000099932098,-0.3443912409087028
30,-0.3953903921218203,1.93316617710946,1.4033176052060463,1.2465215339941629,-0.1999717175029509,0.1749739166772609
4,-0.0239924403621075,0.1819279018341039,2.096841477849756,1.2577724682785605,0.0051134038059017,0.1149681698300348
48,-1.073254458416086,0.6546932942864061,1.6274177865555757,1.1318662059595812,-0.1975851612958054,0.4141920584236352
26,-0.3761834833297016,1.912304870065808,1.2010146277633051,1.5037178722647906,0.1999714298229534,-0.1104263099245254
5,-0.0175578806917988,0.1694695831065108,2.2111466536906104,1.281469401273474,0.1998304892889738,0.0630756387905831
2,-0.10086562598365,0.3021045960935999,1.490764753022466,1.5711468365263994,0.1069520806923083,-0.1677264696636582
3,0.0138064869899514,0.0902523096247354,2.014668778577123,1.2252438889455362,0.0792174033240342,0.2225397312165558
31,-0.4032566196361121,1.994195625928039,1.5652066777136664,1.125069192815856,-0.1999999278347753,-0.3694487438893991
47,-1.0292302347971078,0.7285320109501616,1.4162907982852797,1.3669902715698974,-0.1617368307864069,0.6659268922832672
2,-0.0775677578584739,0.1848310234563538,1.6147259371962883,1.559311554724469,-0.1981187198433835,0.4094478898241971
24,-0.3514374287309663,1.8241270518149584,1.3160330464360044,1.6657331299281457,0.1999435302455041,-0.228984304942073
11,-0.0292513206962437,0.7220186775866613,2.139530847922761,2.089610715550775,0.1999801979010142,-0.4005290207718652
36,-0.7085929432686195,1.537922941677639,0.9351062863424412,0.8463987687490744,-0.1999996512753546,-0.3530586135963509
24,-0.3830811269053992,1.8037200287927693,1.342556887367044,1.5440500033577522,0.1523552924286131,-0.2209140793650893
25,-0.3057417852333087,2.0822292998747427,1.479848918565784,1.2704927894047011,-0.1610276336994154,0.1473929416106905
0,0.0777777777777779,0.15,1.5707963267948966,1.5707963267948966,0.1996056490821235,-0.2758509773550067
45,-0.9699175298075836,1.200061332405704,0.7211910235371928,1.1882966775034154,-0.2000000099967637,0.13422493337166
0,-0.0333333333333332,0.3055555555555556,1.5707963267948966,1.5707963267948966,0.1994579704298532,-0.1929509034648879
9,-0.0640720303909734,0.5250448393981956,2.071435627588306,2.017856532542861,0.1999650179165553,-0.2408042517717507
38,-0.8401102939571529,1.4044545372436668,0.6966659809139113,0.894640888806252,-0.2000000095673113,-0.098813219083211
2,0.0022418418796625,0.2375828277112208,1.8914872566845755,1.369112154251268,-0.1792722016867669,0.0821992265122947
23,-0.3743981723000856,1.719846500803658,1.3966761017825942,1.5953466890292856,0.1703774076689466,-0.2025481230066672
25,-0.4054632188519443,1.791122611521861,1.497499936321054,1.573185122244605,0.200000005056536,-0.5622843801251722
32,-0.4592496944404886,1.7696022956849151,1.3473943966117243,0.9402044121067183,-0.0559054110742336,-0.4753510146713421
29,-0.2944533772944552,2.093988535692337,1.202794381478105,1.4251217990209046,0.1999921016176719,0.1182200923996505
19,-0.3335491033495443,1.392282561697295,1.530818005153213,1.6901667330884047,0.2000000099375865,0.3471996321724545
9,-0.1028874527123875,0.5423221848813666,2.045375808202897,1.8573298819915385,0.1999682617182508,-0.1172402244957214
46,-1.0731700971871456,0.6716000003297901,1.7061561728504042,1.0858576656771444,0.2000000073100235,-0.1370699194487932
37,-0.7119149242528977,1.5016327942176977,0.8881732449551754,0.9137706541331572,-0.1999999232180404,-0.0349026676569148
12,-0.2302867811340225,0.7343454427578814,1.6910802806403975,1.934247141053573,0.1999615681161167,0.0392296040855905
46,-1.069524420814595,0.678046310630015,1.6738438057389595,1.1150014121034708,0.1461273307222226,-0.1218733042208043
43,-0.9971535341923862,0.9548458062206971,1.0737383949355988,1.3162995385095988,-0.19999997900995,0.0224839800240482
31,-0.3964732378729464,1.8802484341636567,1.4707185263421874,1.0692860357736362,-0.1999900397922536,-0.1707478835864641
31,-0.4365546133917967,1.8520792774663792,1.4632278131928782,1.080464096229239,-0.1999741045072796,-0.0186846327535506
11,-0.1671841568276695,0.7631771030253774,1.8516320111837723,2.0131185456343883,0.1999399035447782,-0.3133541529721285
16,-0.2205896144999156,1.1888273225266843,1.7313149978555176,1.9578737203020613,0.1999918512245717,-0.129638699720824
16,-0.2777739637811568,1.0932783783409328,1.632847831645284,1.817847998800936,0.2000000099453209,0.1446410551147657
8,0.0773907967907441,0.3452431191900677,1.5793487122890095,1.554589415591355,0.2000000099945379,0.6223983775416974
1,0.0777480790000682,0.1618180001244243,1.587169718989406,1.564955311641391,-0.19979703677913,0.0822221928016768
43,-0.9193354852510044,1.1326563105448075,0.9292839324162542,1.1752181108113284,-0.2000000099656081,0.2372981745942586
0,0.1000000000000001,0.2833333333333333,1.5707963267948966,1.5707963267948966,0.12651627597895,-0.3828280666923332
12,-0.1359541754651819,0.7305308563587573,1.8587574447181563,2.056457733875761,0.2000000099933135,-0.1412807426514508
0,0.0333333333333334,0.3055555555555556,1.5707963267948966,1.5707963267948966,-0.1999049142638773,0.3136719650955606
10,0.0520374088966718,0.6282801723696761,2.194519587978254,1.90247880216552,0.1999846651965214,0.0131980188477856
33,-0.5113419330229945,1.765031659765308,1.2579794390660055,0.8761347411581502,-0.1358581366211388,-0.483581134055847
22,-0.3885254063581283,1.7319651650362122,1.4052199172463755,1.5961055202825003,0.1191602279873289,-0.0240400257568197
13,-0.2620432508966706,0.9803819753674434,1.7056338946011405,1.870658771598492,0.1999516432716909,-0.2320439508469693
13,-0.2021380517837505,0.752234665538081,1.7932031835105755,1.9461628896490968,0.2000000099968843,-0.243055150111174
13,-0.2427585361605389,0.9113601357322348,1.7483335054155926,1.9637159308761616,0.199979055479617,-0.1079683429774664
7,0.0773361262316999,0.3476723881084448,1.49757589871553,1.583013969275247,0.1999834673136304,0.6752283764639823
11,-0.1530768531156355,0.6122390275102878,1.803202779093061,1.9653948715711933,0.2000000099580104,0.0926819658117983
25,-0.3738755991857605,1.9358489158295376,1.2299962202694754,1.4642172778336189,0.1996655566685665,-0.1278361439231075
10,-0.1046100326640945,0.4752750033897654,1.9672007943179943,1.9776878176241173,0.2000000099779795,-0.3390670168448605
0,0.0777777777777779,0.2388888888888888,1.5707963267948966,1.5707963267948966,0.1544764426950508,-0.2874611966702439
0,-0.0111111111111109,0.15,1.5707963267948966,1.5707963267948966,-0.1998254647636516,0.3758563771383168
1,-0.0156380175989392,0.1729432452583522,1.7909390787270407,1.4484154992613445,-0.1999120033682044,0.2201978089477772
42,-0.94488230255301,1.2270491626447702,0.7834376292910914,1.150232795173203,-0.2000000099425275,0.0234911537272774
3,0.0785067836930521,0.3668119059426785,2.0117604146387915,1.4252198297185428,0.1999203092721292,0.3922202234795738
47,-1.0299852638825664,0.7777429253377903,1.6198790783542516,1.3102125077067863,-0.2000000099637725,0.0611326011592564
26,-0.354358797431222,2.037103817032184,1.175949559607778,1.4061652942075606,0.1998745747914761,0.1975204877041577
47,-1.0324741377435631,0.7933399812062031,1.358967171859515,1.375381727544902,-0.2000000099450167,0.2288147419151456
10,-0.1206724799047713,0.520344787129303,1.945772965499435,1.8948084200048727,0.2000000099542554,-0.2012675540045828
23,-0.3466058733266345,1.7251171141947823,1.3494048054006438,1.5975391774977945,0.199971138091536,-0.1782428522801818
41,-0.8646235015606559,1.3892957237224834,0.8250734629717211,1.0003495919349614,-0.2000000099513846,-0.1652211726605209
30,-0.3505605171249055,1.990526929533548,1.4953465881433825,1.1117853546034442,-0.1999929861446998,-0.0970357084363044
5,-0.0075377001362921,0.2098393574353791,2.251549458668837,1.538863689052988,0.1989856375521979,0.0382937059289199
10,-0.1217800818504991,0.5954245304380814,1.876963657624664,2.0763073773779084,0.1999666704108558,-0.1154527474519763
1,0.0777784077156808,0.2214263174513772,1.5709550167110304,1.5707526662009508,-0.1998664091110593,0.089969434004783
32,-0.5213386122930477,1.7279063702879958,1.2126882868495326,0.92782428567535,-0.1999708471450197,-0.1827167264491301
22,-0.3851131639298592,1.6726937498880454,1.4034553627159934,1.5885314883814263,0.0359529502674312,-0.1441761527790796
9,-0.0620321375492012,0.4981088860088069,2.071988442042146,2.043658306304238,0.1999630756553738,-0.30260226320657
29,-0.3688162479631299,2.044192042284321,1.3953619050469737,1.2753059563811766,-0.024378763623193,0.0230423573137757
39,-0.6253039819750988,1.562450440062458,1.0499747090292817,0.8617303383142704,-0.1939403117109727,-0.2946153932015152
45,-1.048653202457852,0.820771485250725,1.2492237957802157,1.438242890980132,0.1824127501945533,0.256091647070439
22,-0.3758487316264175,1.5966635760031544,1.479028686051621,1.6310325667562224,0.1999667207817571,-0.1430211622365355
6,0.0577678455909268,0.4105402410294098,2.2784663269847405,1.7219257812715123,0.1569059143006397,0.1041146819766706
46,-1.0549254349374872,0.7835764152110044,1.2115646126356463,1.354894419095751,0.0033454953387314,0.122936745525682
27,-0.3686169772678154,2.164830457678048,1.304344811537538,1.3553900997711406,-0.2000000082823999,-0.1837251510662119
35,-0.6554695317723542,1.6353727036374195,0.9392050589111188,0.90756956523165,-0.1999999220312851,-0.2823415175856489
44,-0.9751821329637058,1.0906436388565393,0.9508809411549342,1.2946439761120914,-0.2000000099155174,0.2751358899028425
36,-0.6769423756030184,1.5308472148744496,0.9500365006413798,0.8994509986472432,-0.199999412597517,-0.2008609226673409
4,-0.0343650421754847,0.0875129293880131,2.1523511419680457,1.3620865136846692,0.1999337396128513,0.2249874056328363
12,-0.206519033419165,0.8094680391766593,1.757173285880361,1.9889899192959344,0.1999712787992612,-0.1457584295551827
30,-0.4066376291297293,1.891123588118781,1.4231357733395438,0.9659995827262632,-0.1791349271287448,-0.4167679373702894
21,-0.3674352003012536,1.6049015557770971,1.4579031700876095,1.6461149977843903,0.1997920051511072,0.0005263847014336
48,-1.0784193315914514,0.7061587239213857,1.6658610003676753,1.2636081648680697,-0.200000009977185,0.2345717186720671
19,-0.3733288412474839,1.446634506785284,1.4743875230914871,1.6621777103771682,0.1998400557426449,-0.1332237661488585
44,-1.0049244675600757,0.8956211177565717,1.124700984978352,1.338761468854326,-0.1999992496205164,0.3469452358385356
45,-1.0529593744265473,0.728324679680081,1.4637455298241715,1.26136605242101,0.1999999933052674,-0.1494434721798633
30,-0.3811458264370323,1.894999188347383,1.4809111515667777,1.1041856798416585,0.200000009729005,0.0329211826291994
35,-0.5499565081840043,1.6595954666121333,1.0770728113737444,0.8875401873655117,0.2000000097535246,-0.2289214416273525
36,-0.7264491210502141,1.4686283379822818,0.90367412293819,0.9130459516062036,-0.1999813765564953,0.0339534338838328
32,-0.4405540580210155,1.8087096009771293,1.3696508492019517,0.978402574334629,-0.2000000093770515,-0.0387611418316405
7,0.0997997391466176,0.367871126589926,1.5131605389204363,1.547712997391595,0.1999654940160784,0.6617941752545844
20,-0.3761121010172525,1.5653593527284777,1.4801838445153574,1.6515936797248614,0.0458526410354547,-0.0187683010938636
0,-0.0999999999999998,0.15,1.5707963267948966,1.5707963267948966,0.1997652969348927,-0.2996355163111939
4,-0.0620220413045478,0.1308378281017659,2.0006313205758124,1.140391577583704,0.0350514490736608,0.1694175623193019
21,-0.3477147898762856,1.5804193972477167,1.5322074894276123,1.7009804743449477,0.1027758605339786,-0.1200634284638223
0,-0.0555555555555554,0.15,1.5707963267948966,1.5707963267948966,-0.1997542636124916,0.278074191517087
37,-0.7047296656530706,1.4694041889946132,0.9123653500017266,0.8772830836497054,-0.2000000072767553,0.0307145354230989
23,-0.3786208060371248,1.751710459297512,1.377333882325564,1.574748236321682,0.1997337491892454,-0.0924349248541759
0,0.0111111111111112,0.3055555555555556,1.5707963267948966,1.5707963267948966,-0.1997620564012107,0.3573864510789855
49,-1.0739013816647027,0.6644303795288264,1.948472955324922,0.9392326694560658,0.2000000099588708,0.463687781527665
12,-0.2080337666500983,0.7914700741293501,1.7484723264959197,1.9490296085699907,0.1999723325533764,-0.0382677274861611
23,-0.4137631892850659,1.6986638777668768,1.495323951416884,1.5740837632530933,0.1999834846224576,-0.1462085239974506
47,-1.036296772742566,0.7612897319919437,1.38644292491046,1.3001395466639698,-0.2000000099947494,0.298263448682901
9,-0.1006948439014487,0.5300095884411217,2.0485960422691445,1.8544354928576663,0.1999884199459504,-0.111689146925248
44,-1.0140684029558946,1.009905045865849,1.0227820771422724,1.339132922827554,-0.2000000082001777,0.128856481841333
17,-0.3611789637076184,1.2187160761888864,1.610058751949344,1.75551560293021,0.1999911932092688,-0.0851428188022424
48,-1.0339806923278558,0.7726865962923545,1.238088989400418,1.4498193731755065,-0.2000000099671305,0.6630924347710795
21,-0.345902127144138,1.6918746452000295,1.4807015220311026,1.7149331103775929,0.1994963180502731,-0.0091138804636611
14,-0.3042759743292342,0.9896809496366192,1.653875027843986,1.8217997278761888,0.1999865406592744,-0.0775501917588491
34,-0.5775804837373095,1.6639307838179684,1.0759060771004316,0.8667529924752697,-0.1657978955183208,-0.1909396134879128
5,0.0857927858553121,0.2662164828088947,2.260687441625868,1.5161832711863372,0.1999487109886538,0.1387165163081221
10,-0.1434640355892871,0.5825047812086216,1.8930805647180664,1.964659847954641,0.1999577182175428,-0.1170723151822797
23,-0.39022400470078,1.749666295037896,1.489114538827215,1.6057258038369393,0.2000000084284502,-0.2772205837183744
1,-0.0335320134282228,0.2009831363546349,1.642338947453771,1.5443899315609024,-0.1998860260445015,0.3423711867822918
21,-0.3413371136236196,1.5487372680771063,1.534924012669597,1.626993949061349,0.19995964023319,-0.1042441362976921
32,-0.4919841506931016,1.7502630893652646,1.2087052288141589,0.9316779169323128,-0.0898610211375357,0.088281769048183
48,-1.04236829245456,0.7380715299964709,1.5895516112565806,1.2719090426952009,-0.200000009994729,0.3183759142375002
47,-1.0396524662854765,0.7439943044060968,1.5122064959481176,1.3112705346702955,-0.2000000099417796,0.2405499196627558
28,-0.3565712558114647,2.06852401386183,1.2187110195544104,1.355621232303069,0.0761633912269011,0.3649203293058747
16,-0.3039965758161197,1.2064636977832623,1.643458750841226,1.7895707118582909,0.199966583191136,-0.0984878863838707
0,-0.0555555555555554,0.2833333333333333,1.5707963267948966,1.5707963267948966,-0.1999378520243627,0.4261357562079712
33,-0.5332193485712554,1.7290395232572384,1.081814496941344,0.9027753599638888,-0.199974057416027,-0.1109143582008069
40,-0.8769846661891821,1.2500950111597446,0.7029529782619814,1.0150053127007417,-0.1999999421977188,0.2000004194237542
6,-0.0249169901368869,0.3997661191824343,2.2335174503412585,1.5959970032642787,0.1999128936559045,0.070188116753645
18,-0.3859392693531369,1.3119388073732812,1.5758383433010916,1.6938827926891686,0.1999891070040381,-0.1059780568013014
16,-0.2871658412802201,1.069253248609411,1.6191739859667162,1.7589145252594534,0.200000009943842,0.2022925369876645
38,-0.7957257240167288,1.3637872200384435,0.8282265412297587,0.8929475976760077,-0.2000000091778395,0.0850759067272466
0,-0.0555555555555554,0.2833333333333333,1.5707963267948966,1.5707963267948966,-0.1999378520243627,0.4261357562079712
31,-0.3856629884949001,1.9700270296099005,1.3737162249770505,1.275536088146884,0.0697443268121415,0.3096043434110929
23,-0.3765984689031677,1.7027921186350814,1.336150456163665,1.560412971004184,0.1999356248613081,-0.1020825025241366
5,-0.0044186157793649,0.1577405293013066,2.296483680700915,1.5833751383425163,0.1999472934365587,-0.0467828775353775
49,-1.0801268513038735,0.6792799703486181,1.6085040467467646,1.2622924547665706,0.0377581821359792,0.7915958257686935
4,0.0024288070300732,0.1851730136743898,2.098712579407964,1.2958018123585395,0.0309683782310859,0.1401501469255191
47,-1.0445578318582598,0.7301148956989919,1.4898571435339991,1.3047154908362748,-0.1945165758936355,0.4089183201753326
21,-0.3437481762076851,1.587064570909914,1.4888298782196383,1.6317228119898282,0.1999814229711434,-0.0498243867079378
1,-0.0777057638538051,0.3729461452358225,1.5917122094568352,1.5648638666028982,0.1285927192606408,-0.2649129489477629
42,-0.8736546800616445,1.236595526802284,0.8622383636069828,1.076098451995562,-0.2000000088122399,-0.195414421560407
37,-0.6780523568900426,1.506674566662992,0.9303317322072128,0.8798980836171852,-0.2000000069453067,-0.0008326682876184
5,-0.0555891123699621,0.366306592030619,1.7192411898311717,1.5212658712628884,0.1388072176508227,0.4545441902214902
31,-0.4098002057275746,1.8871103498799129,1.428995088734899,1.2149279140243994,-0.1999999793928865,0.1145871717562954
49,-1.0927513828269175,0.6124701903690881,1.8174885220009367,0.9393963080502984,0.2000000099731929,0.5794955076868836
1,0.0302140797319656,0.1552939148611261,1.732278780141149,1.4834873687850494,-0.1836728440907535,0.3287763581658793
0,0.0555555555555556,0.1944444444444444,1.5707963267948966,1.5707963267948966,0.1995388147093179,-0.2005827059243218
49,-1.0753291369042897,0.6854789048573666,2.0339270206776003,1.1539845106226905,0.2000000098445555,0.4636877813842521
9,0.1009066473977582,0.5514990132456381,1.60323237354425,1.5614352680738963,0.200000009950846,0.6500414849345141
31,-0.3878293285567395,1.8901274881896115,1.4773370968785624,1.1103061054723238,0.2000000098253926,0.3139707501031999
36,-0.5939251676961487,1.6183275198547469,1.0375546189632754,0.9407385543019204,-0.1999999912624972,0.0910753178021158
35,-0.6275194119214942,1.586425103267644,0.952451038235102,0.8822564625651639,-0.1999999377794525,0.0060663236982736
49,-1.0985890234788518,0.6257048302540654,1.777796042187421,0.9177878251760434,0.2000000099680293,0.6332685257213213
30,-0.3798346871337554,1.9826809419340616,1.376392207169209,1.281607744192802,0.0374046299571826,0.2953361426444771
3,0.1000631164157604,0.4354775930833605,1.5891139256444315,1.5619403818496262,0.0801458827250107,0.5707788297841486
7,0.0325591086427484,0.3404071894384479,2.2312801192190985,1.7338628182745903,0.1999763875435962,0.0224893496228385
25,-0.3433673237023605,2.034637380496009,1.1802608529713492,1.4209094573065617,0.1996944511499609,0.2303968267238031
2,0.0262672074446334,0.0818653188673408,1.908676371970449,1.3774089776553495,-0.1369268859563297,0.290338502799281
21,-0.3499849335938734,1.5206154193564445,1.4590821089830737,1.6115647917222613,0.1999616465756164,0.0488837519593642
48,-1.0768907362853617,0.6949921795993719,1.4085121369597058,1.2916428842587768,-0.2000000099499986,0.5444599018712958
6,-0.0994497750394526,0.4755215824677816,1.629193083443914,1.5628465946257155,0.1999074224216314,0.4780337223685176
43,-0.962232836320155,1.0586291712575269,0.8421111787345748,1.2775638570828691,-0.0119343312639784,0.3680056745465811
3,-0.0853162437133853,0.20601282651563,2.002506115534578,1.3313658160435524,-0.0847341406568961,0.0637068523176188
18,-0.3617710643775671,1.481910015828267,1.548082404830728,1.694130041342382,0.199840071271224,-0.1419042397056795
41,-0.7514162675879201,1.4055466731784194,0.8887782423433404,0.8814596609827967,-0.2000000099785657,-0.013739128866783
4,0.0324681984425618,0.1790813452005063,2.16154241661099,1.3664072846761788,0.0488362234878084,0.1346019792476117
19,-0.3651626385350217,1.4825110456662496,1.4713258658174373,1.679152132501318,0.1999477384959804,-0.1903389786615237
12,-0.22617345387308,0.849453671102963,1.7414532425489764,1.966212170922121,0.199991234353365,-0.1459079106538389
24,-0.3427599323037119,1.9731299513454368,1.202044385546122,1.5483130453975154,0.1998571331645727,-0.122361425464191
1,-0.1016470736091897,0.2819799581833392,1.364392575740772,1.611903415954096,0.1993936301350392,-0.1436283751062582
8,-0.076519831513097,0.4149179129006922,1.6272261525180678,1.5454694185826452,0.1999463740108207,0.5215269211134175
17,-0.3317478469188151,1.287907561323161,1.6116813977801083,1.7335234034140306,0.1999941402114964,0.0342719867059892
26,-0.3677641585998051,1.989985989445876,1.1671312684800963,1.4420047317528395,0.199918518625071,0.0391534741707305
42,-0.9441820474208028,1.1821083649150006,0.6958003295273498,1.1740099448400654,-0.1999998558212682,0.1142069698521215
4,-0.0534981285150595,0.3553843315833224,2.0369227240469794,1.4365618766061143,0.1444709410424658,0.3470669056182129
24,-0.3745938551460839,1.8607452824726805,1.3744009653089808,1.5342130467450374,0.0369236519653424,-0.2741919347107444
11,-0.1321870556754534,0.7483454686952706,1.860256996997867,2.051679661601656,0.1999692831140365,-0.0832270930032674
4,-0.0215401803418752,0.1221405189833438,2.133879230418477,1.273683775217654,0.1036548238982968,0.185952384036477
32,-0.497449264759334,1.7788435475229167,1.170022209235702,0.8583926153173539,0.0394295672832102,-0.3783401581252346
48,-1.0646617844540942,0.7251873303814831,1.505025108405624,1.345706076605608,-0.2000000099732591,0.3935001591439992
8,-0.0450689151537291,0.3453870723348022,2.1445450792696814,1.8173014214187428,0.2000000099553613,-0.4281700018191878
22,-0.3829643447033845,1.692717418503643,1.4186970489707331,1.597607780806555,0.0401211352322189,-0.0979002688028801
30,-0.3598545699975931,2.055217025229401,1.364757732548986,1.3007761064136285,-0.1999999385993904,0.2611005332900122
23,-0.3682912746626348,1.7473393764629388,1.4009833023903573,1.5481269083930194,0.1994625038652368,-0.2077024772998677
1,0.010820880248056,0.2359123569617292,1.6330403993513922,1.546447564976615,-0.1870141144084207,0.1217738595037025
15,-0.2962375372068129,1.128798241415807,1.6615488799896578,1.846634004171006,0.1999791477685493,-0.0944884483991406
3,0.0031963521822921,0.0269868772107307,2.111545235910688,1.2969618846149915,0.1999075755866173,0.2874162597717539
30,-0.3926928741036307,1.941259801074453,1.5123553993788104,1.159765219185465,-0.199979809878205,-0.0344050994197298
21,-0.3661478992954348,1.5877231691891995,1.4496671961554333,1.6668027993333343,0.138558902478827,-0.0929015991999849
34,-0.5610192854010309,1.6824423081282482,0.9783832249580704,0.9049287349180648,-0.1999967466431555,0.0411923629642522
30,-0.3641665786464985,1.97102347233746,1.5003146064328523,1.1702609417046108,-0.1999860002471145,0.0050357181812498
42,-0.9559392594143628,1.1898448772451309,0.817612518617187,1.1807230320803814,-0.2000000093881419,0.0053676133296971
28,-0.3766378293425046,1.9758602442548383,1.1332617486503462,1.43681713462094,0.1999864225774499,0.1937822861934404
43,-0.9102461258875738,1.3174084719918102,0.6549669067051749,1.0172346474610143,-0.2000000099483338,0.0274824098314468
32,-0.4543969705958151,1.7753308533077647,1.3779778415944914,0.9483464811143002,-0.0701266183783022,-0.4940831038826455
0,-0.0111111111111109,0.35,1.5707963267948966,1.5707963267948966,-0.199681905421993,0.3561175064565777
45,-1.0193115125562944,0.8520778249947694,1.1359427283194403,1.3372281127456882,-0.2000000022548041,0.1862004648358863
2,0.018002817200948,0.126468796830772,1.885725007453237,1.3192246873558613,-0.1487135264984777,0.2304643776508235
20,-0.3706984522151645,1.5090910774540731,1.5303414101388793,1.677087557896589,0.1433119855304168,-0.0466304825550204
10,-0.0708154858366396,0.4711398783338635,2.2247957410898547,1.980025841643965,0.2000000099745591,-0.5616292098439384
32,-0.4187864863834609,1.8662672104882447,1.4440486571427922,1.183811547319963,-0.1999999938875783,0.0662957260351081
19,-0.3938622667873063,1.38960507102125,1.562379957237516,1.6883446150300592,0.1999453815073928,-0.0143127933508256
41,-0.9137356361595168,1.1854180332470488,0.6919625672188143,1.122116363874249,-0.1999999790772305,0.4025998304603778
49,-1.039393123071175,0.6903028724707305,1.6777318800475935,1.2422443031337609,0.098486817986975,0.8682425916768871
29,-0.3693809539813534,2.027603111724763,1.4267598996546609,1.2602359630059872,-0.003221437214274,0.0258684919491433
31,-0.3864804501698719,1.8915715446854828,1.4803870218482356,1.116791575576961,0.2000000099150569,0.0403968547881585
9,0.1019887915847643,0.4811245830405175,1.6827798123147826,1.5243325825085987,0.2000000099612315,0.5955126444769026
33,-0.5085115645191822,1.755273183730908,1.1022115617752042,0.9243976984949768,-0.1999821899878261,-0.0327575013005192
32,-0.4566999125233804,1.7731902768743042,1.3422144028034548,0.9429345143313697,-0.0664937831535157,-0.4716194776433708
49,-1.0666121813459726,0.6763705158377805,1.6799233062800507,1.107897140819188,0.2000000099866432,0.8506346754866082
33,-0.4995730094353763,1.7374268713746852,1.3309687739845852,0.929502927697344,-0.2000000073777417,-0.0277826027474615
30,-0.4008317093550381,1.937301812508538,1.489929393925939,1.1553241775517826,-0.1999847853023189,-0.0069103018218426
25,-0.3237131328039984,2.019156645142747,1.18284655834106,1.3875146888359011,0.1823086857297922,0.3926562709414133
3,0.0548727606371207,0.3179979026385241,1.697077858322535,1.5200837440968693,-0.1799935900076811,0.3898166883860782
35,-0.603568688722469,1.5917142414385133,1.0704019917782883,0.8820597537110414,0.1293724520583309,-0.2466129182217185
26,-0.3644553629810653,1.9678828698454325,1.1797904531147818,1.4574092053502012,0.1999497822961769,0.0144977120248375
22,-0.3837656960597606,1.6239670137081608,1.4599454114821295,1.605262722486306,0.1273291506789559,-0.3464644797368314
22,-0.3466493471997929,1.6371656757200654,1.4387644315746169,1.615582114872962,0.1999406359696677,-0.2591714204907369
49,-1.045533592557766,0.6739147442788237,1.850367193171058,1.1407777595037314,0.2000000092331473,0.5691138920185911
19,-0.3489611471854293,1.362178252665551,1.5896101790156705,1.7035270110255918,0.2000000099384404,0.0626012255288026
23,-0.3699998311424483,1.767912013819016,1.3293161425843905,1.5605387309708054,0.1999103821049317,-0.2686772126689261
21,-0.3838696075114207,1.6159953883409297,1.4569344530489785,1.6135022423536447,0.0789237894214637,0.0728197172524397
33,-0.5111478171765508,1.7016965687822352,1.157744594910417,0.9057122135635232,0.142881657146004,-0.3183499593821011
9,-0.1206090034745993,0.5012046283413277,1.924660530933414,2.0241117171505296,0.1999609157198825,-0.1903681476029433
10,-0.0721539645381608,0.5994149739194574,1.969805241623197,2.058283421870054,0.1999722652268992,-0.0557973829640269
5,0.0119743324396245,0.2169936280428996,2.214135811724935,1.4255126885816023,0.1994811644492319,0.1376812314029591
40,-0.8821037495451582,1.2417529029530547,0.7021899046984057,1.03046044538647,-0.1999999401402051,0.2221746153312716
35,-0.5644002764180888,1.655842765729387,0.9812726537373404,0.9167053257298547,-0.1999999329186701,0.0581205870218888
10,0.0029734382886193,0.6038420437549266,2.1863670172777514,1.9839634376600712,0.1999852797297081,-0.1352805140475062
18,-0.3608047945831198,1.4188058786224171,1.5440272326257567,1.708746106652573,0.1891843123011576,-0.0175332179395626
4,-0.0554772715303449,0.2023328744978937,1.7887344705548625,1.498874839242645,-0.1291350414772435,0.3200198601011215
9,-0.0934498517964741,0.4910077210158206,1.9552491224047284,2.0851406557350654,0.1999695420189371,-0.223445038524339
37,-0.7239260023171751,1.4578223050132026,0.903849777826343,0.8636316429936562,-0.2000000067794375,-0.038496850913088
31,-0.3852329408677424,1.9269665842552204,1.46408756921557,1.01515496657389,-0.1999438842636274,-0.3008182280106602
3,0.0554675416768204,0.2682734292451234,1.5481915409353115,1.5769851311498853,-0.1992458870498003,0.4667340507296089
20,-0.3651397117668276,1.5108439879529227,1.4556791349482894,1.6463985440448914,0.0596749010573195,0.0078920770409597
29,-0.3518340581816476,2.083180256770599,1.264288161942039,1.3332622618070635,-0.0387485374794834,0.3683899545968004
25,-0.3802907205230103,1.824874058608026,1.3219297724452357,1.535840966362981,0.1999218329596531,-0.2789471260928106
19,-0.2916177006570041,1.5030727588542996,1.5341273109104971,1.7559674340313018,0.1999067883768343,0.002774590360991
13,-0.2431772560890551,0.9249551559611396,1.7390741101142506,1.9038161559794031,0.1999399906598236,-0.1003102326723493
44,-1.0244084359512189,0.911629679017702,0.9985443642970662,1.3176293255452498,-0.2000000027456088,0.043864592099999
20,-0.3706898448438983,1.6126551211139233,1.3391715343611337,1.676654968964411,0.1545649168682784,-0.1092218165585392
29,-0.4058179402175172,2.0360831759392,1.543380376943622,1.195509734262863,-0.1449138954717619,-0.3975941330606124
30,-0.3869532600909295,1.8908411436465675,1.4794148179378848,1.1146871734433847,-0.1999885205717847,-0.0894742893261649
19,-0.28386745217616,1.465703111645119,1.5643275129285197,1.7823091930604198,0.2000000099407125,0.3734385424978186
36,-0.6601928428504062,1.532832937051776,0.9091217937555652,0.8739534685324464,-0.2000000075018243,0.0940512036985112
14,-0.2654647410349222,0.8378120126800235,1.695230354615722,1.8609758281515043,0.2000000099815807,-0.1561553615621617
47,-1.040831567581525,0.8687438077907756,1.1639209623124938,1.4404748402989038,-0.2000000099681625,0.3586464747525246
31,-0.4315352006347951,1.925611155147423,1.4950488554921488,1.0225049751849042,-0.1999616599945792,-0.4366901118011997
18,-0.2995744872273186,1.3028466927012343,1.644959227242742,1.8414956397925777,0.200000009993242,-0.2137496802177408
14,-0.2704569016216411,1.0310648937919398,1.7183260778572895,1.939051953117166,0.1999916265671776,-0.125337726693938
44,-1.0167658725203716,1.017124567440581,1.0284346724536757,1.3437773242376891,-0.2000000087292025,0.1177775927749731
19,-0.3005607391558542,1.4205786618928953,1.5780864264517622,1.8161295280595915,0.2000000099933421,0.1932695115416989
2,-0.0838304118667159,0.1052873333174977,1.8548078397896628,1.4091130879418838,-0.1997208013805542,0.2164079260918519
2,-0.0568699711980918,0.4093345829609126,1.4611012603239235,1.5797844236280347,-0.0617913915812309,0.5212959038196623
40,-0.8880307982163694,1.2328688733281523,0.8583315622444454,1.012222709255186,-0.1085234110281107,-0.2130790223875176
37,-0.7356537230949327,1.464853166908915,0.8681843032090817,0.972491801083246,-0.1999999106585859,0.0930654859243138
16,-0.3339150279124981,1.1667355764021994,1.6294947462764124,1.7505774198851205,0.1999843775756845,-0.216632567256841
31,-0.4041274438615989,1.8410709305178303,1.498864055671964,1.5750748065434146,-0.128707881970271,0.2789630933499633
32,-0.4548969090968545,1.8419309080739803,1.4583326965514836,0.9676660392833716,-0.1994299980352848,-0.3236495288210059
32,-0.4703344215198989,1.8074236072074927,1.2711377563562731,0.89016993157223,-0.0971111494136046,-0.4581173655174393
0,0.0111111111111112,0.1722222222222222,1.5707963267948966,1.5707963267948966,-0.1999402509556365,0.3794902419806801
11,-0.1754108559890126,0.7445231434361322,1.7901211688902716,2.042741235765253,0.1999638659926487,-0.1421049125421175
49,-1.0450102152344771,0.6741022653782796,1.838445232310568,1.152166754712512,0.20000000999285,4.779229763751617
1,-0.1022023597299613,0.2960067485729818,1.3497073279047471,1.5999272881482136,0.1995831684452829,-0.1382741248779015
12,-0.257521127796013,0.7983227127966251,1.7126356782999377,1.894295368661662,0.1999502330788293,-0.0853270222125146
31,-0.4111256452706105,1.875661696765087,1.5851537002036022,1.0096610093454252,-0.1986933683782995,-0.536580201599757
6,0.099398251438432,0.2983292206189852,1.5921412045743804,1.5543516742117296,0.1998923591588302,0.6207290385896544
10,-0.1025832245084856,0.9000902351213184,1.9043495222451088,2.0975556696609208,0.1999516048555677,-0.1116283305426307
12,-0.23833574662827,0.7130727749764614,1.699240402804456,1.908485559217206,0.1999916268671875,0.0035976752210981
33,-0.4131803016105111,1.838541339052627,1.5154077308860163,1.550621634182752,-0.1905677354827885,0.212504364275276
40,-0.9031835143964264,1.175970672539289,0.8394219885256629,1.062696266712784,-0.1999994678094828,0.0648244002384656
9,-0.1395726190289951,0.6711128115143536,1.9370030696180205,1.8827915266706263,0.1999543141120302,-0.0623216689919534
23,-0.3910149576569642,1.7271952362710623,1.3779939534750325,1.562769925369575,0.1357880671091794,-0.2937212424537487
26,-0.3461680378249651,2.065053856048186,1.1797851035979132,1.4152028324431158,0.1999175282036505,0.1145284227001007
36,-0.7212605051401714,1.5429667005663488,0.8262047628548483,0.8004327158824102,-0.2000000097127655,-0.140146788724734
6,0.0158142711044321,0.2403548798663491,2.2527340511467795,1.585388165684289,0.1999699899828875,0.0424954547065991
14,-0.2705574258936299,0.977122512212908,1.724118293323789,1.9415210956680475,0.1999456214391069,-0.2098092035957099
9,-0.0085092136376004,0.5623038258134269,2.202169288941894,1.9560077210888684,0.1999694724174862,-0.1701035127555261
16,-0.3559420843007034,1.1096016370077997,1.6129416479405505,1.7751492057557583,0.199990275230411,-0.1699857658206989
41,-0.9047744103329384,1.208160506619737,0.6957310969617705,1.0969563243557876,-0.1999999760921813,0.3471898337410027
20,-0.3639650180257197,1.5608237222716834,1.5614250743375515,1.6498134096711448,-0.0698894105016633,-0.0125363060054681
19,-0.3598482410281605,1.4102610550352217,1.5442990186300616,1.703078510953544,0.1998719564913627,-0.1402193691310251
23,-0.3709725376783748,1.8774941160694985,1.2704386274006705,1.5195518068410503,0.0571619199466877,-0.0974140237052245
49,-1.022663462163724,0.783849465683193,2.4139511762794594,1.4469252838236586,0.2000000099762167,3.628217874389682
31,-0.4083038454878789,1.8956513940279736,1.5235908166007492,1.0655276595953032,-0.1999440794382749,-0.1790565636760704
27,-0.3507201073704577,1.9929328406540283,1.2698951913651566,1.6025101044281302,-0.2000000098822708,-0.344384681003727
24,-0.3785276714197,1.816424740930172,1.323515442260776,1.5375234162149594,0.199842313669025,-0.1001668755859203
28,-0.3113774768876778,2.1045653952849097,1.352696188786302,1.3064253959338443,-0.1034594569913724,0.281671894017334
43,-0.992189282435546,1.097186745561949,0.9370655352857452,1.27441359969223,-0.2000000087230889,0.0520547796821155
36,-0.663247548800351,1.521812707314732,0.9011732387032848,0.8726622844596219,-0.2000000080736483,0.1052093286075024
31,-0.3872167558599279,1.925197593747884,1.4540498490121705,1.0168198496510938,-0.1999970562747631,-0.2431055139982012
49,-1.0763507242642485,0.6312348567614562,2.024149206527744,1.0366462595160677,0.200000009998205,4.407821815267818
3,0.0774706431713654,0.1416148454324593,1.6334658275034766,1.54613756748344,-0.1140497742637167,0.3914740954851983
47,-1.0076097948248857,0.9498894414144758,1.0104877041430025,1.4903830624758627,-0.2000000099835809,0.4876547822508236
19,-0.2612353600947096,1.3819854619312522,1.6636337908592562,1.910001636853384,0.2000000099493782,-0.0276391165482427
6,0.0155165186459533,0.2477249353853827,2.240369235226188,1.543450408324547,0.1999889780047844,0.0686408216505079
2,-0.025683766431631,0.0589980340473221,1.9199375669148304,1.3071207731131853,0.0341895963298994,0.2723652049431513
8,0.0515336470398462,0.4819151649604208,2.299556528278861,1.7922739188343375,0.1999700029936061,-0.0750508544175865
18,-0.2204385903296442,1.4077150911269027,1.7353678877141814,1.9875095991425724,0.1999318691810858,-0.3319299139774543
22,-0.3805608145379484,1.6707179380490556,1.430756558724914,1.614551096680872,0.0066019281623466,-0.1368669862739412
36,-0.6273831127558371,1.5764343833616252,0.9524230370905736,0.949273408779445,-0.1999999439746695,0.1874945564481354
26,-0.3036842803463753,2.1035639352856967,1.1517599719252924,1.4130753422804676,0.1724379340329883,0.4373733403838042
22,-0.376397452595484,1.6039561325375256,1.4537087968987734,1.5798486278195902,0.1966984799743648,-0.2351166814702176
17,-0.3044278436668158,1.2206016493478622,1.6503338599201474,1.7909382373180929,0.1999787414741408,-0.0999546211280222
22,-0.3655013958864181,1.656937440180637,1.4562369224759657,1.6036801758436576,0.15710405898582,-0.2422905149721655
15,-0.2790085840234711,1.1055011706076474,1.680363860973392,1.877124247913188,0.1999763856883896,-0.103766703905231
3,0.079490291394717,0.3518371504342791,2.016142920651708,1.4399636420464246,-0.0540786573084975,0.0770122012504081
6,-0.0524737697723159,0.2366418340181714,2.1596125523236136,1.4413082446994467,0.1999575231282819,0.122501771392057
12,-0.1587950789697268,0.9426135531727572,1.862383699353156,1.9978359945373445,0.1993293193666998,-0.2665930563815687
5,0.0525481311901696,0.2114694754916743,2.137653493425028,1.3174193023090552,0.1998713524071646,0.2048435264477524
11,-0.1104638731376929,0.7081300414423529,1.8857984291997287,2.0566296272062186,0.1999923348135729,-0.0285203569066056
27,-0.3985629899882935,2.0165076048719937,1.235284605124269,1.4470848031694554,-0.1742084706721521,-0.3199043247122041
44,-1.0130392941043458,1.0135152150666762,1.0166004794326169,1.335606640381232,-0.2000000083122176,0.1302741497723372
30,-0.385146100158636,1.888998453466579,1.4838554906335215,1.1083918956650338,-0.1999926585614866,-0.1183342619080791
0,0.0777777777777779,0.2833333333333333,1.5707963267948966,1.5707963267948966,0.1803125719894731,-0.3792818520132189
7,-0.0993506480314678,0.4885518464578838,1.6360509182002885,1.5635758413412806,0.1998941781962435,0.4523102781373744
42,-0.9675022864825684,1.075499235123829,0.957839748782072,1.2601311750487405,-0.1999999620450686,0.0423395872343381
22,-0.3292292902640108,1.6376350220295934,1.4857226787108235,1.751114868738844,0.1626227971527871,-0.2536021596566244
21,-0.3017927188834213,1.6297456479032753,1.546145019182239,1.8229775692344168,0.1997333817415983,-0.2829383995802041
20,-0.3589685551063452,1.442100311819679,1.4779705005374293,1.6125942254678467,0.2000000099493238,-0.20421408163528
6,0.0829590173567793,0.4130416033233347,2.0539160753276686,1.5029515177107913,0.1999521725855989,0.0448447655056795
0,0.0333333333333334,0.1722222222222222,1.5707963267948966,1.5707963267948966,-0.1999191914261852,0.4067251853888183
33,-0.5143184229630569,1.758930272993208,1.2749329136865557,0.8843806212507483,-0.1852648063409332,-0.4913189649460027
5,0.0128113380733259,0.264325737952329,2.213390083112989,1.3920200020032272,0.1999306782246127,0.1901998743890773
31,-0.3809599524184021,1.985084233111768,1.4468831057336669,1.238698716662889,-0.1796026638478359,0.1806803644600225
35,-0.6111313623300284,1.618139649545862,1.012978938468967,0.9060285149887464,-0.199999918051151,-0.2830302745649931
24,-0.4071755849319679,1.7491735678906914,1.4962147893991808,1.5677858540418463,0.2000000083583794,-0.3171131174676458
10,-0.1606997141847606,0.6555320655093131,1.8437710824098923,2.035798087089513,0.1999699695574823,-0.173262852207026
16,-0.2942869499415392,1.236810692412712,1.6668749722328524,1.848464892243148,0.1999915975307136,-0.1981812515420821
14,-0.1796376962497841,0.9812980970348888,1.764338740813173,2.0381471491643124,0.1999853599022484,-0.1565612146787565
41,-0.9371502099943751,1.1399322361772883,0.8906988091295348,1.1570228369236604,-0.19999998734897,-0.0498802581246979
41,-0.9300403216664642,1.202701348078186,0.7020103608543143,1.207101464394795,-0.1999999874044664,0.4861142776626607
26,-0.3697060314663965,1.9795100744586047,1.1330170569370823,1.485322050353987,0.1999380041642772,0.0341166856806877
0,0.1000000000000001,0.2166666666666666,1.5707963267948966,1.5707963267948966,-0.1999327861242799,0.0383678522772438
47,-1.0207500580759812,0.8189629912348958,1.5562462842877864,1.360128878736558,-0.2000000099710982,0.0997986455685058
17,-0.3324178649700714,1.1266446141975528,1.611204226562057,1.739302917005904,0.2000000099969103,-0.0293546114814744
9,-0.1409242427490807,0.7009466472630427,1.8633500608291964,2.01083275320264,0.1999662529511549,-0.0744777946976881
47,-1.0603430230978834,0.754839850731953,1.5118161114540438,1.3590113603902267,-0.2000000099399132,0.1656227465018756
8,0.0760749860273846,0.3954289689499363,2.049579825603317,1.7998097240819098,0.200000009945696,-0.1719118312950508
2,0.0779329368205213,0.1927353008736747,1.5921398578819377,1.5661399994831555,-0.1999530500493554,0.1303668146907864
16,-0.3204563630249835,1.056699448179362,1.6579710515823702,1.865369269566507,0.2000000099436896,-0.2271129191789189
30,-0.3963342788004274,2.0035986520467493,1.5669306526568274,1.129748697115188,-0.1999566783110458,-0.1947461907514881
21,-0.3879373955146517,1.585779724169096,1.4517331841078145,1.6219273641623388,0.1996279720524751,0.049654769308315
13,-0.2129178482842761,0.9527788211585596,1.7513714330878596,1.9634601946047767,0.1999703678546844,-0.112167546701636
3,0.0168362314850395,0.0907696202156472,1.999451101818357,1.2524296068034606,0.0489135637956387,0.2223163432120858
24,-0.30264910203853,1.921587754099502,1.2357383901861052,1.5516225796174763,0.1999790292927308,-0.1011056850872317
27,-0.2971359385428826,2.1323122854918126,1.267381657907043,1.3161051081948494,-0.0523538370843193,0.3483629254851885
25,-0.3834001446283899,1.81373726964904,1.3323507784542183,1.5316518296731636,0.1999397510630539,-0.2873240938346609
0,0.0777777777777779,0.2833333333333333,1.5707963267948966,1.5707963267948966,0.1803125719895828,-0.3792818520278246
23,-0.3806642991401026,1.6961292441744078,1.3158035736984917,1.5917229111659008,0.1999523174413857,-0.086181607956777
44,-0.9793270675494334,0.997245490791374,0.9581033709135394,1.3424158896802243,-0.0643480032662664,0.4481679282506562
5,-0.0561674033892546,0.1844479192763024,2.098096580305372,1.371259271432394,0.1478736649212797,0.1680990746327587
3,-0.0390898359703472,0.1853901118314681,1.850052141645227,1.4125099932212233,-0.1992461423952789,0.2403842016812622
36,-0.6548875742223165,1.530871179228112,1.0016074332920937,0.8903607317402823,-0.1999999879000022,-0.2303251691318271
16,-0.3274774617799012,1.244261616569308,1.634102595099483,1.782648925252187,0.1999724964366272,-0.1925705327624094
5,0.0395858488842049,0.161311684217636,2.230648302533899,1.511294621237698,0.1999474740826219,0.1209179092471129
21,-0.3984618593176751,1.5672475927090874,1.495462623485599,1.6474177300591923,0.1193633796473853,-0.0802087574669366
14,-0.2657648183157433,0.9736409348384008,1.693813440450702,1.8699646053535888,0.1999570383617746,-0.1443192952401238
49,-1.0378827664014507,0.6933593303419914,1.6144507201996188,1.2773336645017157,0.0162343576859906,0.8225730842422746
47,-1.0680001568479365,0.7121847229835915,1.4977396252241473,1.3424352275866358,-0.1014231679136464,0.1784878055216086
22,-0.3837649222374137,1.6093483303718137,1.458436987423573,1.6043018644705138,0.1558436022198153,-0.3924193364569477
9,-0.0001935027705524,0.5256928541116225,2.172519967952047,1.9724435550722896,0.1999738652300047,-0.1104157615081641
27,-0.3443890290549107,2.1698462453034044,1.423694492378507,1.3300478177689157,-0.2000000095851313,-0.362819565146062
27,-0.3067667043097258,2.100175502686732,1.292494305470262,1.310749988524638,-0.020850582900411,0.3398955745690991
4,-0.0552008663742349,0.3849708479727904,1.6809895383801798,1.53939970445025,-0.0450985362654837,0.4937485996268276
4,-0.0550054483100108,0.3700954070462163,1.6579913916673998,1.5508153695506697,-0.0753477558628788,0.4950274971236307
3,-0.0374847028463294,0.1333738303827733,1.85605297336844,1.4256026113076752,0.1329390460658986,0.4580649559062473
31,-0.4595543848138745,1.9311812226500524,1.3902574210104088,1.5860886404511807,-0.2000000099732092,0.0728787431668805
1,-0.0155302248611361,0.0532093322469979,1.759561658897672,1.4616344908717191,-0.1999527183424562,0.3577369972372469
11,-0.1542109869538287,0.6469550235595408,1.893221148350511,2.07835892829854,0.199993491723419,-0.2613961065367317
29,-0.3706013127271565,2.0226849272322527,1.4103109730248304,1.2492107517397422,0.0222431381632441,0.1179886807936251
46,-1.0390364630368,0.9320870591216988,1.1056876751270632,1.41520877208896,-0.2000000094354513,0.4587004754641872
9,-0.0186830489795316,0.4762363205258575,2.1947554173555712,1.9845804753581693,0.1999931514120819,-0.2339888943737149
36,-0.663363318147414,1.516742974551516,0.9013045924392084,0.8733676206275109,-0.2000000077952354,0.1044911944182245
8,-0.0665927443797542,0.4604739118893048,2.1137082485930936,1.99454437327177,0.1567189983948747,-0.3379372322488944
23,-0.3515401338219154,1.6925299523094073,1.37629767233995,1.5445713017723048,0.1999796321411329,-0.2288680593653073
14,-0.2476336205228323,0.9149501455116936,1.6590288514879088,1.850241465356427,0.2000000099653969,0.1590532284196805
45,-0.989683087346025,0.9348115197472504,0.9933460602335472,1.2974114352353572,-0.1991197582393054,0.3423225279691759
0,-0.0333333333333332,0.2833333333333333,1.5707963267948966,1.5707963267948966,0.1911810565032789,-0.0929537518650378
21,-0.3447161332552564,1.5921408260563497,1.4878535057094435,1.6285076974766273,0.1999523280982531,-0.0586448368500785
7,-0.115509683405194,0.56462345841509,2.028741710880075,1.8083594881254816,0.199980819051762,-0.0654281813389736
31,-0.4242068161681126,1.869669043825568,1.348562971749578,0.9371166563009072,-0.1999349279049822,-0.4902450360438753
16,-0.2933629717491586,1.0308585036209057,1.6521326238897185,1.8190986798540096,0.2000000099859331,-0.0877222979743984
48,-1.0657947264312622,0.7598506321680215,1.4861910539355616,1.3693949729353705,-0.2000000099726967,0.4121731996694686
24,-0.3246009768535067,1.9777338295039035,1.20883854577807,1.4256129882850728,0.1999188520602356,0.1932987048291502
22,-0.392133633245088,1.7203346187504982,1.4096298898246626,1.5952854647065329,0.0987349351160829,-0.0706505408478652
8,-0.0570257598426964,0.4214677065942075,2.1443502912905554,1.8872968178530145,0.1999870531923106,-0.1617127832665658
23,-0.3468517008042193,1.6977707312281942,1.4157310808685164,1.59676021320667,0.1999709223893649,-0.1987104400989766
13,-0.2579574405572746,0.8256220019216294,1.7225793162968497,1.9044159818897,0.1999763746577569,-0.0940669037914018
28,-0.3267919882945976,2.051527268785124,1.4153856682267527,1.2337155188126334,-0.1170125002825381,0.1211865934932615
45,-1.0272357539657957,0.8066102552156439,1.3318019852992138,1.3548538981840628,-0.1999999911808929,0.0180860226994486
2,-0.031725512029464,0.0832093018602949,1.890069903610183,1.276065924366923,-0.1033722033123144,0.1722360783078941
44,-0.9831719341486548,0.9798878133926768,0.9860563995924334,1.3520126659171254,0.0069622177399351,0.4018722678073491
18,-0.3591516040657631,1.401100692298472,1.585522991665874,1.713721406749058,0.1999494912779857,-0.3112105579596836
7,0.060568677513606,0.3919620837327549,2.241753024109874,1.6629575232649174,0.1999419408571679,0.0976999977416059
39,-0.8647411309745286,1.348052036948797,0.8628842784874537,0.8701049856814482,0.2000000097311769,-0.3578462459984865
9,-0.055786699856779,0.4417866890203915,2.129473445066486,1.9474298417386136,0.2000000099530471,-0.4424921615320189
30,-0.3475155053433317,2.052826164388869,1.4211823484536747,1.2949937698883178,-0.1795989325553306,0.2467794379713404
2,-0.0783586027832527,0.2596899049572067,1.7102873558786251,1.516786663289784,-0.1999370207794064,0.3031309742482493
8,0.0192517857089692,0.427186058177856,2.3027573181923966,1.8453986640697104,0.1999901662110415,-0.1609687240379885
1,0.0101618472344063,0.1118017287565249,1.6990597257998328,1.5165207763635666,-0.1999525738743257,0.4484618124125175
23,-0.3488946347811045,1.71846687283619,1.366688852259193,1.584407164798913,0.1999786659125258,-0.1632209331370483
13,-0.2148908544105741,0.8899477261736356,1.7850037729975323,1.9189153124295704,0.199878731487974,-0.1672230658003486
44,-1.0179250892539164,0.8491534065104298,1.2894289975049311,1.3506406246519556,-0.1999999946359854,-0.0514793840861862
47,-1.029547032219076,0.7270886992889608,1.419248920926128,1.365304823277638,-0.1557744956567522,0.663391796827739
36,-0.7048886581788049,1.521004574079747,0.9829730025442686,0.8078996074179999,0.0038690764306746,-0.2520908172744301
18,-0.3412621965884077,1.4167899549833154,1.59564666549233,1.7482802726754292,0.1901854138634147,-0.1529371108581377
33,-0.4618197002126142,1.8181723678001185,1.2668816010144095,0.8820593192419499,-0.0401303783661773,-0.4455500756073478
4,-0.1004135578915979,0.074004531799198,2.03929849904077,1.1688698206790116,0.102526289206406,0.2327499330265631
4,-0.0423759552801922,0.1391994738008003,1.946321326658068,1.1681835282437951,0.0605635741947057,0.2301256049254918
0,-0.0111111111111109,0.2611111111111111,1.5707963267948966,1.5707963267948966,-0.1997879936095705,0.3904692733760072
27,-0.2790762418773942,2.147740768883136,1.4580909172680716,1.2493163952216857,-0.1978937680984334,0.0391783593727302
45,-0.9360890393227534,1.1438557517858925,0.779853637391005,1.0870909561065023,-0.2000000099986018,0.0908042198266586
0,-0.0333333333333332,0.3055555555555556,1.5707963267948966,1.5707963267948966,0.1994579704298532,-0.1929509034648879
9,-0.1194494683888454,0.7027971347510084,1.9907268146660664,1.950965008867917,0.1999476142238834,-0.2938854058695977
15,-0.2720769383945893,0.9474900214093184,1.6713647405293326,1.869868076146229,0.200000009974048,-0.1249169602764398
9,-0.0942304044976621,0.5342583345460257,1.9896908803519349,2.026611664051296,0.1999844945229707,-0.2085104661310785
22,-0.3477179653543496,1.6448730924566164,1.4354573907938342,1.6092122262747943,0.1999359937109985,-0.1286490580019237
14,-0.255902580452112,0.9081920871603344,1.7393722921241406,1.8546923385142973,0.200000009993009,-0.2678076397887594
15,-0.2932797350094521,1.2092348671832014,1.6155304322626929,1.7594129671606829,0.1999748903920195,0.1399193839278242
28,-0.3724285180521943,1.9879234111478925,1.4790907400336604,1.2221724023272371,-0.0283819036030992,0.0427336233661571
13,-0.2228037031388574,0.7914664428484687,1.6965683261540274,1.875557511812293,0.2000000099590893,0.1459469940233279
22,-0.3151917985020484,1.638747979252727,1.4519355642285685,1.6782693586489876,0.1999766422448833,-0.2017968415426206
29,-0.3662974488570238,2.027222482914931,1.3495140402254204,1.3018532534299274,-0.0683758018060656,0.2864186103823077
37,-0.7615180263461323,1.5031286015342635,0.8771677436914782,0.8902910102466984,-0.1999998721734538,-0.3072920215729957
4,-0.1002591375401584,0.2754864407679357,1.5565453144398074,1.5664011892895209,-0.0257641688984183,0.4440364849451166
2,-0.0417342004990656,0.0776466978136446,1.8953398028996329,1.3704171291824354,-0.1460552718246902,0.2633662395966309
27,-0.3234956671017811,2.052603095322426,1.2064057635751109,1.3586564000541292,0.1999730092623885,0.4175313826064608
15,-0.2687048620638104,0.9989168271534408,1.6506909477200846,1.8396689402228927,0.2000000099630648,0.1149448594771535
46,-1.036898762746887,0.9462911969882756,1.0678951861944537,1.405985341035472,-0.2000000098526824,0.4263606020112946
11,-0.1475727352044533,0.7670482396657918,1.86260482768086,2.0680575743641807,0.1998864144769182,-0.3100199945842324
32,-0.4560010929680107,1.813688357131669,1.444389369980302,0.8993904238628051,-0.1262279963854394,-0.5542828324386359
29,-0.3479406887857991,2.087630758187191,1.3651633887228112,1.3104974819488509,-0.1999878573215706,0.1618850588887789
1,0.0551735930462468,0.1229872018061289,1.6467520679023604,1.5407494134144286,-0.1998717787916931,0.2507405283107786
5,-0.009999902462668,0.194557386630285,2.2239438081767897,1.4277473321169585,0.1876760635294213,0.0509530336491777
40,-0.812726491943699,1.4649730378852943,0.88461754942802,0.9450640673886556,-0.2000000099245516,-0.2718345990310015
2,0.054709798720918,0.3600754459947253,1.6005158164286888,1.5518052904674766,-0.1277030625065119,0.3988142064124345
22,-0.3327379722870772,1.6272532216938236,1.4393372471120696,1.647172532627947,0.1999777426168005,-0.2005868871330723
17,-0.3359487722772523,1.354851612279097,1.607733883955751,1.7281803287553663,0.1999551858608292,-0.0295364977099459
28,-0.3628460588081834,2.073405725373847,1.4892488429930548,1.2510210080168385,-0.2000000000491683,-0.3704256647042063
42,-0.8590724987886773,1.2404601977618022,0.8878690498557429,1.0057315663385569,-0.1276924052570859,-0.3879207265755128
22,-0.3029017955344281,1.814889816653421,1.3855924988773207,1.694981439877316,0.19990256224693,-0.1526629382761307
39,-0.6901579929814846,1.4817585932481745,0.96747882763413,0.9406482110257772,-0.2000000098296787,-0.2017309121377337
18,-0.3732852520103717,1.2640161546660842,1.592076332369123,1.743952942491657,0.2000000099929235,-0.1224408700366292
14,-0.300496205849676,0.9441337392841131,1.6579908403244357,1.8117815055312,0.1997941074024566,-0.0533597242526398
7,0.0129058065184011,0.3467212151201207,2.285312240072761,1.6925378604804704,0.1999578397561869,-0.0345014887274934
18,-0.30515523753296,1.3045355251670807,1.5973190600660183,1.7388582294744193,0.2000000099934654,0.2062492013613314
15,-0.0472890008791243,1.0296917845283442,2.0070579508927207,2.0585308542978344,0.2000000099700639,-0.0114832738837165
40,-0.9119367051139278,1.1895408202332398,0.6834263886001448,1.1142645315843438,-0.199976113572998,0.3681836315250804
11,-0.1197885904234823,0.6398010201586191,1.8712475160744528,2.0247266356416875,0.2000000099572964,0.0209262361345538
9,-0.0870215435205356,0.6446338367580546,2.055358161279236,1.955490902111245,0.1999544633024278,-0.2317929211398335
1,0.0326290644996295,0.2498529365141717,1.681258306899343,1.525347755895223,-0.1998875216419838,0.3359971450304466
31,-0.4063350806820761,1.9361542219048853,1.476377665126,1.1557172566232956,-0.1999979562359385,-0.0124782392194533
4,-0.1001243613117376,0.35351065368348,1.618183140703712,1.5508686116860693,-0.1914316559763935,0.414549661721849
3,0.018694021042044,0.0568357705014273,2.0557708452132086,1.2510771108572494,0.1999282076667519,0.3237786783587363
24,-0.3821012892658619,1.825382902124741,1.3216114389386515,1.5396526596022455,0.1998473261242363,-0.118291232713642
29,-0.3889288710638876,2.040024268669873,1.5449763844397406,1.1964954176519658,-0.165506484314129,-0.4005069034237334
6,-0.0336996656047369,0.2427944014717657,2.2209097231414656,1.3703834179336951,0.1999144994058211,0.0843597807338379
3,0.000220761544764,0.0423686278037709,2.065354571738516,1.2931667184473217,0.0476821326286498,0.2462748534426339
33,-0.4787873346570251,1.767280806190827,1.1712308461454253,0.9279173643335912,-0.1999998770338096,-0.3573454548111228
8,-0.0636724351758745,0.5305879281199536,2.220238984623228,1.813530180350352,0.1999357631099433,-0.2675623187303854
24,-0.4092478311123527,1.7528335487797913,1.497568561756287,1.5855639795993626,0.1999999904470444,-0.355802976216932
29,-0.3797188770265003,1.976098592138555,1.390543502816234,1.2731679112031349,0.1219729320808576,0.2570394084174185
21,-0.381724480663208,1.6407613808056638,1.4128192766245942,1.6106448316503883,0.1996208644147739,0.0740179881288304
41,-0.8244991046873358,1.3230845476680584,0.7612672923791179,1.0288340367275906,-0.2000000098720765,0.2019421424557294
1,-0.0777931115441652,0.3038790117666372,1.627729912349258,1.5515966677358644,0.1999003743714656,-0.1391151729682365
27,-0.3310161556833729,2.0936421187119723,1.4073894229046833,1.3131148372701884,-0.1999187103506351,0.0747964507008092
14,-0.2590370745702676,0.9976798269107294,1.7061244818058352,1.873475805819456,0.1999893292000171,-0.1091594401947872
29,-0.3620380139198501,2.0590784276110696,1.3945092656642486,1.2646049864245312,-0.0863982657491168,0.1593062639767203
23,-0.3502399958658508,1.7161289491069427,1.3583758632608676,1.6825430055809896,0.1998907577481342,-0.1583817315347126
4,-0.1001127839458844,0.3123455572990211,1.5738694305208067,1.5646156388851051,-0.0931791254535091,0.4169626645192608
23,-0.3822304916748504,1.7566421907349357,1.394078821935926,1.5946121074724378,0.1980571162745437,-0.0918296108268647
20,-0.263045745550078,1.5570345302855206,1.5433064709093909,1.7990964050537346,0.1999996169657474,-0.5044677630908755
11,0.0010076620036589,0.7462078851872266,2.189434334851259,1.972694186272776,0.199983228026323,-0.137840742462962
34,-0.613856831422215,1.585986775744438,0.992753797271524,0.8643196991306322,0.2000000093087222,-0.070693692082083
42,-0.9399016910952755,1.1235571082735738,0.7411437007274966,1.2037080147873886,-0.1485014200900778,0.4463221809712519
6,-0.0739925855940698,0.2242073384271195,2.0303319926050047,1.4728686845320689,0.1992586044621957,0.1635765158713821
7,-0.0319780459364447,0.3874019536678199,2.222801418104444,1.711624585068214,0.1999593426811346,-0.0354086165955035
2,-0.0985957182278025,0.4243301157492266,1.7676363411035876,1.528432937732579,-0.1999046217987404,0.1229055410852449
14,-0.2955860367697288,0.981344740697654,1.686457605161939,1.8281255824956224,0.199985115655633,-0.0688165240129827
48,-1.0245730466412524,0.8090527158980946,2.2818089882519583,1.5406019518840206,0.1435396813087885,-0.999496527771888
28,-0.3065869793176947,2.1041193705192622,1.460456603267465,1.2379961159922908,-0.1975039769060598,0.0590610534314196
18,-0.3580613317196547,1.323693300810256,1.6266760199152328,1.6665955237437171,0.1997615634055033,-0.1773894370261405
0,0.1000000000000001,0.2388888888888888,1.5707963267948966,1.5707963267948966,-0.1997944314823915,0.0370911470647881
13,-0.2501180040262134,0.8845274989382303,1.7187443795290331,1.9108190490899937,0.1999908793305604,-0.121264608361344
1,-0.0557335958250487,0.1369496071031155,1.648969971635614,1.5424109394699723,-0.1998565041923602,0.2454745361039316
26,-0.3197099482893631,2.04313183853428,1.20388421515492,1.3661362362354346,0.1693742545293941,0.3926776274509683
8,-0.0230226513120811,0.4631543843242868,2.163909909376178,2.0684201612335875,0.199976318256967,-0.3428347508478458
15,-0.2787614336624602,1.1146552322911676,1.69064320350555,1.8498168053369823,0.1999767492889269,-0.1103614501531416
0,-0.0111111111111109,0.3055555555555556,1.5707963267948966,1.5707963267948966,-0.1997494250847666,0.3681730098392338
9,-0.0428565878439414,0.5159341459654597,2.1129139522698264,2.020424498605095,0.1999913730143764,-0.2090764275624754
49,-1.0994481422718383,0.6020133441029453,1.781110602581336,0.9495798538994376,0.2000000099753792,0.6624625587508703
26,-0.3305642730556751,1.9949714470804905,1.1599782789733748,1.397974130461813,0.1999486378754336,0.4006267435285808
35,-0.644078851149221,1.598923876041719,0.9616757117807282,0.8439846789183949,0.1712047448162012,-0.0617769839280571
32,-0.4118894023809851,1.83758685867542,1.5124504240837435,1.5547595947688364,-0.1651680166421368,0.2402461741114595
37,-0.6852295526713645,1.5785713066429798,0.8585328953948359,0.7966829539326313,-0.2000000097341366,-0.1175441808983156
27,-0.3396874705882639,2.083200094713018,1.3891308615591864,1.3130997616983102,-0.1891189850353812,0.1337642451179145
11,-0.0957936532425289,0.7838723932741156,1.9651729027417044,2.083777079519096,0.1999926639446063,-0.2699334873789628
1,0.0331916615763771,0.2011575985400486,1.6222331720080714,1.551839077853285,-0.1999576296457834,0.349002702999832
1,0.0084251009737755,0.144895394661402,1.7403912703183035,1.4844155781608126,-0.1274646144655978,0.3614983903968538
24,-0.3293394898641515,1.981289368420424,1.1966840411212782,1.4524943549543918,0.1999360937002913,0.1614475332773466
8,-0.0984004049632059,0.4895706440443615,2.073542752363954,1.671053997267721,0.199957575639964,0.0002801440061014
22,-0.4091323926207018,1.6383425508223342,1.4933609897878508,1.5872536542910691,0.1620537439864145,-0.1263716587265514
12,-0.2371810054765194,0.7761838348014903,1.7461056458440165,1.914827766257236,0.1992583209286908,-0.1148082565782934
22,-0.3935729681583657,1.6633081063931108,1.4941718420621497,1.629784675232283,0.1496737504520495,-0.1108737189350314
25,-0.374636885433973,1.9232879493424464,1.249404382952724,1.4715371051653794,0.1990739785027277,-0.1727616978893759
45,-0.9669929128540052,1.0281695341291162,0.8520235764470439,1.2105237220669771,-0.2000000099914152,0.0721821778331233
2,0.0250486429605249,0.2375394251644086,1.8850963274624688,1.3752986380967267,-0.0349208159616813,0.0867083797746874
31,-0.4029580350088669,1.9028839671428743,1.419677616157804,0.9933790706165648,-0.1999789815650084,-0.3832241063856419
40,-0.8792536158702811,1.2457029561968598,0.7061058851566653,1.022604188622087,-0.1999999426290158,0.2088408778691956
13,-0.2165765879133979,0.7450938298357106,1.841210139044796,2.042632704105313,0.200000009996794,-0.3125587175843844
2,0.0008701748767211,0.1975262778963822,1.8880021579311963,1.3600706922893109,-0.1990962763290503,0.1258851863886274
7,0.1001088143258217,0.4450095230520145,1.609535121419702,1.5541951237715028,0.0571408859094418,0.391070735514979
15,-0.2809049775560524,1.022453541836525,1.6595077972674948,1.85015892286643,0.1999944982521068,-0.0805204619523896
14,-0.1565712676169219,0.9933816932207712,1.83143031019208,2.05156307111013,0.199992836177322,-0.2015262109555296
1,0.0326079277418714,0.2934772025221044,1.6814644942667822,1.5250441969415125,-0.1544306247300441,0.3190710108361117
8,-0.0332389149329015,0.349341181591675,2.242634658762489,1.8880357165058284,0.2000000099928733,-0.524774869587846
16,-0.3186172270554985,1.1290008895461274,1.6625663573530058,1.786733740430395,0.1999875432096742,-0.2203086446472658
10,-0.0461043256053532,0.4993303156185441,2.179552470394645,2.063880080481546,0.2000000099963384,-0.5300102630478971
43,-0.9134958236252396,1.188296097906159,0.774129289263163,1.0469839295894918,-0.2000000098007498,-0.0670151648808613
8,-0.0199906074272484,0.4480264142786043,2.251776826628719,1.7969963165326692,0.1999876733587158,-0.1439714616416559
39,-0.8664908653087773,1.3192862440594118,0.7233048665598205,1.0139220785741518,-0.1999998864965975,-0.0751641229079589
18,-0.3530424997206503,1.319316148207809,1.609629277501777,1.683761628285004,0.1998597395713645,-0.2451857113017376
10,-0.0388412008044215,0.5857160603340485,2.0847630398955683,2.0265998993269907,0.1999934971831253,-0.1276440262037336
0,-0.0777777777777776,0.2388888888888888,1.5707963267948966,1.5707963267948966,0.1999070639965726,-0.2955083059516239
41,-0.898096116044406,1.324574773189938,0.7496737102654318,1.040635793692751,-0.2000000099483536,-0.0834460420750421
16,-0.1659013676670242,1.257314282005901,1.8162952298906188,2.022026311060146,0.1999804668654846,-0.1455753812222905
31,-0.443224664988276,1.844870972777468,1.3231252367284636,0.91347685284643,-0.1127206027769549,-0.3898931687884089
4,-0.0408749170982883,0.06661278997085,2.156116672852312,1.279046953855889,0.1558672126948131,0.1791482877126109
30,-0.3889420014261412,1.9870321014614305,1.4560583616283278,1.2182568243625802,-0.1999873917188008,0.0929561325599443
3,0.0532269647781151,0.224962480257079,1.8535347229263504,1.4493899183689545,0.0305331442782769,0.3790858964336251
43,-0.9242100289574968,1.1272095127333313,1.063832583838193,1.1681816111579764,-0.2000000099595477,-0.1430263635404899
6,0.0640780128720141,0.2895682476290798,2.240075256648904,1.523670157064431,0.1999842263711947,0.1798741820011216
28,-0.3582116438118816,2.0285673402847384,1.1732760528710229,1.4075723618056328,0.1999907390083834,0.4522067823346763
7,-0.0250803264637407,0.2706152183010997,2.2608558806267123,1.8661373180015328,0.1999872145882724,-0.2473561713432738
36,-0.6978477592908562,1.5338375755644595,0.9056710868670164,0.8499705471242481,-0.1999242408254524,-0.1044362803109151
31,-0.3932320539387115,1.9475862036667972,1.4742295751955847,1.2004979709035326,-0.1999999376182241,0.0508504874027059
14,-0.2320781995384886,0.8841572108694071,1.7248195754971842,1.9388241320292616,0.2000000099932737,-0.1948605497605828
19,-0.3607533950969536,1.4578889507620658,1.5418964128153982,1.6781066180034865,0.199665833249678,-0.1968545970202198
9,-0.1190389501256426,0.6540483248833571,1.9812998781588416,1.9017832707334847,0.1999876087266443,-0.1062302944293421
48,-1.042727721134285,0.736438925221875,1.5918731261531978,1.2690861875547432,-0.2000000099947284,0.3160543993423288
44,-0.9662224136515382,1.1019714352812924,0.992178129319646,1.2530027359132931,-0.2000000098797067,0.2369241977795092
35,-0.6207195022897616,1.5814211524455355,1.0084648775544505,0.8795541844575887,0.2000000093242868,-0.1027835693747375
15,-0.172861115583312,1.0459918020731642,1.7763778702982589,2.004632537282173,0.2000000099936141,0.0366858258278682
30,-0.3863358342135901,2.022221000368965,1.5461018244412283,1.1736379339318352,-0.1999605864227419,-0.1046054503440171
13,-0.0571106182766555,0.955857131478662,2.0744243518672585,2.084773340803028,0.1532646924395363,-0.3013116059398658
22,-0.3641521188359843,1.671592499907491,1.2984261286517338,1.6316446113146386,0.1999444894890751,-0.0437427775667204
32,-0.4239315018137842,1.8679311494938693,1.3853542069580893,0.9348291354903792,-0.1850502589169284,-0.5213021562113918
0,-0.0333333333333332,0.2166666666666666,1.5707963267948966,1.5707963267948966,0.0939976925309012,0.022822378953226
35,-0.5718632816054545,1.6281572227810288,1.0465419749405722,0.8763572006722937,0.200000009708127,-0.1958537094669759
21,-0.3758205213757145,1.6454177417296694,1.4075490566815672,1.5765041361813772,0.1215933369925039,-0.0243886776665932
23,-0.3495787857943317,1.7162552610259008,1.362752796211515,1.5496163925212445,0.1999861645076247,-0.1780039836382595
2,0.0188380008117562,0.0845655597937608,1.899741263189588,1.3196768304013713,-0.1137330813061393,0.2264173303802182
48,-1.0665041426947934,0.6856767283623268,1.4187367046859602,1.311168881510017,-0.2000000099116561,0.4781466520588944
28,-0.3547990212709005,1.9775670887209524,1.4912934834745268,1.0838427216350082,-0.0266220343326964,-0.0791031968853717
18,-0.3432644086139503,1.3615213311132386,1.60861969465879,1.7364201218588635,0.1992887636544444,-0.2046878604886172
10,-0.1331239924910274,0.5819378923533755,1.869566441574369,2.0653132837815096,0.199988853611376,-0.1889722996388719
4,-0.1004537052646025,0.234788121201175,1.535018135854278,1.5738372424479217,0.0213807222568652,0.1063630000311705
6,-0.0742284047869627,0.2634618596245907,2.045201239236865,1.459643557323442,0.1999479185668099,0.2315591362725123
3,0.0995979036618436,0.3711980616470187,1.5357482033458094,1.5749011587899755,0.1374472258105753,0.5739775781536218
12,0.0161877641209191,0.8485887383360103,2.163003900149141,1.990077267693572,0.1999827989108311,-0.064095050396333
39,-0.837367151512553,1.308725963368697,0.7518527852979044,0.9411032483526476,-0.2000000095301606,0.1156310170046228
11,-0.2046436734057701,0.8970284434715856,1.8075474920359,2.016364192387677,0.1990798725554515,-0.1516363529006351
5,-0.0501854343251096,0.3016473217755365,2.150941719361816,1.4761103195828813,0.0488543654548036,0.1659807888668195
36,-0.6902033279643387,1.484124940866249,0.9243809758361916,0.8776786083933613,-0.2000000057750997,0.0295394721016271
48,-1.0625770079409331,0.7494672972793782,1.2620497467604022,1.342749443398547,-0.2000000099944985,0.7829982520148219
1,-0.0136076012883143,0.1235725051695938,1.7307781289008002,1.4897440481502742,-0.1999146184495261,0.3842053730195006
13,-0.2105710694593096,0.8473747493195144,1.71000345523027,1.91950900252492,0.1999833359819562,0.108442445866291
37,-0.6859454220580197,1.5254276796712956,0.927617642157946,0.9248241240623128,-0.1999999351630038,0.1297064771105852
16,-0.3353283284046937,1.1507763702803775,1.62827938149241,1.7466162071606983,0.1999666697679378,-0.212334386934077
0,-0.0111111111111109,0.1722222222222222,1.5707963267948966,1.5707963267948966,-0.1998382639615445,0.3791306568509087
38,-0.7555783989682323,1.431139744831269,0.8637958756324391,0.9459302177028016,-0.1999999747873975,0.1529371284147465
32,-0.4329037748200506,1.8818730450131536,1.4647870949145894,1.0977500596686995,-0.1999999102704639,-0.1410796043448541
9,-0.0654150301845328,0.4490077286994441,2.122226947047982,2.112376862821296,0.2000000099922747,-0.4822526342461803
9,-0.0702650533633989,0.4329299677073321,2.023441650965486,2.0280108098445435,0.2000000099931516,-0.3598277874416305
2,-0.0469481101047014,0.0718932572935581,1.8602542589094977,1.3440978782095172,-0.0231366887322513,0.073382504675128
6,0.0275166659363606,0.2373379239695189,2.3278690559114628,1.8061201078446545,0.1999689626965346,-0.1362117509897645
39,-0.8143606987157991,1.44451336740394,0.7239571596172194,0.852612670414133,-0.2000000099141907,-0.228667175830764
11,-0.2044933093237809,0.6283477790810689,1.7902918606430127,1.936575082326054,0.1999832612333301,-0.1682380271704711
3,-0.0625478333822614,0.1018542035215284,1.9447070966151097,1.3646284979944605,-0.1099490602304603,0.3105565951629634
9,0.0278273477657974,0.5692530448760202,2.2319075698640685,1.908323890992467,0.1999908925842333,-0.0822328897310308
26,-0.2943990883290259,2.1448979825754853,1.4057805285463,1.3320629280278904,-0.1999314843721864,0.0778398887798753
25,-0.383487770713889,1.8566054152356808,1.2647435265269618,1.525315704534882,0.1998873708815801,-0.1962151116956487
13,-0.1632925648004906,0.8286981783956675,1.8038975047555308,2.0118684720826736,0.2000000099933726,-0.0242765714783256
37,-0.7444787969558239,1.5176885081956022,0.8070701147106032,0.8085518558138479,-0.2000000097878143,-0.1508468925370164
42,-0.9541212000605892,1.0753297560342958,0.8906002706524472,1.227925807864348,-0.1999999754168955,0.3466215636713946
39,-0.8662489596490167,1.2389516085754932,0.8697742568936686,1.0087820535249954,-0.1999858956943812,0.027366863146775
34,-0.5319769721039151,1.7256024289681524,1.2468206352230649,0.9373804010363332,-0.1999999912832924,-0.4301973901509156
2,-0.0242864160613804,0.0874944401855375,1.896599770584379,1.3297331307087827,-0.1382157469501255,0.2141839703663639
28,-0.3570799034653126,2.01999533667979,1.4612277961012463,1.2571058687610217,-0.0769505725744923,0.1019055584972795
11,0.0717318117686996,0.7770821510880942,2.206411019959722,1.8854005267012133,0.1999801089756919,-0.3112383575903592
29,-0.3940415343771431,1.940606756780231,1.5082594687726836,1.1587288984658572,0.1906852462391839,0.0631078347324503
7,0.0775976706517561,0.3569504419148029,1.5481234538045268,1.5563921024446905,0.1998700569853073,0.6564567790836003
26,-0.32753668063283,2.0308350274554847,1.1982204737749438,1.370244923082476,0.1683744917045779,0.3965940009863655
41,-0.8915844677486994,1.3339649567898435,0.6659643659975867,0.98068727884304,-0.2000000099186919,-0.08515891681233
2,-0.0274309402126031,0.0119080526158198,1.9417778263476235,1.2814155371984344,0.1238001179445003,0.3095479711543097
4,0.009649655266933,0.1217802010099539,2.183090747394834,1.3584410561606128,0.1208269946389465,0.1943685669460653
20,-0.3464990805503096,1.4952526433324618,1.474407889941011,1.6448160459134669,0.1999996266409259,-0.4956167216524001
8,0.0035433355257562,0.4656775149731825,2.2460808826041725,2.0056434696555683,0.1999628639366035,-0.2551481636443554
48,-1.0762228595425898,0.6331199078820381,1.5978194336083271,1.183932476997648,-0.1348072794952805,0.3378353894377733
44,-1.0069183172387566,0.9049343381810296,1.317743782246172,1.3427444422807495,-0.1051486515992048,-0.1146601930734935
19,-0.3569452085438269,1.3650349529779822,1.5832439112153391,1.6827566032323142,0.2000000099381862,0.0769135477428339
45,-1.033552444761807,0.7709679778714695,1.2298995786226454,1.4068431340877865,-0.1107210049112916,0.4959208952193764
21,-0.3827177021225953,1.624153234640007,1.4313089857485632,1.613203143814121,0.1996203197056607,0.0272409910436503
45,-1.0488301979501484,0.833545423947883,1.2257294366743905,1.4515126003553485,0.200000004106022,0.3051846842475802
13,-0.2665345705299161,0.8338117073835306,1.6763287650880947,1.8615177086453505,0.1999773801353255,-0.0305446976177301
35,-0.6882389744465535,1.5138759369171275,0.9599093134191374,0.8874602602908189,-0.1999265719698716,-0.0960732577949393
42,-1.008326280515457,1.080354551973277,0.9257973740485052,1.3062268406344075,-0.2000000040325995,-0.0038207565430123
39,-0.7873385617119061,1.3676392324412388,0.8809877457704882,0.9302191681851572,-0.1999999835764405,0.0460489970120472
30,-0.3843157165543548,2.0441323989822617,1.5348539362337927,1.1956866088865814,-0.1999975496961786,-0.3621680048013556
20,-0.3366664165965394,1.4650129179911062,1.556230359771524,1.641961233421253,0.2000000096826308,-0.6292097016757989
48,-1.0391489312243811,0.7067548425820891,2.535833749049578,1.1521741821704776,-0.184435213646052,-0.0631658291433571
27,-0.3313121658308875,2.0664532385927314,1.2933976919347383,1.3483451514651843,0.0320118718943197,0.3822306094247034
30,-0.3921637114518593,2.01956072525072,1.540298436829124,1.1810938290495965,-0.1999691012515752,-0.1860022933237067
6,0.0390356880508809,0.25027373955421,2.264248770722423,1.6289887433393475,0.1999715668808696,0.0593559105286722
30,-0.3741496813390864,2.0103048480601,1.497328990910062,1.2054602955658984,-0.1999908924009546,0.0268073985111569
10,-0.0688601531922083,0.6575960351917205,2.0025724517789225,2.0961829600775985,0.1999827000510449,-0.1975459536853479
27,-0.2881706138324205,2.1674071861448234,1.301612758138452,1.3002953461434046,-0.0728107590863205,0.2930962314871967
21,-0.4038282810244321,1.6154009618138452,1.497402294599686,1.6381122575070244,0.1132322401097162,-0.0736504500123824
21,-0.3917232832989459,1.6213371587625751,1.467354388037,1.6328658849872195,0.0451798794312154,-0.0396441900556555
27,-0.3302420496822834,2.217880411987733,1.3292147676136832,1.354491698669396,-0.2000000091940849,-0.2034637220814761
33,-0.5173023083410508,1.7548239895743618,1.2130777054361244,0.9063952983330624,-0.1999769490330523,-0.2215125360298764
47,-1.0572504135338738,0.8099314318063804,1.3413613634791712,1.421064491486448,-0.2000000099089469,0.2538932728322786
42,-0.9493961689769812,1.2139390589594232,0.8016177425768714,1.1643387023340492,-0.2000000094753484,0.0252521218987683
22,-0.3862509032822712,1.6525269722331095,1.420115222283874,1.5961310915975506,0.1950777852930748,-0.060202226567596
16,-0.317219028523815,1.0928705918036885,1.6668616431441643,1.795760724622045,0.2000000099411203,-0.2308908491776928
2,-0.0778761605909285,0.269430833068525,1.5649044598129134,1.5710739329281238,-0.1998229261390409,0.4052827401952526
12,-0.166673470921016,0.8338026098004016,1.8332202595258784,2.007022223003614,0.1999727115197644,-0.1783630489159381
11,-0.1484383517533964,0.6166766400385536,1.821350500979696,1.9698239597901093,0.2000000099577279,0.0694723557200524
15,-0.3231656935623138,1.045707352729265,1.6312038610365729,1.7698653790873,0.1999652559749707,-0.0704282883999833
11,-0.0165434138804314,0.6788449672434684,2.0459043740783573,1.9138303959307064,0.2000000099565377,-0.1304120105035694
24,-0.3791921119904027,1.8135618766266413,1.333511403822575,1.5616524842394175,0.1997624543394714,-0.1372931215795759
5,0.0168071241493487,0.1537810672564884,2.2434392804887637,1.5440757639645728,0.1999242239922091,0.1094589891525214
7,-0.0437327365945335,0.3698063247636006,2.20792076835898,1.8215554032258128,0.1997622720675644,-0.1404021464082998
28,-0.3624198603127282,2.029850666932641,1.1727689514544348,1.3968556608516869,0.1999699961146789,0.4485277185774196
0,0.0111111111111112,0.2611111111111111,1.5707963267948966,1.5707963267948966,-0.1999281040476795,0.3843946861724482
25,-0.3780364181414417,1.868696889067343,1.2764554070916514,1.5165534862119543,0.1998944523668101,-0.2401734519229046
29,-0.3816522817892682,2.0700381281782247,1.5099194730308394,1.2322547453987007,-0.20000000926385,-0.4086801479140961
12,-0.1567039489126774,0.7441820012026371,1.790321764596973,2.007453391023592,0.1999961158185162,0.0501241653682103
30,-0.3895663103062761,2.026639448206223,1.5399603034046034,1.1869263058636694,-0.1999858667263478,-0.2571522800699067
48,-1.0540974398638876,0.6968450574248409,1.473374542817088,1.3154272561361915,-0.2000000099524621,0.4246911693555795
22,-0.3378532946744057,1.734677155093728,1.3608447621252877,1.5978082218853673,0.1999630187016303,-0.0405237097494105
10,-0.0754132883143598,0.6508209315237877,1.9663882153716423,2.0603122720052114,0.1999694147618796,-0.0641376612982801
22,-0.3612469605808102,1.560229374228306,1.4967215182867388,1.6723883444690577,0.1999391183752663,-0.1725094120397325
33,-0.5064760793820455,1.7059420792983382,1.1856363686409337,0.9070278145690344,0.1074195919387155,-0.3446107618697008
21,-0.3675101555643908,1.5564469233699842,1.4967829706755025,1.6569335215605523,0.1999329073572561,-0.0189066772452437
17,-0.3103851391937642,1.3196088535176602,1.6410450517937454,1.7776837324822925,0.1999642678110602,-0.0339404542996063
1,-0.1009167764248035,0.2408142397131385,1.4584849263217787,1.592378752131976,0.1999347635341831,-0.3256106347414779
8,0.045856568726628,0.3237318927403811,2.2333719554033618,1.8182768218994707,0.2000000099637211,-0.4418476087045315
13,-0.2535356414112775,0.905118482948869,1.7116529392686228,1.9055670540838912,0.1999818095207526,-0.0844945525402301
22,-0.3428080213405132,1.778354373755561,1.3191047246244292,1.5419085556359933,0.1999682083006431,-0.2255357391422732
31,-0.4214885516787663,1.881610732332156,1.4890550980952124,1.0799700255512723,-0.1998632725086777,-0.097630229486003
24,-0.3774892936335563,1.763632987659784,1.36170590023068,1.5685278772429427,0.1999173324420605,-0.1893337451116423
0,0.0333333333333334,0.1944444444444444,1.5707963267948966,1.5707963267948966,-0.19987751810821,0.3680978232686064
29,-0.366411366884136,1.9742256762320127,1.5739665122402382,1.1842303323343086,0.0143237190180485,-0.057673108706889
1,-0.0564300663609098,0.2007747047625976,1.6890653828766684,1.520795780892857,-0.1998980592961775,0.2251970192087332
32,-0.439091407514371,1.849691321361422,1.341794227310691,0.9156794216432536,-0.1706990000307568,-0.4992319084682218
1,0.077474719014253,0.2046050227327196,1.7202830771592,1.5167176875264343,-0.199877375478139,-0.0234321184421502
35,-0.6075380705332453,1.639091452239192,0.906242401254793,0.9313927663210652,-0.1999999127682132,0.0592077665321013
9,-0.0565603887470448,0.493719591832752,2.102070928612028,1.9456479820440884,0.1999782216534223,-0.1458595052236142
13,-0.2439267255185286,0.9303846489719292,1.7187478906151394,1.936484750985349,0.1999327408067605,-0.0879961805294485
16,-0.3590211639595487,1.105221513423726,1.6075861240413527,1.7578465022112486,0.1999753904342067,-0.0862531280533912
34,-0.5970064687893285,1.6483485173403185,1.0101634829244663,0.8746328981621702,-0.1995241730546945,0.0248952280580396
41,-0.936590534400062,1.2557758327715276,0.7657753164556365,1.1264375944576157,-0.200000009891961,-0.0340975437740864
17,-0.3338068999038647,1.289927353512892,1.632944029816661,1.7465873936419682,0.199974664964136,-0.1574765689160844
11,-0.144327524657067,0.5540374068088466,1.8613339933243136,1.97357112353124,0.2000000099801139,-0.1950746536929938
49,-1.0447274619999949,0.676632807892107,1.8612934621658663,1.1390002800104737,0.2000000093224198,0.5515715521702795
35,-0.6173898728848674,1.573136173651617,0.9837693842735628,0.8617253233193554,0.2000000092684792,-0.0585081365336198
37,-0.6987708029988061,1.5586726614493465,0.8552869344737868,0.8055690780257407,-0.2000000097268053,-0.1196951317714781
36,-0.6535916009384914,1.5500178900029078,0.9397775224431296,0.9051135909237986,-0.1999999151526283,-0.0708338587213589
23,-0.4140581230114037,1.6977147464115352,1.495426827171121,1.57295482270398,0.199946331144048,-0.1590524316975973
14,-0.2684650269712252,0.930484222986364,1.7279078672316412,1.9444579263512165,0.1999948892638345,-0.0967968758740201
0,0.1000000000000001,0.2833333333333333,1.5707963267948966,1.5707963267948966,0.12651627597895,-0.3828280666923332
39,-0.8498715597298648,1.2947243802514583,0.7464157613602023,0.9665538916230644,-0.1999998835389784,0.041074347223423
21,-0.2848466358013116,1.6736491800675468,1.461053759851728,1.7247712839860332,0.1999628781087157,-0.1774713983006125
46,-1.055240534396196,0.7103138063793644,1.5042460980501513,1.2276972323701765,-0.2000000093979458,-0.0300753132613866
30,-0.3509486961720657,1.9775630829481905,1.4715728955951075,1.0595832637265663,-0.1999930013578199,-0.2657109355787079
28,-0.3452905537564206,2.1058541598124667,1.3553877669062953,1.3127775140707365,-0.1998884706658633,0.0278142815442845
8,-0.0528473237888901,0.410461539983369,2.164210352750401,1.96194583707584,0.1999451412681011,-0.358413661876172
27,-0.3195352341916211,2.1410255855762825,1.3745916751281704,1.321666601668815,-0.1999522655724392,-0.0156319512158038
0,0.0111111111111112,0.2388888888888888,1.5707963267948966,1.5707963267948966,-0.1998291862253509,0.3998157720713477
33,-0.5451782205401772,1.6927170947273713,1.1500554560360057,0.905494357502268,-0.1999468382805812,-0.2353471033638055
39,-0.8234332101012719,1.4333324000456462,0.712707714238439,0.8639052486580101,-0.2000000099101445,-0.091840305936789
49,-1.0759885183849571,0.6330057633653473,1.6023060205068926,1.1823516622034331,0.2000000099343319,0.9908576954624472
2,-0.0038693909894672,0.0598621580928854,1.8904417316105704,1.3200960793455767,-0.1023480430041394,0.2585424436815476
1,-0.0337830610526005,0.3790039375830697,1.5243194505953517,1.5773807480989732,-0.1454815760795194,0.4741075605380829
4,0.0124629330693257,0.1190318054977917,2.199739412465368,1.3918316400265185,0.1347126456817013,0.1337994794847725
17,-0.3540632731778255,1.2510779928083702,1.6119909519937377,1.707370851712159,0.1999741484311731,-0.1133394046392319
14,-0.251062122304898,0.9157088055147848,1.6502841199424605,1.848512966629949,0.1999972734530039,0.1655475307721085
27,-0.3698129208926028,2.109739437719617,1.183203914263521,1.45629987570025,-0.0379427098654032,-0.2663669137418607
25,-0.3768763997971251,1.9749848051417125,1.2537093060698847,1.4917039809131052,-0.1114198563452071,-0.3023800294255911
45,-1.0549767703359694,0.7900156902163349,1.4374850514021258,1.3888901190385026,-0.1473568631956518,0.2060009553354668
45,-0.9978879714966862,0.9046055692263506,1.112736609825168,1.3983654695097147,-0.0743088784891919,0.4949577023814436
2,0.0528550380815363,0.2166675908171672,1.7383322800186018,1.4849095819503155,-0.1997530407555705,0.3304065438725622
6,-0.0273328149742112,0.3973411926266459,2.2148196744408946,1.6535413412326354,0.1992477067227506,0.005698980137598
5,-0.0517224445372384,0.1446713024012013,2.15466041962174,1.4355346449144943,0.1996910955445037,0.1589563845607705
8,-0.0463433029892823,0.3378831158332744,2.1727478625860552,1.8235539485061785,0.2000000099930704,-0.4564804530493673
10,0.0849952153093173,0.5249129057104993,2.153650493421827,1.5157001409025423,0.200000009981566,-0.2392412412988698
35,-0.591215893187359,1.6742729616974672,0.9745093742993216,0.8062925892034264,0.2000000096104301,-0.1397763337943496
28,-0.3501666029140967,1.958648301060649,1.5611494007196764,1.119435641787294,-0.0637193024404475,0.0123881478029451
22,-0.3746275998820479,1.6508715012388515,1.4226422621275785,1.5525661246656273,0.1986104481966837,-0.2656489031109112
30,-0.3567198259041191,1.9728824997299428,1.5246812688686098,1.1805049318380925,-0.1999938139690737,-0.0096579944716714
38,-0.7730236179446492,1.3887425837692915,0.9370624529213132,0.8855590946503741,-0.1999998733483033,-0.2700344503135001
43,-1.00106704947908,0.9341748739322971,1.0015864801308505,1.373889202942617,-0.1505915141369939,0.5219038851558896
10,-0.1172906434261358,0.568455535950645,1.9997261400010924,1.9013127226522817,0.1999893782922188,-0.1401508316311399
19,-0.3579080918400694,1.4094403942884153,1.5269766372017686,1.6903801054005252,0.1998662863682823,-0.124020835743431
46,-1.0463550913391533,0.8822728369353244,1.2147775600340704,1.430521547064855,-0.2000000099064707,0.4876225533338799
20,-0.2987662946618956,1.487009832263049,1.6237296546485762,1.8345199937545875,0.1344708780951768,-0.1588576727434035
26,-0.3542920120591468,2.079104772151126,1.185761303701673,1.5213232887866983,-0.1999996552439887,-0.3186388217687222
3,0.1017920456381505,0.0513908024450728,1.6934575623603534,1.5338023647200336,-0.0458468908010933,0.3587469568783079
23,-0.3810892479727167,1.6653080528403157,1.3417525635923355,1.5667413534240393,0.1999252328506855,-0.1081547931584839
16,-0.2989464313580189,1.2062383909553256,1.638961384746381,1.808598196081672,0.1999674444766286,-0.0370663403594007
8,0.0397166486638348,0.3718919975357476,2.2330957325783114,1.846142389358169,0.2000000099932561,-0.4474185591421851
35,-0.5231815972810527,1.6849479934892295,1.1374336081233365,0.8931990536810075,0.2000000004483253,-0.3062112840653926
20,-0.3730592445570886,1.5793652894578432,1.3495303637732827,1.6301066425464803,0.1999731261504914,0.1536320155180611
39,-0.8465156177072509,1.4091984794876666,0.6727996739235262,0.8962229259560052,-0.2000000099858928,-0.1500093221746981
10,-0.1472113843134543,0.582107799125382,1.8925687047329287,1.9695456266290083,0.199951354850161,-0.1560979604565676
27,-0.3566736414168835,2.0323897365277883,1.176318564513002,1.4045088086935291,0.199943202512816,0.198996446109545
5,0.0986749514248061,0.1620682420557801,1.9115901189532616,1.4356591355541586,0.1999531993747821,0.3573957854101049
1,-0.0110274208418136,0.3430287378078379,1.5820508809291614,1.5684434727228735,-0.1119014574080362,0.4163388800398752
4,0.02617461095866,0.1113889945088009,2.0568670044329505,1.3124028754351396,0.1332718923549964,0.2949434532106687
11,-0.0030047947265972,0.8283000404076176,2.1432464542475085,2.0433634891992147,0.1999276366590602,-0.1318129131707076
28,-0.3685132130373341,1.986764312245188,1.1468998352673392,1.4403900884282028,0.1999908371300429,0.1764971757931095
7,0.0132366318020814,0.2892668172559272,2.255291455486093,1.690874389548504,0.1999910755240619,-0.0848173899360232
13,-0.2304439465390984,0.8088325785339262,1.690763101973806,1.853080932461258,0.2000000099460487,0.1531334510651043
32,-0.4982664016130955,1.7282119004568532,1.401367194080029,0.9579846053543396,-0.1999999931820223,0.0744360278821817
12,-0.2389538898757285,0.7221330515669911,1.7061728470577773,1.906265837378911,0.1999945548971823,-0.0282031472849901
47,-1.039645997344218,0.6898174143310609,1.693196230628763,1.2360809152137315,-0.0976802823159729,0.2368601338483551
2,-0.0791241155635703,0.2520022176346675,1.4334582100298745,1.589277744257267,-0.1994526675454266,0.3969438465337094
0,-0.0111111111111109,0.2166666666666666,1.5707963267948966,1.5707963267948966,-0.1998195127796614,0.3687586467419798
3,-0.1004207905751044,0.3459278919071319,1.5519016879287104,1.5516355872943812,-0.1997035202439663,0.3628198358122664
27,-0.3510195409499319,2.0418903666224795,1.4496451067414622,1.2745339798163795,-0.1406734267272153,0.1041282028013359
20,-0.4033452496811352,1.4935292779512532,1.5091689797726016,1.635826533693253,0.0830302333919731,-0.0286061044461372
6,-0.0644762082229986,0.2992130055406147,1.8947295221176488,1.3649846815743611,0.1847711047670104,0.3609105433372497
32,-0.4129670790298952,1.836172208382554,1.5146228047695498,1.5498174989472355,-0.1753570650102062,0.2348710807680916
15,-0.3297363047051973,1.034943891564626,1.615470235528372,1.7408929370821904,0.1999862279465348,-0.0259744586745791
48,-1.0589462081006675,0.6835824032633047,1.4095791997995717,1.2963433704094902,-0.2000000099434393,0.6728690282719146
44,-1.021083971229079,1.03097350401739,0.9721673215415816,1.3547489545476636,-0.2000000089255586,0.2511357264490909
13,-0.2072464888420321,0.924912695635304,1.7440387350679092,1.9695802083266247,0.1999530764618132,-0.065893004582105
26,-0.4107036609898011,1.927173764859185,1.279097237684999,1.4986935157253023,-0.1999864121341949,-0.30743827908611
12,-0.2499329506163189,0.7640646212887545,1.6825672854676843,1.908963060965827,0.1999707215648019,-0.0266912768562548
36,-0.7338335725960331,1.45710596208303,0.8776500085976462,0.9181186711186768,-0.1999737117734343,0.047236656917628
15,-0.2947207580851923,1.0668638518056377,1.6765186498549325,1.8113082574770567,0.199973250716943,-0.0917351515118734
30,-0.3576868479741106,1.975096362572924,1.4575297209110598,1.0831007815415148,-0.199979052302487,-0.2467102262675924
20,-0.4032906970422323,1.50923227154479,1.5074395398285727,1.648392272755013,0.0823870367316857,-0.0404742673168502
16,-0.3454906516643658,1.1167891171265174,1.625631340840135,1.7981948808571246,0.1999893692582064,-0.1891039790235791
5,0.0610733576471923,0.149624190474363,2.170544655123029,1.453855205404092,0.1999863753979078,0.0503518872632412
23,-0.3700951884206623,1.7836818695694858,1.3473636033621172,1.578199497587623,0.1999069256136845,-0.1135158470100699
6,-0.0118987268150181,0.2154929794503637,2.1915673250940184,1.4381185281135604,0.1999904172566961,0.123028565938213
45,-0.9875132767478004,1.0313988821403504,0.847441597902451,1.217738025714907,-0.2000000099917133,0.0872160056289284
22,-0.4139525937484114,1.587910817248064,1.4852430979397635,1.6412625427721623,0.1926408059981418,-0.1271848887879887
10,-0.1321991085948619,0.5650380550421102,1.8848714316871504,2.0729515546705217,0.199970152748979,-0.2036030014656509
0,0.1000000000000001,0.3277777777777778,1.5707963267948966,1.5707963267948966,0.1824898363344993,-0.3521421311486158
49,-1.0986020194742607,0.6242970052032816,1.7765620044013404,0.9196084255981865,0.2000000099680743,0.6383960197941758
8,0.0829556971014027,0.4014070452647876,2.0451385671561484,1.6322696612630363,0.2000000099461942,0.0392135365463608
48,-1.0382433949389276,0.6924732720999826,1.6226869645204882,1.2722043974505726,-0.200000009946153,0.2839926387953329
27,-0.3580363523978626,2.0708661644499307,1.2109390153225998,1.3673870146285458,0.1732027654426082,0.1294363389715256
1,0.0555161164451249,0.3242211196002723,1.6382344822075705,1.547766064579709,-0.1998973326781568,0.1640313346777572
29,-0.3516008164806981,2.0904482670232905,1.285706947618399,1.3245995393390466,-0.0840313913137597,0.3432192881467378
39,-0.7936058573272053,1.3775502464300915,0.8524610410120825,0.9695095978256496,-0.199999986754515,0.1565068079873623
10,-0.058491307145272,0.5570719774657237,2.054041934260402,2.0606495949700023,0.2000000099540894,-0.3904898226836636
0,0.0555555555555556,0.3055555555555556,1.5707963267948966,1.5707963267948966,0.1093553750127474,-0.2786924059109126
35,-0.6400940841493815,1.6514263806692886,0.9357303428140024,0.8957099011812364,-0.199471918604734,0.0623473961912301
6,0.0819983126172525,0.3450034874771639,2.279574162387524,1.7098268762667297,-0.0287838054755541,0.0837275819907516
13,-0.2307793341086445,0.9346406684449668,1.7060963484135012,1.8779091171096955,0.1998815749461792,0.0624517763091185
19,-0.2621110950616739,1.4928150557409297,1.6800849745657782,1.887623522253536,0.0954876257227288,-0.1020344840160841
6,-0.0284021512332531,0.1935372365127351,2.253875480094228,1.443665758701164,0.199990004768584,-0.059518168858281
0,-0.0555555555555554,0.35,1.5707963267948966,1.5707963267948966,0.0335016220697949,-0.1714308429944289
37,-0.6241531919497303,1.5592185096155662,0.9312188618287698,0.930506648047324,0.2000000097305822,0.2462477067122483
16,-0.3103994871443773,1.114790531113753,1.6236024560663584,1.788891479497971,0.1999932308032647,-0.0068263103891754
39,-0.8501725956983804,1.3166143654022076,0.8445201809918887,1.0639697413861424,-0.1999999056873817,0.1170256691870288
28,-0.3607380785639581,2.050734663204932,1.4075267548349242,1.28141695632229,-0.1056257735211094,-0.002987169093101
17,-0.2842746149244914,1.2566286073205266,1.6076692987112544,1.8528267656674744,0.1999916065936851,0.1065240690748881
24,-0.3490236188231099,1.810485855701757,1.2673627259817462,1.5392379678659929,0.1999880309258836,-0.0418152995973902
12,-0.2362378698128307,0.9104918214770824,1.7253561290588717,1.933672124074579,0.199963336221532,-0.1378736909311914
18,-0.3526975394258265,1.3802750656290184,1.612544250866819,1.681360494963154,0.1995400162814178,-0.327728473034057
39,-0.8595633968304022,1.3885507978700111,0.7822136106577258,0.9712516117763283,0.129280733318184,-0.2300464330609935
49,-1.0415649753421752,0.7237095052433528,2.332653955617223,1.0949390786347164,0.200000009738847,-0.1163286486861461
16,-0.3412702984585878,1.1048914601973046,1.6562077040460448,1.7750250661472131,0.1999894416775574,-0.1627911192539457
8,-0.0500163183056753,0.3541880733028567,2.203045488395963,1.963244312249808,0.2000000099467484,-0.5452199880081006
24,-0.3522506607260977,1.7753717593321452,1.3662899817016465,1.656823604865169,0.1999720277368299,-0.3545083224456489
30,-0.3779253616101025,2.053441244621042,1.515808724859033,1.2218480741891315,-0.1999991895260927,-0.3756327016523368
16,-0.3130594243784585,1.1333011506314137,1.6151582552309485,1.7879175580924744,0.1999563689250836,-0.0331331765715807
0,-0.0999999999999998,0.15,1.5707963267948966,1.5707963267948966,0.1997652969348927,-0.2996355163111939
43,-0.9421176616136888,1.2588662824930217,0.676952694603477,1.0988926997242148,-0.2000000099565622,0.1520103833192463
19,-0.3913077754626156,1.42294592455065,1.5486803325500826,1.6802022515001682,0.1999191450013023,-0.039039331391396
25,-0.3390165037282782,1.847632480471029,1.2774628522482256,1.4949182663101162,0.1999911839006831,-0.1739133504792971
1,0.0545628069781769,0.3611636076540401,1.4314501238515192,1.6011123586591471,-0.1844701566437157,0.3409399850912517
36,-0.4813802962425462,1.7666485937064662,1.0117425875109125,0.976911780428696,-0.2000000099067828,0.0367658283169305
26,-0.3795489623268366,1.907795298036492,1.1798777590182166,1.5155989343896863,0.1999626382315286,-0.1025303699168454
49,-1.0810678361747137,0.6787890418443874,1.435696137198482,1.2766083781569808,0.1314888557962654,1.119913407167515
1,-0.0996996318632758,0.373522105163319,1.655635722973619,1.546814274688279,-0.1999428480533048,0.3170412382448704
26,-0.3372885525162215,2.0057598083887087,1.4168122048166136,1.248423501282384,-0.012363159110109,0.2556057614467482
46,-0.9924296968284796,1.051197683377811,0.8250468113105951,1.367793719531214,-0.2000000099701275,0.3103386599973807
7,0.0830379531187582,0.3791484959957081,2.2425014726660826,1.5707323375803597,0.1999005022470952,0.1503972846515822
10,-0.0297166267657893,0.5852428038406028,2.10481641540793,2.038740612327213,0.1999948268797695,-0.1463964415138794
38,-0.7936177289482005,1.3714146031796073,0.8880346785182551,0.9808343753958996,-0.1999994401786324,0.0634146957601693
30,-0.3959907497889497,2.01366108603418,1.5657283263888695,1.1419573443363331,-0.1999651767992904,-0.3080194109171602
23,-0.3397965253910942,1.81065932031518,1.2917230809715132,1.5472255805817814,0.1999498878695816,-0.0143714618377474
7,-0.0776477797640421,0.3655202807421812,2.140299324938331,1.7198739804584853,0.1999501049388177,-0.0632913945677376
19,-0.3197043589956526,1.3773056666833443,1.580726777264152,1.7015766526527063,0.2000000099480193,0.2631588634525674
30,-0.3397667877422661,2.001358859596714,1.4649917716768126,1.0906772007336565,-0.1999895775051888,-0.1773206548246781
25,-0.3432439241354841,1.9003667339358503,1.17099225620297,1.4831463758675043,0.1999784945522577,0.1074637039452244
25,-0.375702321119003,1.9318572834517505,1.2349397401001792,1.4674766878727552,0.1993601546931671,-0.1466386842518164
27,-0.2877052642335663,2.1655391786111244,1.2903554896500449,1.3057187889931363,-0.1454930905397748,0.2928463636440695
22,-0.3728739215024594,1.7526086444777556,1.3784163939442973,1.6092087292557264,0.1007899942736272,-0.149097711135966
43,-1.0352854107399063,0.9567172108358468,1.0831559049573285,1.4124228763545872,-0.1999999977024575,0.0920530826392493
40,-0.8321744739337914,1.3765803982684168,0.7558769384715127,0.9077438054358106,-0.2000000099671636,-0.2259334742129934
14,-0.2512078741697749,0.9282224813409148,1.6982323658828942,1.902814834377484,0.1999836829601874,-0.0774491372307996
34,-0.6189255882410523,1.6029333315843095,0.9685489880528788,0.9098568815204824,-0.1999688154890384,0.0421825692309664
41,-0.936638616905318,1.139086625859359,0.9499507898932356,1.1734883553960052,-0.1999999886824282,-0.0098092273140925
47,-1.0388222837324592,0.7632660708655443,1.233951755860124,1.3492414261736636,-0.2000000099319261,0.687257347475575
24,-0.3735381195562963,1.773326991547293,1.3008614940965728,1.5056992669196314,0.1999603438504221,-0.0420645358271556
43,-0.9916687724901564,1.0221998124761569,0.9632764391633656,1.5053635967827492,0.2000000099592123,0.5015587202820431
9,-0.0625519238975278,0.4712348541365455,2.1556283548226256,1.8930725618787905,0.1999815880616282,-0.231379965336664
23,-0.3484100597220422,1.7285082181882314,1.3454831475999691,1.5906454086708222,0.1999711993722893,-0.1305932196917987
7,0.0348633765564977,0.4099411083247244,2.257259783395801,1.7161478151193594,0.1999515744297684,-0.0363074630604839
13,-0.2506021029508784,0.8181263878664123,1.669548832872186,1.8869290745402243,0.1999889539557443,0.0723551973330415
7,-0.0291258971616961,0.3090931941935648,2.201100734123264,1.6261834931517674,0.1999694429225255,0.0201880234062888
22,-0.3719764110832162,1.683683193579453,1.416385439285312,1.6104470872797532,0.1361644571798181,-0.2420737691466231
10,-0.0754133642306304,0.5490884258856921,1.9837969029929976,2.020223079483749,0.2000000099544812,-0.2635340996437673
1,-0.0151851948029458,0.0982827122613794,1.7460906664517264,1.4698492336810869,-0.1998888490150196,0.3818572072780518
28,-0.3448440175516227,1.9750564996409228,1.556632393100534,1.1370359220898427,-0.0771188937461879,-0.004840923842524
45,-1.051434909042133,0.7974495320035304,1.358644058057342,1.4005029272352858,0.1845304667448317,-0.0841149551748138
3,0.0748668437149579,0.251579061903591,1.9769929806378224,1.391769246013724,-0.1682856118899392,0.1406515352718891
0,-0.0555555555555554,0.2611111111111111,1.5707963267948966,1.5707963267948966,0.1991717570528255,-0.1320690587486732
24,-0.3487791024287885,1.812251173290713,1.2641395489361624,1.539567371975996,0.1999724335267241,-0.0388685145910553
4,0.0493041691419246,0.1015568433966141,1.9881910505380969,1.3526780237512064,0.1998036633036201,0.4075739205547552
2,0.0249678934575624,0.1966872083939276,1.867414790820905,1.3862615320554497,-0.1997523218829064,0.093216990908053
45,-1.0025684491546003,0.8775539181035803,1.1411390836027009,1.4031424913880712,0.0356974572443516,0.4360260765205005
18,-0.3603501392510573,1.4795979665757863,1.511107594766889,1.690943402630935,0.1985943114110484,0.006490862292491
19,-0.331286666669742,1.4305059188682547,1.5677932473507266,1.667889177790025,0.2000000099933997,0.2911419804412472
19,-0.3538451866149947,1.3492811672709164,1.5190441953626015,1.638493197080678,0.2000000099939736,0.3543070880103666
7,0.0417543567456918,0.4010242551330616,2.3055443009969334,1.8612848845641905,0.1999651802425144,-0.081604621560398
39,-0.730907314317377,1.4402182356973514,0.8981245412167649,0.8798189006050006,-0.2000000087847504,-0.0686255181961444
16,-0.2841072445320617,1.1317785926432813,1.6532428601922202,1.8435951695721653,0.1999675603005504,-0.0610452895050382
32,-0.4360635117155422,1.8765970279676425,1.4523703074690442,1.088317377904038,-0.19999984166116,-0.1884301336688987
0,-0.0111111111111109,0.15,1.5707963267948966,1.5707963267948966,-0.1998254647636516,0.3758563771383168
11,-0.1827639659979896,0.8133846948950011,1.816737222024216,1.976887828671416,0.1998270301155863,-0.2382250857865074
16,-0.3024266716952327,1.227134829591119,1.6707935529437403,1.8178074352153928,0.1999674078720326,-0.299234646255082
23,-0.3479900382799405,1.746345206138764,1.3382445769992213,1.5897585745212996,0.1999357403684567,-0.1534797780425703
11,-0.1502483507166868,0.5921248190435245,1.839794353642736,2.0143783668118798,0.2000000099577205,-0.0725832509661291
1,0.0556057758271657,0.3526233465236575,1.676929400363241,1.5359780380181092,-0.1998985663485002,0.075472575353572
34,-0.572833696250429,1.6257469142822067,1.038223234066043,0.8756249361812253,0.2000000096294603,-0.1901558845979354
19,-0.314650492263486,1.537429293430585,1.58245870197681,1.8091129674127004,0.199453317324566,-0.4185965158175038
37,-0.7881042190285412,1.388572022851168,0.8337575989451746,0.8992158817512877,-0.1999963721235309,0.0014604151451674
3,-0.0210855910344452,0.0147536128205336,2.096568019190107,1.283886076508637,0.1999039536390028,0.2882330785767605
1,-0.0162770530815091,0.096770603525404,1.789622918763433,1.4433402732804708,-0.1998643689611959,0.3260716155278955
35,-0.5902357172233349,1.6315862694012115,0.9420859426011448,0.9161921526696852,-0.1999999189441812,0.075895751664366
6,0.0777134139405494,0.3704353097167782,1.5605606148627142,1.5721685615250538,-0.126350417087802,0.617338048055153
8,-0.095130970907082,0.4163147362071096,1.99297579849628,1.5001887760828951,0.1999597430249854,0.1714537693898356
25,-0.3412420204452032,1.9475255952725503,1.1324943947282176,1.463735987876645,0.1999492444445649,0.3020295734484156
20,-0.3639398702710261,1.5454610595164682,1.495482332133923,1.6938448655302027,0.0903350390923893,-0.0536884220285323
38,-0.7224520574358475,1.450321237313668,0.9059408167984824,0.8544664959674374,-0.2000000096909207,-0.1831808298820009
22,-0.3879495366988472,1.642679862221568,1.4969036067512371,1.6444231010327834,0.1997126087393283,-0.1581516702177538
45,-0.9637216797762846,1.0850821466544354,0.8022764148798327,1.1479715984857717,-0.2000000099867507,0.0914180117870675
25,-0.4041830657489613,1.7977431278028029,1.4963655891504626,1.577582900828001,0.1424947587667331,-0.5361601117746903
31,-0.347734436786601,1.84897349823966,1.2494137632336957,1.5351088336783203,0.2000000099129344,0.0006677678857719
31,-0.4345386735559459,1.8566168843465585,1.3237504261222224,0.9277978260311112,-0.1533602893831629,-0.3659234847962369
19,-0.3713123226805477,1.628172981622119,1.4035741435971598,1.6328218249473057,0.1028673072289697,-0.209308306180272
45,-1.0140682210569274,0.8097706673659782,1.2964018555965762,1.400827583248461,0.2000000082267325,0.3047634928901473
40,-0.876101695523936,1.2459386379981914,0.8424851531770567,1.0586189212542638,-0.1999999908610944,0.1734123171910525
18,-0.3219319104420933,1.3136770439628984,1.5851137424495558,1.6875020812137165,0.200000009969353,0.2237004763911565
29,-0.3610376658614475,2.112539085252126,1.428855218985353,1.3003789458889743,-0.2000000093581882,-0.29420603715172
7,-0.0818066209055254,0.282236821947433,2.198185859451151,1.6671629255945637,0.1999488611785194,-0.12138777821078
6,0.0448560192579944,0.2873199458150861,2.315339923897062,1.853422293324224,0.1998683257114911,-0.1076974224807921
14,-0.2289218829982361,0.9401485209471006,1.7700583106514554,1.97664878871446,0.1999833393590164,-0.1249143209444014
17,-0.2691701933686102,1.203538726787533,1.693790395804916,1.8945458897540324,0.2000000099931253,-0.1976551691492996
22,-0.3523252490115546,1.7203339383962395,1.4298386856032417,1.5945671193190565,0.1998762370616098,-0.1230990653986454
15,-0.2870672023219203,1.0725038924048589,1.6003402538336045,1.8471619685734213,0.1999733632699414,0.1317406218364797
3,-0.027158607022868,0.1946316290045119,1.9454928869989256,1.2843368681127136,0.0755752708866858,0.2009532238184831
44,-1.0542813094682586,0.7414648249475425,1.4602188682791333,1.2853925593529516,0.2000000086083135,-0.2657534074539623
49,-1.0947549671050645,0.6436711088517821,1.788560521849666,1.1250764261309971,0.2000000099210392,0.6323833247488817
32,-0.4743194015971807,1.802621363495688,1.3919265466418604,0.9869360166165816,-0.1999577934034127,-0.2715375707844564
46,-1.0470958775104224,0.7118071333491954,1.34087287015671,1.366029485163944,0.2000000077656861,0.491976532291021
18,-0.3603622234067601,1.3404032533915442,1.6086648386487554,1.667832616427343,0.1998542644005017,-0.2284369003663267
32,-0.4798123654624322,1.7664298468922817,1.1694941791382174,0.9290329983765132,-0.1999858535261111,-0.3363676054279079
22,-0.3805926331777072,1.682199162723404,1.443058187938901,1.5420315982629451,0.1869755365190353,-0.2105029423107856
40,-0.7935229922948953,1.4802911392405007,0.903947421410356,0.9501644914509524,-0.2000000098668035,-0.2611656245045539
20,-0.3961803724706844,1.4601884501539864,1.5499490881946425,1.6786522802036787,0.2000000065722226,0.0657779827324741
37,-0.7207452645911236,1.4512858823936166,0.9092816347864012,0.8536347003554225,-0.2000000092960761,-0.1284328408809072
49,-1.0749264842094326,0.6370404580484763,1.5823595384743552,1.1977089881791587,0.2000000099311076,1.023492596997588
7,-0.0436056541906451,0.3908966781723199,2.214444034793649,1.816815162219936,0.1719256920621999,-0.140675784291334
23,-0.3847706337509373,1.7177476606433892,1.4024628336217742,1.5734398424485712,0.1992619293943313,-0.1111170008814335
30,-0.3748420331173174,1.9950964702292124,1.4367450746384005,1.2616293597589194,-0.199982920794192,0.1753868761207005
31,-0.4097589582713937,1.880554745922224,1.5024168731455898,1.010845911344758,-0.1999774030292709,-0.3208518175493382
39,-0.8826984937385923,1.2879498461066805,0.6615112840151975,1.0262991800754853,-0.1999829741873944,0.0338858934657088
0,0.0333333333333334,0.2166666666666666,1.5707963267948966,1.5707963267948966,-0.1997909226200475,0.2462540891719368
17,-0.2061700065665993,1.3459301326055626,1.7603555741396288,1.9722684724969872,0.1999607862818243,-0.2708553852610617
43,-0.995924634412452,0.9664165856078804,1.015874843173895,1.317461010838148,-0.1999999884716317,0.0733356798924857
48,-1.0391462575750232,0.6910684572530156,1.6631758781757693,1.2497852522273616,-0.2000000099504848,0.2399529727686817
2,0.0142149690743223,0.0586856567757888,1.953124121823583,1.2535711720579066,0.00612452587632,0.187849081209702
1,0.0555520594157208,0.2898273787184766,1.567470816024814,1.5718571853454055,-0.1999493531831005,0.2303532211160483
26,-0.3424161636423279,2.013016540235589,1.1628195653345923,1.5126615798302925,0.1999893823204705,-0.0877647000659587
30,-0.3847720564323208,2.064158704905357,1.4963291558113436,1.2499499677482946,-0.2000000097717962,-0.4229687579950031
0,0.0777777777777779,0.15,1.5707963267948966,1.5707963267948966,0.1996056490821235,-0.2758509773550067
16,-0.3187954873705932,1.1010629343694398,1.5916941473868231,1.7383022271947923,0.2000000099431859,0.1654441551375074
47,-1.0296854419405126,0.7802286936537957,1.6238223067977746,1.3215737936269372,-0.2000000099767733,0.0562873964622511
14,-0.3107090803944007,0.9019619643811932,1.678164311745439,1.8503320063616813,0.1999982974782542,-0.1783925242198943
10,-0.1127096712072812,0.62921899718899,1.9455743516471724,2.007240763357517,0.1999822346260381,-0.1517077847451678
7,0.0184736133048548,0.2374239614447322,2.3725876371052603,1.6381838147039112,0.2000000099939076,-0.5576328560303924
0,-0.0999999999999998,0.1944444444444444,1.5707963267948966,1.5707963267948966,0.1996243258761508,-0.4421779976392802
35,-0.620351697766687,1.568901336620002,0.9755399944868426,0.8650153920756799,0.2000000087835839,-0.0267319920945813
27,-0.3322680627345789,2.1242998633104766,1.3176508884995306,1.3211107026898914,-0.1384666373155076,0.2149152340792747
46,-1.0439638842317152,0.7201820487035451,2.2142478777703385,1.1420045800200191,-0.1781063748617394,-0.2470467831276455
7,0.0090133329009848,0.3438888574735461,2.2362825582411627,1.721174848938383,0.1999724309867939,0.0047736450402326
24,-0.3830605413119409,1.840656755041608,1.3051913092520575,1.5117549871739515,0.1984771900115143,-0.1433848567406289
21,-0.3620676700036778,1.5080288060542404,1.5971015587501292,1.654909418310888,0.199954528033918,-0.0877760576978799
43,-0.9844638320049216,0.9807889397637178,0.9891681234028676,1.3043122107789868,-0.19999995598633,0.3785443364405914
8,-0.0942359095631877,0.5022602529117809,2.069667209931884,1.8331397026617728,0.1999602294729159,-0.0969661936788377
19,-0.3065959773494651,1.5067209192530604,1.6085314388063292,1.820344789374135,0.1998974266677316,-0.3357899610403345
11,-0.2017990320061984,0.6446416558106619,1.7353451075640065,1.9864167616653927,0.1999747277540797,-0.017618695492357
16,-0.3163759874438698,1.1991612753493304,1.656080407151256,1.7747283892180483,0.1999625587428808,-0.243853748899937
10,-0.1710787354437429,0.6563953822109372,1.8260215456273887,2.0299355465607736,0.1999291317772642,-0.2505283422118092
47,-1.0192399646345278,0.8291179846796477,1.5347224666466597,1.3670771035537093,-0.2000000099642327,0.1143013190130758
4,0.0211738475652875,0.204293767954376,2.061355562010084,1.2680893586749007,0.0335542778285182,0.1456250559040943
29,-0.3233713545093578,2.051289586071022,1.479809888699327,1.1878470479078689,-0.1999727571202156,0.0371644321139065
10,-0.0816662424295414,0.57563223179893,2.0655014364322937,2.0084235991994266,0.1999640954217668,-0.3598555253480904
24,-0.3874223194867111,1.7922112497632747,1.3408461111274104,1.5363913591670293,0.1998696226571869,-0.1461525688292022
7,-0.0499770550220894,0.4963005895089775,2.241919671301136,1.6655986330012265,0.1999469907606074,-0.1044158481782841
40,-0.8909186186117383,1.2259051000287935,0.7728205910560231,1.0123511738429938,-0.1999993585287698,-0.1365236215478321
32,-0.3985387236285794,1.8801789207990025,1.5054481281575305,1.555630434918234,-0.2000000099351131,0.2117995221265096
32,-0.4500939618112793,1.7814651081863455,1.396577083566461,0.956213562484712,-0.0905121601671477,-0.5059045035834422
10,-0.1098744015692868,0.5107708419437802,1.89142952213553,2.047601875417273,0.2000000099932172,-0.2023014537882598
41,-0.7733337757752836,1.3619082378582723,1.0063064093173482,0.8984658284387017,-0.2000000099704337,-0.1611518694505709
39,-0.8838451693008537,1.332682629994885,0.7728528651085238,1.0195922719679713,0.1652692502250037,-0.1988119218888525
25,-0.3673269423935544,1.9146747887530533,1.262382466765282,1.4907750950022507,0.1999279614347298,-0.2016385853624406
7,-0.0147961175131921,0.2876259479745885,2.219606407978807,1.7589717506278042,0.1999665249936322,-0.0613279482723344
28,-0.3802655828345981,1.9113762774803824,1.4748694347825388,1.0431334873281903,0.0560431925729783,-0.0320623405194801
9,0.0707642268341438,0.5152683379735674,2.179338465860335,1.801644994493785,0.1999909149227622,0.0741103189362391
35,-0.6197585846355879,1.568177673663825,0.9739211770382266,0.864871561466588,0.2000000097112469,-0.0224693317538555
17,-0.3486749487981806,1.1963633783074028,1.6231595362212996,1.805358401660314,0.1999988166634058,-0.1465740183952313
14,-0.0564066583548574,1.0555168622949662,1.969666571417127,2.075769553479748,0.1999805659090693,-0.0041636142155478
38,-0.7741250381149648,1.4027500727505209,0.8459125934776406,0.915350860476804,-0.1999999116136301,-0.076547632976538
27,-0.3133563688868492,2.1707823409160167,1.3620004891925095,1.321037730909052,-0.1999954751619866,-0.0849039270224218
40,-0.8756378382064964,1.2592627473894018,0.7114098156478743,1.0203041924053686,-0.1999999382085656,0.2051508782911463
32,-0.5242630738968417,1.7062622723840075,1.0525478358056883,0.9113087272137173,-0.0187903752222154,-0.2009419036790409
6,0.0772159824400886,0.3071828335716516,1.494213811182652,1.5908533006943288,0.1312996409697021,0.6693325118787453
31,-0.4288725771967808,1.8547277468756795,1.45306205103663,1.0431922673127203,-0.1999803859633243,-0.1863581487178729
7,0.0539356700966827,0.2617103967738693,2.23287791112927,1.7625979546095665,0.2000000099528468,-0.4542049848398736
8,-0.0546536687104807,0.4467327747983489,2.145217233398233,1.876056131661337,0.199951764424737,-0.1381345092103184
33,-0.4371596032061848,1.849820873163008,1.4576845775034766,1.0668698264779608,-0.1999687763398098,-0.0431445132305344
22,-0.4131702627206871,1.6445360151623023,1.4948734446105103,1.5899093689904051,0.1776603810656669,-0.1083403415756117
6,-0.0123223217245497,0.2255149878945703,2.171023759323526,1.440099167728612,0.1999696067354778,0.1492449398390457
29,-0.3631004060735475,1.938678419286704,1.46279584715632,1.1786113297108989,-0.0138489027806727,0.0870008008038946
44,-0.9899446252247665,1.145509416788754,0.8133453922953944,1.254575238312055,-0.2000000099287054,0.4330196600541488
6,0.0168283824033076,0.2056299899979164,2.232262329259191,1.5568026604294667,0.199973274855613,0.0148199674055011
15,-0.3343507307023379,1.1219680519972122,1.6256972002473216,1.7658689583908451,0.1999787252642405,-0.0825384020514342
8,0.0080484857573254,0.4567453729100393,2.1949585611608367,1.7541310251348543,0.1999647464792959,-0.0130264545635639
38,-0.8382909277214686,1.3099165726294848,0.8184748264637332,0.9970390266233488,-0.1999846907385958,0.1259338757631429
15,-0.1457151940355503,1.1093467536457668,1.8390972664671423,2.0676218127904784,0.1999808097433915,-0.1906741578033264
36,-0.7439381714015688,1.5275205030629069,0.7933370257404189,0.7986303308917058,-0.2000000097638532,-0.1631943473955281
15,-0.3265743754591252,1.0677022231649178,1.6281805271890502,1.7675351467298197,0.1999581207988813,-0.0589790817505542
30,-0.3973387099832557,2.0039111556830966,1.5675564977016787,1.12885397860878,-0.1999576942569622,-0.1847555339726692
44,-1.0131713978782833,0.8854316879611721,1.051730755249736,1.4158960680090518,-0.1455116765064321,0.5891704462916196
41,-0.9201093276244364,1.2204362139250668,0.8345378596575532,1.1116116114277437,-0.1999995842293882,-0.0878856013919756
22,-0.375811077826699,1.6508766720604882,1.4119091443597416,1.5578798930745312,0.1996015731934306,-0.1562048336051683
9,-0.1253237906587083,0.4446845154491393,1.972588816042565,1.9504025992640348,0.1999838334269155,-0.2687248118964392
20,-0.3785934921824836,1.5055581891289267,1.4971632408585889,1.644609278874269,0.0888133301510832,-0.0350332837573149
26,-0.3183202617188125,2.052700391617612,1.208798506357942,1.3578908872407986,0.1341880291206944,0.3914675928590249
11,-0.0789871161330187,0.7752460472231582,1.9489979008820395,2.0607692183752784,0.1999553908309779,-0.0526606652655638
7,0.0207396772914585,0.6371650004047473,2.2698983375372244,1.8499176697490995,0.1999619263490791,-0.1129935853850458
25,-0.3559309784302289,1.9098729383108568,1.236610301057988,1.5167309982295414,0.1999350295601856,-0.1455909095097298
33,-0.4591204050430862,1.833593367539474,1.4312541532006602,1.0362332625860178,-0.1999524395154828,-0.13407149107737
19,-0.3736095468315008,1.4340317514908376,1.543464177348886,1.6695154758509687,0.1999721354365068,-0.1020625049795152
48,-1.024000105863233,0.8034353825421752,2.3783793142673115,1.5408674097306905,0.1521264068914275,-0.997794632361682
5,-0.0995814896084225,0.3738806651399389,1.6186687285688262,1.5577518450215049,0.0726592034340384,0.4591111459470673
45,-1.03356791481691,0.7724731631527574,1.38316811335576,1.353158748891261,-0.199999987725483,0.0595095782692347
23,-0.3816705759329665,1.6546636174359797,1.4385127807643752,1.5986629715243583,0.1998937129227522,-0.1789563688506486
10,-0.0802683398407381,0.5559129178497517,1.969775983193193,2.0308997342708697,0.1999915586899971,-0.0628984033069311
9,-0.0936248975949588,0.5699396002850973,1.9742955798890929,2.0566701483093768,0.1999748319752768,-0.2317992247346862
0,0.0777777777777779,0.2833333333333333,1.5707963267948966,1.5707963267948966,0.1803125719895828,-0.3792818520278246
13,-0.2130123386391879,0.884250922642628,1.7452040771630148,1.949915087334824,0.1999364300790687,-0.0805217563055087
24,-0.3528758522538394,1.779947548034358,1.31083890149859,1.4997791403546283,0.1999919190543543,-0.2281516997153803
32,-0.4622239920957642,1.824345133729616,1.406711820280968,0.9497898905487592,-0.1999698225204839,-0.4977851732541317
37,-0.8276231325060194,1.4262956346910978,0.7051187614586691,0.8683018646553102,-0.2000000098943981,-0.0716837748178129
15,-0.2792784255797063,1.0491442910909334,1.6355144093420844,1.827218469057536,0.1999903742352439,0.1010840772333463
39,-0.8883300541582013,1.34712576213694,0.6526659066465239,0.9694863682133632,0.0497739808752877,-0.1952452957071216
13,-0.1767297922235824,0.8536761024181424,1.804225732633148,2.012581084475848,0.1999925794525441,-0.1479484113150889
20,-0.3270125824045684,1.5823902279091355,1.505759791531835,1.677847063075258,0.069980008453767,-0.0386023514096247
19,-0.3671819614924086,1.4880381605033437,1.510007117935691,1.692344819263904,0.1999114485799376,-0.2246579888407462
43,-1.0022423392573685,0.930805114474054,1.1541485962385725,1.3505345402130329,-0.199999024999976,0.0354968566261672
12,-0.145584035105926,0.8432001178380305,1.8699783189829928,2.064534243644456,0.199989869983924,-0.199139646445881
24,-0.3811815845538422,1.7439756485000395,1.2223792469097967,1.624217268311081,0.1999322693260089,-0.0374409225706681
0,0.1000000000000001,0.35,1.5707963267948966,1.5707963267948966,0.1415933412629537,-0.3774983539238071
10,-0.0694028644467173,0.5744643221992279,2.008840845027242,2.023853009472169,0.1999840243463327,-0.0917295035042767
32,-0.4643024168276899,1.854648583341853,1.4281333424462428,0.9819858323289902,-0.1999707823834771,-0.4835690605271467
32,-0.4013175992023704,1.9123612771251004,1.4190050783243515,1.2302612460485591,-0.1999999829617703,0.1431294763319256
28,-0.3241880892311608,2.040581301195916,1.4160406673934798,1.255409129723829,-0.0660899878030278,0.1972524014044478
28,-0.3670173993675588,2.027530919933774,1.167582576223884,1.3967703431166874,0.1999681120545185,0.4045208510191865
36,-0.6250207485762176,1.5634023541855375,1.035764540606413,0.8711713417791789,0.2000000099480668,-0.2106030100733646
24,-0.3838110611282901,1.7299938284242158,1.388373584547315,1.5706472405550396,0.1980629529340825,-0.2879181960321003
49,-1.041354340153542,0.6852777485880108,1.8818538720395903,1.1492281501567312,0.2000000099822855,0.5372675361467594
4,-0.0997507909363795,0.3656768782138536,1.553665560730968,1.5459255400229717,-0.1430046076951491,0.4601545448229349
8,-0.06921721829389,0.3654690706496224,2.1443952033903937,2.022221158212586,0.1999736192772689,-0.4424217384446312
9,-0.1115817819980541,0.6179617289006395,1.9472159157183508,2.020763230310921,0.1999619673149335,-0.179392449180107
32,-0.4729777627520131,1.813004240540132,1.3830397447373295,0.926113557992647,-0.1999840524504714,-0.5390611259356489
22,-0.3800215835908145,1.7335855677335528,1.4166241931405406,1.618605565776853,0.025989374429319,-0.0465160837266305
13,-0.2497081982898273,0.8356534807167071,1.687305231079196,1.9026335909464145,0.1999809693132933,-0.0310669825231777
26,-0.3403443870287015,1.9524025503983,1.137826093533311,1.466516727658842,0.199998631036103,0.2224420779178333
9,0.0013465278338384,0.6124161431108617,2.139334769048963,1.979323049461114,0.1999775843090104,-0.0617350063673003
3,-0.0398331266083394,0.2171039261108991,2.013887153067861,1.3374902543632683,-0.0548971861123259,0.1202812526937182
24,-0.4137073209008401,1.7334027260374345,1.4988347320493798,1.5645459016710193,0.1999841800819441,-0.2904519403409954
22,-0.4114028758023598,1.6086313980609936,1.4731407473471505,1.6333021621040242,0.1288441492108311,-0.1216101774460677
16,-0.2994597416734474,1.119530399503131,1.6071001524713378,1.729207886488212,0.1999994960595454,0.2030459610525564
7,-0.0134576470844987,0.4137639407253675,2.2146678949382643,1.9849458912528413,0.1998363853642398,-0.2385215659007929
2,0.0178746128814021,0.0293278478762889,1.937850968041692,1.29528919197189,0.0738181653379572,0.3077423190490367
9,-0.0447921384491696,0.529074281775436,2.17319252068666,1.9266355240714887,0.1999888863334513,-0.2274720223340394
20,-0.3709445327788674,1.466764271544136,1.5125453575190644,1.670276877410055,0.1264675488476677,-0.0499242262917952
41,-0.8799699885647816,1.2953312089057871,0.6810090273917528,1.026810903422792,-0.2000000092547671,-0.0155389577572363
33,-0.4959014476756462,1.840882885725699,1.3201846602049212,0.9393101063721094,-0.1999999067092622,-0.5210427690904508
39,-0.859096934033883,1.3906041390567698,0.6606063964453082,0.9146550164727631,-0.185043974060408,-0.1993834594254565
32,-0.4066925691144253,1.850398027497672,1.494370591887508,1.0544007486574882,-0.2000000088062846,0.0030036047252436
7,0.0773976788731328,0.3528797422282635,1.5371217588570456,1.5709530877779956,0.1997377672819582,0.6582949875015144
13,-0.2424176354632045,0.9298747273504564,1.7198959002879004,1.9348239347115088,0.1999526191121104,-0.0893918628948026
15,-0.2707385469574002,1.0008408015478825,1.631727003553186,1.805736044032187,0.2000000099933025,0.1774804962395191
1,0.0778164748484833,0.2856989665554144,1.5813706899669508,1.5678338078196543,0.1086238079814415,-0.3117625961572631
27,-0.3056690399869556,2.101597182398702,1.349317473420177,1.3048142308866488,-0.0827399594522697,0.295236298666749
9,0.0139937299704669,0.5205561789824976,2.2022106210377554,1.9518776440823007,0.1999879520353398,-0.1011236440347645
27,-0.3657343403152951,2.0237418403844325,1.1746390304204564,1.4075854146773454,0.1999401306644892,0.1203880223014818
35,-0.5894501978781574,1.7228387242586871,1.035528310635362,0.894618396854442,-0.1999694413201568,-0.0765760878751406
24,-0.3772297099129315,1.8360932054143195,1.202670367751215,1.541500002915982,0.199984801874791,0.0518059963945388
2,-0.0587400808917002,0.2186570472292289,1.7041216291846597,1.4936268667563168,-0.1079424981242274,0.4623705687581542
46,-1.016996962664528,0.8527591900094355,1.4434824047723984,1.369543996837694,-0.2000000099232333,-0.0012103738495479
27,-0.3260103442830948,2.134882099099768,1.28073980395816,1.3377777231628207,-0.1319401060781795,0.2899751471876616
40,-0.8549182069849837,1.3828201887473583,0.6859073462572436,0.9203527714742556,-0.2000000099412809,-0.1596940196454095
22,-0.3423720288339733,1.693802380010724,1.4132078970458846,1.6278207381668748,0.1998269280898633,-0.1426587229690613
7,-0.1007572720688565,0.29898468047951,1.6253879713502268,1.5403679415581104,0.1999406111959536,0.5048614443743219
11,-0.1489497968033962,0.5568144514964225,1.8375361497190337,1.9856745156120863,0.2000000099801869,-0.1764689393008958
32,-0.5017223338190359,1.7770592690634173,1.135690831640039,0.8368714625226876,0.1999999661490957,-0.3279982236303029
15,-0.2848897009311508,0.9987810508984192,1.6790475017067532,1.8445427895245343,0.200000009943096,-0.2362366242418109
24,-0.3489817389552726,1.838551256181379,1.2423972199347355,1.5348440289558716,0.1999550226672024,0.0028980958444607
1,0.0778403851812414,0.173633078274659,1.5885115368899445,1.5657974553394722,-0.1999597986704664,0.1194966848592683
9,0.0169267179508122,0.5544871639295937,2.191360787549291,1.9442300303063784,0.1999757484649221,-0.0765221948287167
13,-0.1988514883782262,0.9227213052547052,1.778506432720695,2.009654509343353,0.199951250884337,-0.1297632214243078
47,-1.06334634509411,0.7711706723400222,1.4641089076783995,1.3843490528102484,-0.2000000099173032,0.1868548115537478
46,-1.0442099437015029,0.7249783022852753,2.241447960087333,1.1307438363509548,-0.1293588662386388,-0.2345552590540304
31,-0.3918224732915178,1.9474146831025183,1.4803960482266287,1.1927526929440444,-0.1998750061265975,0.1067189244797525
32,-0.4605470825301232,1.7678879016107794,1.3374226177718975,0.9374296443345936,-0.0483225706596907,-0.4689245287143521
10,-0.1088595162644194,0.5650302868037524,1.8934850367393832,2.0649711011048977,0.199980889670729,-0.0506328385052779
3,-0.0552581539572059,0.351192918623914,2.0384735922005515,1.4078067240285417,0.0865507121445263,0.0952557303809826
0,-0.0333333333333332,0.2611111111111111,1.5707963267948966,1.5707963267948966,0.116202589184499,-0.0235042319116032
17,-0.2906291417288145,1.227632592454912,1.614304513731275,1.7713623232078712,0.1999974810805771,0.187620408172029
0,-0.0777777777777776,0.35,1.5707963267948966,1.5707963267948966,0.1994508462489837,-0.3960369384433966
9,-0.1144391500710636,0.6660661192068911,1.9406932155278067,2.029062657089722,0.1999530701843507,-0.223330361228625
26,-0.3835164080631518,1.8770278761128496,1.2154204110291342,1.518037416936585,0.1999713092782065,-0.1388422186475015
0,0.1000000000000001,0.2388888888888888,1.5707963267948966,1.5707963267948966,-0.1997944314823915,0.0370911470647881
8,-0.0675786800674408,0.4244098566425991,2.1128183166172843,1.926405920748942,0.1999575388420115,-0.197196981753912
37,-0.748503166215972,1.424375498150466,0.8820771696653704,0.8743480141012056,-0.2000000080906844,0.0473926027836877
0,-0.0333333333333332,0.2166666666666666,1.5707963267948966,1.5707963267948966,0.0939976925309012,0.022822378953226
5,0.0642199150642303,0.2566786557801207,2.2556918869402747,1.5836090414152506,0.199796545197577,-0.1269712476400109
30,-0.3625586088615193,2.009325101063,1.5048540003175814,1.2267593917857007,-0.1999613283096457,0.0671715163744535
15,-0.3198435055944384,1.2078370662328188,1.643157553919826,1.7865742992222438,0.1999748613461183,-0.1405286143143026
13,-0.2567312346536615,0.8210300315669729,1.7098278301444392,1.8816388084238536,0.1999925443603818,-0.0857481051351536
42,-0.9562164763741396,1.0713823694583782,0.8896634439614157,1.2313102387420265,-0.1999999797141586,0.350083476372164
2,-0.0375489952269561,0.2234277215008466,1.7592737922866029,1.463629364052324,-0.0851672657886749,0.3123209676214319
31,-0.3537820409119239,1.9791009033621223,1.4910894828524928,1.084331814216534,-0.1999999241740458,-0.1813749597259661
21,-0.3738320483306795,1.66576346687498,1.458783240118299,1.6493272474566534,0.1992277374299984,0.1165358030871768
5,-0.0477031614225423,0.3662304943518735,2.183069252469812,1.5301302709297722,-0.0390973126633668,0.1549705725831933
27,-0.3751489547247832,1.976555295928608,1.1579516949739794,1.4553159438790586,0.1999782997650279,0.0328995127508774
36,-0.7173232069648441,1.5384460091763128,0.9325095679641264,0.8176923106462095,0.0281523261064413,-0.2742198057488823
24,-0.3832776393870572,1.7869331195845826,1.3474420070333069,1.581722306443796,0.1485783997843261,-0.3620652288319078
11,-0.2121765499828563,0.7151140695863928,1.769656085469995,1.9676126398057456,0.1999636955235814,-0.1291227077443026
17,-0.3107865887165014,1.2955400958360224,1.587165475883756,1.7352235206970257,0.1999732758114454,0.0970532789423476
36,-0.6014346471130659,1.6125131640082524,1.012594443806682,0.937146171562376,-0.1999999837174896,0.1108686798187538
15,-0.3201037633884216,1.147091234560816,1.6380929323521,1.7884884444785591,0.1999768529807088,-0.0974679825642396
22,-0.3888681405165486,1.653376259791511,1.441751335808311,1.5849767477747716,0.0723863932547211,-0.1395679844257626
39,-0.6856022726578045,1.4918507164821968,0.9817852387812476,0.9405008984969344,-0.2000000097923556,-0.2168846642746747
44,-1.0358855157140838,0.953631156213042,1.0820994014528136,1.411923324702245,-0.1616792520176217,0.1642852167423661
45,-1.018716455391553,0.8402394055345257,1.1976582361992936,1.3462930803418969,-0.1999999973124324,0.0956885516120863
31,-0.4132837218033619,1.92090712205528,1.5035894079730978,1.0955174736574,-0.1998939881688612,-0.1190597531023454
45,-1.0369577042573033,0.7597105453246159,1.2434305229955012,1.3925858078574027,-0.1999999923865776,0.4912160185821013
43,-0.9202446466859024,1.1697655607731807,0.6907710703697543,1.1429906270179653,-0.2000000097177111,0.4569559105631544
5,-0.0490105070896082,0.1542094262551609,2.2114961306240897,1.5017613410282478,0.1145722026200566,0.076847225804578
46,-1.044621931416173,0.8618402210834419,1.1739705028620104,1.4527223751049951,-0.0982021161210299,0.5537579606316209
2,0.0538650915818052,0.1740056148781306,1.7513059313085415,1.4901816753700323,0.0203368332570684,0.4522018086938397
22,-0.3712806646196611,1.8001632318547096,1.3427350307491164,1.5936090193493604,0.1974718848354392,0.0490986039711756
14,-0.2928999277681013,0.9129106781296024,1.6534949002559085,1.814043220136242,0.1999842439927921,-0.0492174133152353
35,-0.5848426335247314,1.6798214099340565,0.9850330660727362,0.8057137562800529,0.200000009571136,0.1678077670737904
48,-1.0587878617023192,0.6866440446383945,1.4022950987007956,1.3003930753826582,-0.2000000099434208,0.7029973472266697
1,0.0983142823165006,0.2731501096944002,1.400719641384189,1.5933518414381542,-0.1997053159876105,0.1234180916096431
43,-0.9770759839171472,1.187694511691564,0.7322916212168078,1.2259411663841902,-0.2000000099500216,0.2022857394425084
28,-0.3518513004722899,2.069816512975082,1.2337779151883463,1.3634216473921108,0.1342839390229865,0.3230297266394203
1,-0.077728311160093,0.1620750400901662,1.596724416190062,1.56283937422523,-0.1998550513774473,0.3384254528822016
29,-0.3748992040362072,2.053551681119428,1.52555571223167,1.2160468795206627,-0.174052472096574,-0.4866161226578128
32,-0.408604863961491,1.8562173320924489,1.5174694257464747,1.5379387423229085,-0.200000009988762,0.2196756320321903
49,-1.100281204064042,0.6049259132542256,1.7728621586173725,0.9328616851360404,0.2000000099756957,0.674234387125428
17,-0.3284928706849392,1.1528898498284743,1.6113872873273234,1.7512152028507957,0.2000000099931929,-0.0241339894065635
0,0.0777777777777779,0.3055555555555556,1.5707963267948966,1.5707963267948966,0.1980580779340769,-0.4044003507504034
4,-0.060643248620542,0.2747490854345941,1.996480600037847,1.3625345757944796,0.0654282287879224,0.2955373246762283
27,-0.3455137414938855,2.187887079278227,1.385988057651792,1.3386208196505014,-0.2000000095266451,-0.3365570070744825
33,-0.5283300602996007,1.7249484581075114,1.217817566418324,0.9296542406927883,-0.1999758203879091,-0.1563952960395013
34,-0.5288497105476325,1.728163570502817,1.2421640502896647,0.9365915497707424,-0.1999848402446417,-0.1160757708096207
15,-0.3140053711229291,1.1390779126966522,1.6449224921551089,1.8083747181613583,0.1999776274458783,-0.0955094811071109
25,-0.3503626400802403,2.044047802857429,1.4474615967508893,1.278813952043775,-0.1420679460116845,0.1117966730766971
41,-0.8688209351514099,1.2304300074864456,0.878712018081222,1.0149408602178145,-0.2000000012286579,0.0314972058715982
1,-0.0997987593620943,0.3486041197872695,1.634321511783872,1.5524843301341014,0.1012491772569662,-0.3496789372732436
13,-0.2367233828123427,0.8917674115042628,1.740224384763513,1.908907734385371,0.199755807924728,-0.1942325951984097
31,-0.3840857846996043,1.9770588475022504,1.3734216215696673,1.2732563318795125,-0.1999999584775567,0.2316212972076654
15,-0.2966743471392583,1.0657817414286168,1.648245264853106,1.8149881808118369,0.1999899935000198,-0.0767642158491138
45,-0.9650385803119887,1.1393795144157788,0.7492175052241006,1.2316262202075976,-0.2000000099953808,0.1710997380160103
22,-0.3530797863741778,1.6430961412686242,1.4076605337348322,1.5752127071694455,0.199979278530174,-0.208429643537233
8,-0.0644261910510034,0.3466593204341845,2.182017364599977,1.934079333929129,0.2000000099510581,-0.5303899313499906
21,-0.3695224581753109,1.7655495386042306,1.3568998212602477,1.5794239683790312,0.0827937340776673,-0.0062199891335644
45,-1.0290624951413965,0.7291680155922601,1.4155403087523322,1.367832684209043,0.2000000078716762,0.0206976187086046
32,-0.4073343035863682,1.8499666784837785,1.492408705004726,1.0536091517491857,-0.2000000086621899,0.0045781329700081
49,-1.0966220533123414,0.6095415740851524,1.8855944909459703,0.8575738289709436,0.200000009959238,0.4636877815288275
11,-0.0075800828611218,0.8457661555280063,2.1396185914662222,2.0533770066363948,0.1999773876486801,-0.1364505046146898
23,-0.3488945145780854,1.7331287113845186,1.358208374181066,1.581475233355315,0.1999831108459896,-0.1875072896999885
2,-0.0268044309018742,0.0624690209750845,1.922692016759191,1.2955567836299822,0.092262758978946,0.2514505490347366
13,-0.2491071115819678,0.9218994527230976,1.7127539003875594,1.926804808033573,0.1999543315275487,-0.084625375640581
16,-0.3374866518785244,1.166905030560864,1.6496565947916846,1.760496175764666,0.1999634083274371,-0.254188972485272
12,-0.2596853073921261,0.7715821680246362,1.6806725362931287,1.8810330251510567,0.1999611615098599,-0.0429773130456944
42,-0.9500523546289252,1.2117798613570527,0.8022884214904646,1.165945654798056,-0.2000000094928063,0.024526345996372
3,0.0993776978333193,0.3950992284737932,1.4991406286743023,1.5811709838752936,0.1993283039337701,0.14288094377492
30,-0.382449836918881,1.9028810723319625,1.4715965362873416,1.0883384643989653,-0.1999971776000507,-0.1308822978191103
27,-0.3672563484650797,1.980153084282265,1.1710641729321818,1.4457428637951644,0.1999790995171132,0.0658468956365756
7,0.0061421883661986,0.3209068295674417,2.222198673584733,1.7618251260846642,0.1999576884952364,-0.0228774101684405
21,-0.3387765161467712,1.5505707683182195,1.523357776054416,1.6471965792584415,0.1999646101375439,-0.0159500162072249
0,-0.0111111111111109,0.2388888888888888,1.5707963267948966,1.5707963267948966,-0.1997852141949948,0.3683506733458357
31,-0.3951454831056961,2.028977890799444,1.544760243096624,1.1899791926010517,-0.1999999644226109,-0.4140268098216961
23,-0.3404314321421714,1.8600765021417145,1.253998109670949,1.504824798015887,0.1999274243776833,0.0265390463147947
22,-0.3730734584745165,1.6850857602683302,1.4413456043533823,1.5598643273495882,0.1996745239823157,-0.1423202036996023
19,-0.3750721303153507,1.5969858026321946,1.4304566654053072,1.6331933004778714,0.1107314876175359,-0.2888502774262499
14,-0.2829979567971488,1.058663044064298,1.6704092668977122,1.868515267778888,0.1999593817976273,-0.0767495304149527
48,-1.038895386104069,0.6913560542239664,1.6471658992257456,1.2583871059839595,-0.2000000099488668,0.2575382593851721
31,-0.4247040447978694,1.9728023961232857,1.5483259643104414,1.0726228714476522,-0.1999998213023097,-0.559008067732171
22,-0.4008988119410138,1.6291384348904552,1.4628320867803437,1.6291024090090978,0.1244616547094272,-0.1391858179986047
36,-0.6636247998606327,1.5453327108219206,0.9837414883311228,0.8697020756571311,-0.1999998914651682,-0.2513625258742695
2,0.1024563427707989,0.4166125423728407,1.8717141757395608,1.511179505507855,0.1998963088993789,-0.3290300430670985
2,0.0070796732491077,0.1410113635179958,1.8280869285252432,1.4386906750504704,-0.1764213313687229,0.3416346190487573
13,-0.2858824141949627,1.066678227633291,1.6763266521182398,1.840164387594032,0.1999404094968414,-0.2502263373480978
43,-0.951176890644609,1.2018593956951558,0.8068502778795104,1.1707214481125858,-0.2000000099099635,0.0420867012006639
10,-0.1036437532063893,0.5286176767561053,1.938646988072668,1.967689271731828,0.2000000099932708,-0.1941257334354915
34,-0.5330724067633451,1.7344474421295173,1.0863298262145855,0.8277429374718307,0.2000000098004072,-0.2761710855542635
28,-0.343119221989934,2.1019484625621714,1.2751595611360411,1.3409231324087725,-0.1186185195483309,0.2810117210449254
8,0.0773727230685922,0.337909006861007,1.530537969493542,1.5712244509944182,0.2000000099655062,0.6476384916818732
47,-1.041527248721718,0.738938068810746,1.565174975516668,1.276591873348797,-0.2000000098188027,0.1244856220778157
49,-1.104190730994826,0.5938760174901616,1.776644394303636,0.920146709528452,0.2000000099756641,0.6726398197434595
47,-1.0515708850150622,0.7978386362816566,1.3721711235728602,1.3958418488763291,-0.2000000099386337,0.2249672850557628
43,-1.0188675060384689,1.041367794629557,0.9607665623214584,1.343720538415507,-0.2000000076562409,0.0797964819722482
8,-0.0754748263229414,0.4073135501416347,2.1349196630206446,1.701576990297024,0.1999684528273702,-0.0547565158101013
44,-1.0270102118500408,0.9836651826919032,1.0673981616881232,1.3724108131231754,-0.2000000082445806,0.0857044914880478
38,-0.8246822401922496,1.3909834441057356,0.8680667368259438,0.8314773598001902,0.2000000094788274,-0.1031049080405054
15,-0.2320282290281937,1.05477426790465,1.6775735216822962,1.8976808391230235,0.199984747069791,0.1230713927042063
24,-0.3836094042497465,1.8579395604196447,1.2978603291001658,1.5056687382831888,0.0637480592117665,-0.1809427966388758
2,0.031072879398136,0.0973829601904217,1.853965343036924,1.4471408380885298,0.0515790013787973,0.3751663250875803
19,-0.3719109045917503,1.575899068771455,1.4408885511246066,1.6517695852848604,0.1655452750534942,-0.2102998948959929
27,-0.3322312279760733,2.100680415607066,1.2884910117924528,1.3431520166600683,-0.0851509206517508,0.319500685365471
24,-0.3470175530790653,1.843611174698892,1.265083328881536,1.4914499639571392,0.1999592675771678,-0.0125291080903757
14,-0.204657452744871,0.9325941668190608,1.7095046947386603,1.9468221674510284,0.1999941500663759,0.1056087866784896
29,-0.3740776056394705,2.080221491173013,1.4929764057185988,1.2636492474610186,-0.2000000098396473,-0.3905096731037091
15,-0.2989785552647116,1.12893159652852,1.676652762168322,1.870616388063739,0.1999780050450488,-0.1084824603854591
10,-0.1140583019112616,0.518781628720054,2.001871599876557,1.89527974518934,0.2000000099547648,-0.3059736358426337
31,-0.3666043877465451,1.93986491522574,1.4506366858866553,1.1704676972490058,-0.1999999835117812,0.0316319929529742
5,-0.0302241679679041,0.1721725005393319,2.2004611353066306,1.4295462133782004,0.1995254249718571,0.0820857735813085
23,-0.4076142222685505,1.7231803861209904,1.4952840088543038,1.58456960835297,0.1999300734326251,-0.1549843065857586
17,-0.1385138100659824,1.203619955661582,1.787274555363927,2.023945744207506,0.2000000099576133,0.1316491600085718
12,-0.2007248203676127,0.7084135104904219,1.790585228302751,1.9526375898303647,0.2000000099436104,-0.2334314668018949
28,-0.3523915941146264,2.0502062082554096,1.2025861899044852,1.384617124525941,0.1999962319610429,0.428120335292576
19,-0.2719337878021787,1.3954570591624096,1.690444060662065,1.8759062933168007,0.2000000099413172,-0.183721180443711
11,-0.2052572792232956,0.7084131447561199,1.782861732938562,1.9529158683618204,0.1999582812464686,-0.1300657480444379
18,-0.3495799279796302,1.3582907153000512,1.6271022607763903,1.682425270902448,0.1997921949947108,-0.1704116959219851
37,-0.6812750261646637,1.4957806238830642,0.9305150947209936,0.8798780047556166,-0.2000000070411128,-0.0100353980804387
14,-0.2019215238827897,0.9557504009705924,1.7130020121720175,1.953156170280044,0.1999804262203874,0.068100655741638
4,-0.0652666689035143,0.1028293216190441,1.9716287879881005,1.3243491621699652,0.1036563639950731,0.3025082337961571
34,-0.5792307125234903,1.6259253706561498,1.0312593477454524,0.8803904391039131,0.2000000095668967,-0.1581707815259512
26,-0.3576161817308946,1.9868450748982065,1.5028846143421273,1.1917928788608143,-0.1103701524331385,0.0809630634164966
0,-0.0999999999999998,0.2388888888888888,1.5707963267948966,1.5707963267948966,-0.1999399601009763,0.412871109669042
46,-1.040232028732376,0.7842714015125614,1.2123325812306742,1.362116169944727,-0.1190146736792169,0.2510575601975901
15,-0.3283858687094982,1.0012466291357769,1.6459933976319174,1.8243666979789763,0.1999986973702557,-0.1913054862164115
39,-0.8573129615749205,1.3856333654876465,0.6760353530433516,0.9209622847593608,-0.1552873607546823,-0.2092309448192634
37,-0.6346042242196762,1.6057242447852558,0.9925933907778244,0.8377342503581312,-0.200000009957718,-0.2992620518900054
4,0.0288248803913377,0.1023575921126516,2.101672866442476,1.3225814526995372,0.1750116959367786,0.2256910176656117
37,-0.7872832655803442,1.425192474859901,0.8705980071668982,0.8816991538220456,-0.1623918817444745,-0.240140648217291
3,0.0995923031213515,0.3349248124532674,1.5276225107398371,1.5783286359989728,-0.1995073292601616,0.1731316374376965
45,-1.0126784689742243,0.9269568556436244,0.9840213442828992,1.3353145847403989,-0.2000000064228228,0.3666083464529795
1,0.0092275191091613,0.30695267949416,1.7969090799477438,1.471814632744827,-0.0844724975710455,0.1590944198740068
18,-0.3782161459253725,1.3642996289952047,1.575411676489983,1.7205732123905515,0.141080967403685,-0.0822279275218057
29,-0.3781945700298251,2.068077069049704,1.499837284037147,1.2499126343548763,-0.2000000098377371,-0.3958507154314331
41,-0.9343524551723258,1.17158122703364,0.705695135752514,1.2055663688678304,-0.1999999030024354,0.5042892260591164
20,-0.336439896841441,1.459982001696802,1.5592624406006674,1.6436827585218308,0.2000000096696054,-0.6314065211501259
15,-0.3168191020181948,1.1416679346051175,1.640504458048616,1.7986823937839471,0.1999774393056933,-0.0954889922109494
24,-0.364361372236808,1.8429211018541665,1.2996519231121315,1.5289069113696228,0.1999608342671816,-0.0774424826284048
12,-0.2284315807141593,0.7879635174957335,1.743071069070373,1.9241108348372524,0.1999884843225228,-0.1304612868195488
30,-0.3696455222674749,2.0160130581724287,1.3560462976482253,1.2958265613420277,-0.1879181084479981,0.2661492383213126
0,-0.0777777777777776,0.2166666666666666,1.5707963267948966,1.5707963267948966,0.1999402739304818,-0.1524899648880527
32,-0.4132640023328836,1.8342930305585656,1.5140869515624384,1.5515772567912265,-0.1574932640783283,0.2339627166555562
5,-0.0083443301227454,0.1466534964002871,2.225527397993164,1.4155995252446754,0.1999599957926336,0.1099518731099888
5,-0.027870070137988,0.1131662283248108,2.2474516416576247,1.47367741732756,0.1999525259105769,0.0459130390682551
5,0.0613777824275059,0.2304890874802547,2.2117747078326087,1.4545781961137694,0.1999391876063614,0.196245495727104
30,-0.3763165230177303,2.0025373696589868,1.4139136421170573,1.2755413125127797,-0.1999793461453925,0.2087544248446059
29,-0.3535444922850054,2.008532553342349,1.525253446241454,1.2051375145687,-0.1232560036373935,0.0530669099855218
24,-0.3809207572983426,1.877807605848846,1.3157954635706286,1.540925844342563,-0.017753074533359,-0.2299524352695664
21,-0.3769255202337873,1.6077435452682929,1.4630648950722556,1.6422006932771358,0.0762233390333355,-0.0644371491064431
23,-0.3515746668806973,1.936428624602676,1.3524018371391926,1.4489310634177386,-0.0254719957403522,-0.1275681561844024
33,-0.4953179270802282,1.7809193053449268,1.1770785796132426,0.8618896548133149,0.0058196214255312,-0.3838231429624944
1,-0.0788535076834455,0.2388408579573162,1.6217170129878973,1.5426700350218858,-0.1998191354641937,0.1788027878625503
7,0.0996180699276053,0.2775309316168666,1.5185544351723532,1.5822809538953169,0.200000009994136,0.6489439020158252
1,-0.0555167658270802,0.2805986975708331,1.5838494981315474,1.5669984148237608,-0.1997735694462531,0.2589519548237546
37,-0.7184986108571935,1.4728705236855797,0.900914236032639,0.8890301464413188,-0.199999914164176,-0.0651564563837554
47,-1.0281211075754095,0.9160621240870744,1.2663902189823342,1.4162433283103866,-0.2000000099743336,0.2901302035242534
48,-1.0817555693177858,0.676845777020129,1.752349839606557,1.212723391785448,-0.2000000099777086,0.1769815039476998
47,-1.0300880824478884,0.7246846923271699,1.4228912303831915,1.3622363198793122,-0.1456413309827675,0.6607967660344013
19,-0.371921697746589,1.4924596763666442,1.5031595463540892,1.6671637084485362,0.1991783066025649,-0.2272699968793134
11,-0.1095944148289588,0.654862088931448,1.889320054152284,2.038194557169104,0.1999907801097022,-0.0143079748705388
10,-0.1549931586701503,0.6121061662065446,1.8421042981233933,2.004395933552133,0.1999598887656207,-0.0941853076902494
10,-0.1431093399006807,0.4686019453831026,1.897898399331842,1.9547087977596544,0.2000000099617836,-0.2426717882542018
15,-0.2172859078892266,0.98534772053618,1.714846977093492,1.941082425705447,0.2000000099934513,0.0568580583430904
6,0.1126498228194285,0.2786979973964867,1.896243181905436,1.596359886163251,0.1999288398443877,0.1909320905280849
34,-0.5496691410766289,1.722911499940974,1.0460319491711,0.8149468016473478,0.2000000096731337,-0.2347176418542364
46,-0.973835786493854,1.0638845594082025,0.8175648777422051,1.1751936628367456,-0.2000000100006935,0.2778012580239787
33,-0.5141246403835309,1.7677531269899065,1.2492465848925434,0.9097417107357744,-0.1999940872050652,-0.2936672257430036
31,-0.4088931893266309,1.9157516583736385,1.496801564916914,1.0835110486906252,-0.1999587169745492,-0.1531415717082387
19,-0.3265955006625992,1.4789142388316974,1.5526700327780585,1.683624805805711,0.1998911446098939,0.0399402597739914
14,-0.2458246774637533,0.8889640941522171,1.6622811193254332,1.8470773459348369,0.2000000099664244,0.1619419687358139
7,0.0555390852188004,0.2864815285386862,1.5646289932217936,1.5726190612935884,0.2000000099932608,0.599639291749218
14,-0.3052726271394004,1.1904141714675744,1.6514981547978262,1.8092356135075016,0.1999672848133278,-0.1103387087019978
49,-1.084954840434033,0.6413186047943912,1.7792036599312453,0.9852377404059408,0.2000000099671694,0.6432523287937725
0,0.0111111111111112,0.3277777777777778,1.5707963267948966,1.5707963267948966,-0.1997446137441849,0.4020960407179578
0,0.0555555555555556,0.1944444444444444,1.5707963267948966,1.5707963267948966,0.1995388147093179,-0.2005827059243218
5,-0.1011946039329542,0.3321265459034699,1.4703368070211749,1.5672094315365894,-0.0156593589911516,0.5646030581159235
18,-0.3672494344545559,1.377016202152893,1.5471672351148469,1.6926331622233006,0.1961456690757025,-0.0471942774322411
2,0.078264895135504,0.2913259851769796,1.638818604001079,1.5560472410763544,-0.1998213276517526,0.0662936734437985
16,-0.1516715857943653,1.2248133308016946,1.8394856500115733,2.033693217554656,0.1999804968155407,-0.1409413395211348
44,-1.0104512034125803,0.9651474741749592,0.946234387406383,1.284171692202957,-0.2000000095295035,0.0483767809662711
11,-0.1036718986545162,0.8651193204800791,1.9183557602253296,2.1091325668772085,0.1999749275326619,-0.2320753034041676
48,-1.035540001939827,0.7774465131686541,1.2030479768898823,1.3506541459557229,-0.2000000099960659,0.700134514031789
32,-0.4523293010045604,1.781275913045412,1.3920982452717166,0.9571525298076208,-0.1119253920529422,-0.5059723136168159
44,-1.0088271502266122,1.0425552770376303,0.9877552213754992,1.3182884397366186,-0.2000000099502045,0.1279087300754357
42,-0.9728791295483344,1.0420243333499564,1.0132687979582855,1.3023533305655344,-0.199999979286471,0.3270949236334869
9,0.0644326979752152,0.5526949319126719,2.186679995287836,1.883079270863888,0.1999795867083704,0.0132685848757503
37,-0.6806219257155016,1.5029939928586813,0.9741951386120656,0.9360353816713268,-0.1999999802167485,0.1148984538902488
33,-0.5485750709683421,1.6663281693670684,1.087668010094438,0.8895047880087544,0.1999999760460495,-0.2341153534083772
35,-0.6245928455795812,1.6939264527229485,0.9718188057329992,0.900016940651441,-0.1999998245450402,-0.3049215116207825
29,-0.3594900966158463,1.940966813896532,1.4655770967390875,1.1698879399218451,-0.0427608176547709,0.0623940582769812
18,-0.3626571440176383,1.333819999453557,1.623956008717872,1.6459478503231049,0.1997334587897837,-0.1391296775071459
31,-0.403206034615905,1.9111143029277804,1.531855277781032,1.0748785434666757,-0.1999878271000163,-0.1772150898287518
10,-0.1174549529528978,0.719511040159567,2.03712269017962,2.027357525751162,0.1720604000004674,-0.330326546756486
24,-0.3498754501616956,1.7623147970138384,1.3446136424925663,1.5773934543605777,0.1999844034221671,-0.2171014051031052
6,0.0248561317167082,0.1808063159338808,2.021365269148026,1.315858045686646,0.2000000099936904,-0.0315181688805158
16,-0.3499006986964164,1.2338912105228022,1.644026965894971,1.7593156261689404,0.1999713701967723,-0.1850476367370853
2,-0.0267116839397497,0.0994411563751198,1.897347585358892,1.312287776577615,-0.1606181304921468,0.1491981022309556
31,-0.4317745207947786,1.8398508600558243,1.4704125663873295,1.127921523045261,-0.1999873170693569,-0.0387633124170776
1,-0.0779569571070465,0.2906505912127415,1.6388870189574103,1.5457879990939982,-0.1999458162347039,0.2598796247853305
15,-0.2651318754271493,1.219191348842562,1.7081158412078792,1.850604515333698,0.1999771197500777,-0.1685876390524621
18,-0.3199189798252033,1.2890718014057454,1.5875641191985943,1.6884296627526758,0.2000000099638005,0.2241656180659594
27,-0.3437822335898911,2.1808178567796737,1.312881507971559,1.3495524737839355,-0.200000009006082,-0.2143372124889001
12,-0.2249399285284729,0.7370207911711268,1.760031365850244,1.95109419800819,0.1999911901843834,-0.1181421628621663
9,0.1037004958463453,0.6398029056754237,2.139088244238172,1.6770434367476272,0.1998302939732899,-0.0137124537309407
8,-0.0763966672259825,0.3150233215269069,2.0949270288136344,1.861176641969136,0.2000000099930853,-0.4203829370598569
14,-0.2486294808599384,0.9339489417343564,1.6611001277950148,1.8469051664459644,0.1999846927515136,0.1443774487425014
0,-0.0333333333333332,0.1722222222222222,1.5707963267948966,1.5707963267948966,0.1873025034042345,0.019629576024689
15,-0.2551580351133384,1.0618737822611768,1.6828910910862396,1.906048920786917,0.1999923487061037,-0.1054232691405824
49,-1.0447629915584078,0.6744684915653304,1.8231505687024927,1.1616408384614416,0.2000000099925623,4.809819090967344
38,-0.786046959031243,1.437950972953742,0.7494126370867081,0.9081255414399424,-0.1999999016224629,0.0577416541167867
48,-1.0702748942443774,0.6698811462691584,1.7190989414837698,1.0804174114609475,-0.1439599377113071,0.2159639143720541
2,-0.0353542453536815,0.2206307188660358,1.769024551906858,1.4803548247201803,-0.0849279649204653,0.3204098466170481
3,-0.0350669667753498,0.1533191602560626,1.9661287838720904,1.4223396711885934,-0.1458696053189466,0.2254470040365369
42,-0.9621203280826592,1.0595334880236815,0.8418468768384795,1.277421931583799,-0.024440256519378,0.4168820922464912
30,-0.3733104395330527,1.960661773369569,1.5964889840137162,1.1497072478250208,-0.1999765200023637,-0.1085940904848985
25,-0.3278437314440666,2.00649593383933,1.177631472298179,1.3855403903915515,0.1913212087749636,0.3842964036626399
22,-0.3345552754550092,1.550960567725254,1.538531412431274,1.6540206759418357,0.1999689857577581,-0.1494814534801896
27,-0.3340076448282715,2.091223012333911,1.413321466737982,1.3060562784659084,-0.1999145534145137,0.050682137565159
26,-0.3690953962311182,1.9919496742208265,1.1717133834309308,1.411464311937752,0.1998719743046863,0.1259781137946407
5,0.0516666929662354,0.2150654458760759,2.1415859843280654,1.3374769408248397,0.1900378252524605,0.2095228062886466
27,-0.3727344708410279,1.98921406876418,1.476663346463118,1.2257617877630105,-0.0596490530756407,0.0402052704240202
6,-0.0999298988570076,0.2874658907389654,1.624177825697933,1.5493264858212925,0.1421791113356957,0.4683536646344227
36,-0.6624398392225246,1.5201157123708888,0.9003284769740443,0.8722191147583628,-0.2000000080084751,0.1047336539926071
43,-0.9842237693456408,0.975072053544567,1.0219070660558085,1.3558569256097752,0.1999996504404294,0.3003542524548617
12,-0.2371004719499475,0.7649431656840099,1.7516569616880755,1.920596864823743,0.1999628127350082,-0.1109694470181971
13,-0.1996788508444282,1.0342079521850365,1.7290871711623717,1.97710854478184,0.1999833824636474,-0.0570777088895282
6,0.0108713484416312,0.2517542295322725,2.255281844237123,1.7564604981132228,0.199954064104774,-0.0428749743507095
24,-0.3481627870458448,1.7968787738190557,1.2876212681320052,1.5478308909609415,0.1999892830711691,-0.2055797539226203
20,-0.3314053384709982,1.5716511913101134,1.50788248057035,1.666946794209512,0.0617668673756914,-0.0482449332045039
31,-0.4028346633775987,1.9360458984514428,1.4849207858231406,1.1540572609453172,-0.1999982136481833,-0.0376757616686821
29,-0.3177490492762471,2.087603332151628,1.219597996273313,1.3962768599216837,0.1999942254052604,0.2301639530850655
31,-0.3861592559319502,1.966817164316083,1.3759450680252652,1.2745448464940037,-0.1999999209056583,0.2287553991251124
14,-0.2958854651391571,0.9160513269305288,1.6624848346105578,1.8015518219201263,0.1999835190724322,-0.0546802112721917
7,-0.0109477924702556,0.3273817318955138,2.255125285540968,1.906703179895388,0.1999803813983371,-0.2179346357136291
48,-1.0296059773894852,0.7268017959651664,1.4197539771583418,1.3649502308876615,-0.2000000099529739,0.484969415418933
5,-0.0589924430498137,0.3466033574465995,2.035240520365245,1.3664637734527847,0.1480014458344042,0.2947836462486762
28,-0.3218579166003318,2.069868613922846,1.458405097075973,1.2719351244642232,-0.1527553403088295,0.1726396994942949
8,-0.062174728006792,0.3791505265280538,2.1905420531868582,1.7746085737299415,0.1999806444862455,-0.1525910202308102
14,-0.2723913813933759,1.0150944480387512,1.7161940606918673,1.922671138058338,0.1999724540569816,-0.1158164467428468
25,-0.3735097012030111,1.94321290776776,1.188435730585132,1.4684427507197293,0.199853013769977,-0.0335641760765823
2,-0.0017788391093435,0.080826781265913,1.9207523028042648,1.3218609581025167,-0.0989835110250249,0.2116942182395488
3,0.0247487836424243,0.1272002742355968,2.046939388909612,1.3081552710573412,0.0147901361301434,0.2002220505646238
5,-0.0727794458741619,0.287934977017625,2.077736680456672,1.482051534724182,0.071616356272047,0.1697300348693047
34,-0.5740522396592761,1.6942829044799292,1.0036814408984522,0.805945062496096,0.2000000097393702,-0.2061577127775237
45,-0.9928309902106062,0.9893300160617472,1.3451175433931497,1.3618372545408093,-0.2000000099940047,-0.0184237303394525
33,-0.4793590248217083,1.800796047268521,1.379063087576304,0.9969464525851348,-0.1999999310534729,-0.4102016874207522
35,-0.5832167301058848,1.6563693755517053,1.1028484600272517,0.9043045667354028,-0.1999999183162498,-0.2601158454239679
40,-0.8968686687069153,1.321913298323375,0.7454730021443705,1.0381791085395151,-0.2000000053018644,-0.1308063675029417
8,-0.0248657404786634,0.3946887018289098,2.1820247965541224,1.8286135740599463,0.1999896421329418,-0.0923541477173773
9,-0.1263792040363209,0.6934247223743149,1.9655670086529595,1.957732953371132,0.1999292903248241,-0.267505581492295
17,-0.309625796273319,1.1851826158275889,1.5974283898856978,1.705198336009743,0.2000000099655317,0.222106061378866
25,-0.347097304966904,1.858012797112798,1.2439763704922535,1.529897406307262,0.1999808856587225,-0.1586574947758409
1,0.0290222956836434,0.1651724834791494,1.7571063437793777,1.463522830407748,-0.1999194281303243,0.2664924498146911
27,-0.3069530820165616,2.0960424749534208,1.3168257857349257,1.307264513562802,-0.0332906042550588,0.3258945092509799
19,-0.3704648740745197,1.4728079130992702,1.511482493081365,1.6794618496787126,0.1997443192989337,-0.2019100334906609
45,-1.0009996867294364,0.8875137430016306,1.12875118578342,1.402133646423788,-0.0045528090801164,0.4601468161919821
22,-0.3833976622374005,1.717693279786689,1.3687494407084326,1.572773517236303,0.1561461480849031,-0.031942965533871
32,-0.4652401143820452,1.813501795305481,1.382851174882354,0.914581772545696,-0.1504010403111494,-0.5191681643773549
15,-0.2914405813465634,0.9603352954327736,1.7518765899029116,1.9584617120671544,0.2000000099941534,-0.2676233326965757
30,-0.36769880230604,1.9672798398681923,1.5314178967687655,1.1912714628392604,-0.1999862160356145,0.0064734512166099
31,-0.3908157141407494,1.9479898912828624,1.4822803484883649,1.1891227322114029,-0.1998834751340917,0.0983617899578107
41,-0.8734501437258114,1.3077684762038666,0.657963655010581,1.057609352787202,-0.2000000099928195,0.0515682983352412
40,-0.7707161595312781,1.4036250279592415,0.832246015179491,0.9441670275350768,-0.2000000098872744,-0.1419574456007462
3,0.0537245598652483,0.1520373965823908,2.049252227940832,1.375731412921728,-0.0693767034449549,0.1700153510756614
12,-0.187860319861037,0.8475242178024938,1.865332725518618,2.0047271221226675,0.1999656527109422,-0.1925667735036682
5,-0.0363374845252433,0.1260251404011911,2.1962790648129324,1.3179186898030866,0.1998856937522547,0.1316641475538939
22,-0.3782760321813727,1.573939130704008,1.4805348264661171,1.625667736776092,0.1954834901051135,-0.1417945228815226
12,-0.2287138930444566,0.8557448816786666,1.73580272967485,1.924650267967016,0.1999772657208771,-0.1393085087456244
40,-0.877913018517883,1.3590410115499236,0.6616547117617468,0.9544972244447888,-0.2000000091129231,-0.1229077339962669
5,0.0618902328726038,0.2432070887521649,2.2893027822163443,1.4927881913024066,0.1999816569841485,0.141433524855691
1,0.0327848499581945,0.1195145144529847,1.6662755916502814,1.53221740024565,-0.1965725053520749,0.5469288844501724
4,0.0596670812893972,0.2158932566015243,2.155528695383344,1.4269773590959436,-0.0207113793911692,0.154828843143033
30,-0.3666305517208966,2.0296811035870927,1.3638849864390237,1.2895856607852536,-0.1999999166846974,0.2484771108945311
28,-0.3584244489336777,1.9435135338568303,1.4644689383592944,1.169557974766776,0.0143212683581541,0.1669730669118852
16,-0.3338346449563505,1.216784974469632,1.6369575532760958,1.811884072859507,0.1999893241875592,-0.2685141240717653
9,-0.0292120756082425,0.4542600971021639,2.1629033098605017,2.004913396819142,0.2000000099930858,-0.4748082894069039
20,-0.3720936461421726,1.6428310777725,1.2705760430113302,1.6329235390720809,0.1999107733695727,0.1431780480086136
20,-0.3684015370678079,1.4697392648005891,1.5449008802559714,1.6551227501392984,0.0911030065989792,-0.1128520015599459
49,-1.0246607988485543,0.7961291882891233,2.0331824431803565,1.6141976763818089,0.2000000098727366,4.389755341123698
11,-0.1923138445921875,0.7442473999932032,1.807295830049787,1.9477806100807789,0.1999141686029135,-0.191801635151016
10,-0.1390836554651811,0.6147608469697641,1.8973143371961816,1.9718066596705903,0.1999528757858904,-0.1040868885041852
38,-0.8289188998319909,1.4207379746135895,0.7102651829507689,0.8753296162518815,-0.2000000099786113,-0.1318434786124133
17,-0.3396024900307534,1.2484233679997927,1.601940701215461,1.7224826628192855,0.1999732406180155,0.0220973370401931
6,0.0620018244195375,0.3284085075614301,2.214762375750814,1.5175741415818815,0.1999245671659959,0.1472029888482476
38,-0.7977741650215943,1.3599162933911737,0.8226121301439147,0.8911088089788838,-0.2000000091680387,0.0722730156917575
0,0.0555555555555556,0.1944444444444444,1.5707963267948966,1.5707963267948966,0.1995388147093179,-0.2005827059243218
7,0.011215377073187,0.3204494075330804,2.2663893746819834,1.708093312855142,0.199978330094859,-0.0540589609346948
2,-0.1015209897872233,0.318909305226864,1.4379425580289702,1.5824771245930631,0.080620667460914,-0.145744531324371
4,-0.0255854875357553,0.1427156189998854,2.1107450957086424,1.2206076253819345,0.0621274412009228,0.1059779575267435
7,-0.0606579564286283,0.4522575742873976,2.1501751179483275,1.7776371171021288,0.1999810654028649,-0.0793934550050678
16,-0.3315767585021231,1.1004116388897622,1.577556550166648,1.742944089516363,0.1999917531783992,0.1372920531348846
20,-0.3503653944862744,1.5011458066410448,1.485566566759024,1.732653580952671,0.1904698528987861,0.0468661512904308
31,-0.394556911932408,1.88506306513188,1.500552847110901,1.558438806888376,-0.2000000099405415,0.2616588410105985
38,-0.8217567398876183,1.4452708987081353,0.8514646785941462,0.9293972495639454,-0.0586756907483596,-0.2814851594051264
0,-0.0111111111111109,0.1944444444444444,1.5707963267948966,1.5707963267948966,-0.1999373627620227,0.3806528055010543
49,-1.0682058642423564,0.6641252394103775,2.0302773723986487,1.0644436949234084,0.2000000099578688,0.4636877813881098
21,-0.3439570125239163,1.5852309949604888,1.4957395354893546,1.621308800696262,0.1999325492299936,-0.0010335478529756
27,-0.3276354469941721,2.023916611733492,1.4296058724310736,1.2501638703388736,-0.0521795782439216,0.2639123908302725
22,-0.3437009718293163,1.5945976935656263,1.4402909773078303,1.6025413302251883,0.1999841698479082,-0.0619733407825294
49,-1.0669491020713435,0.67242326257402,1.7040530322727303,1.0912188053835306,0.2000000099892606,0.8010196244625855
0,-0.0333333333333332,0.2833333333333333,1.5707963267948966,1.5707963267948966,0.1911810565032789,-0.0929537518650378
18,-0.347722933825035,1.2759928032565786,1.598694578805242,1.7020578579084191,0.2000000099674972,-0.001923397200964
19,-0.292178635568401,1.475921051034734,1.5116182480286362,1.8418243716946328,0.1999184958523107,-0.1007770363813314
26,-0.3102699275930337,2.080224781668492,1.4599573920157294,1.225364185611762,-0.1736252067272671,0.0413213723026796
13,-0.1979686132011484,0.911177926703502,1.747557577737842,1.957983102201726,0.1999593351493624,0.017504460382726
18,-0.3747091408740615,1.3787689471265694,1.5369492220368723,1.6705069939618398,0.1996784302543552,-0.104448182530901
13,-0.2089821335930609,0.9217959998059836,1.7631613808360438,1.9938144568635527,0.1999531258145108,-0.1191139624779531
28,-0.3486960070339538,2.116069303318469,1.3204993019488196,1.3199284453684963,-0.1994065387166278,0.0809103786114221
11,-0.1747216035107338,0.646108876390125,1.8167925337937216,2.033299358527735,0.1999816403240559,-0.1785158191573329
16,-0.3519812613159039,1.2215299750994273,1.6106897527959685,1.7275747192115616,0.1999715258778866,-0.1241090010824279
40,-0.858883789847505,1.3896246687114706,0.796460704007421,0.9771643033755928,-0.200000009932984,-0.1859403979948614
11,-0.1783860920008035,0.6326225507957172,1.8532817485418656,2.0225672499780862,0.199995155104949,-0.2698861650604309
2,-0.1006279366682032,0.2977923126176523,1.501747922101293,1.5822244659274922,0.1294544643418184,-0.1849810465966414
26,-0.3736954170770289,1.989129366581412,1.23730838770536,1.4675048298880995,-0.0611013454962849,-0.229151854388708
1,0.0076485784382941,0.1512298027333674,1.7393011609700064,1.4777770405920123,-0.199966193853818,0.2734160878784917
29,-0.36750847150708,2.003621246510298,1.4677365426752609,1.218173722343277,0.0064588915296381,0.0424586260665929
21,-0.2798578889741888,1.6393440757024116,1.4850388775256018,1.7452497694303564,0.1999813399901805,-0.1200379923031543
11,-0.1230570989169622,0.7440577689941759,1.8992925439842352,2.0373529250929727,0.1999749996215679,-0.1321445689167127
28,-0.3504456606456226,2.089081995413648,1.3547483729806284,1.3096714093284627,-0.1598947104760016,0.0736250430586574
32,-0.4088049714456672,1.9075255075490969,1.4893928478148322,1.142233423208608,-0.1999999307273757,-0.022920307896324
24,-0.3871356145346032,1.7889229263755042,1.3566890555110316,1.539460439221222,0.1998358097862723,-0.1678468302837133
33,-0.4801395559897164,1.7958081793607714,1.235496443757091,0.8779658282891264,-0.0512757431730261,-0.4291111981992456
16,-0.2835713605469427,1.140088446582507,1.6240324909475188,1.7864247596407734,0.1999665312530498,0.1697498108544583
21,-0.3760780914724294,1.6677733170931073,1.4256388107922415,1.6034122893930929,0.1002444406703539,-0.0039203397202663
25,-0.3429108809025353,1.9250354297369208,1.1498355055835583,1.4706355484587097,0.1999701945266556,0.2123526479974498
3,0.0772757518859114,0.2978883027498344,1.4995667776700596,1.5844847477933297,-0.1997761961965597,0.2537216450402314
0,0.0777777777777779,0.15,1.5707963267948966,1.5707963267948966,0.1996056490821235,-0.2758509773550067
1,0.0998639757709707,0.2294921047262982,1.5433689887311797,1.5778841285682954,-0.1999287101201458,0.0663337565651004
28,-0.3659235717339523,2.027800072521095,1.1769362735238411,1.3843185592189482,0.1999960891039574,0.4428435059221301
2,0.0789012242559524,0.3865767974590208,1.7624698440220694,1.5237123694280357,-0.1244643782800965,0.5281609697244966
9,0.0107100210312185,0.4558448377123439,2.203310472020183,1.9531578868406696,0.2000000099546502,-0.4457505619454449
38,-0.8117675067734745,1.3991960153800862,0.7275791103993616,0.9316990344115892,-0.1999999027352871,-0.0085484876790819
31,-0.407722867480384,1.909293009378425,1.4907238903131823,1.1458905935626424,-0.1999859329038874,-0.0148198089267205
1,-0.0347319096793329,0.1875688900668576,1.704067544141088,1.5100684240791873,-0.1996328444974302,0.352629616116039
24,-0.3432376360903998,1.875149660935351,1.243175913640533,1.4849674217030846,0.1999686232220474,0.0153907808957998
27,-0.3174079822953791,2.100379160080892,1.4181170957770686,1.3146767759924027,-0.1997441516826356,0.1799581108034232
14,-0.272239525278353,0.9481582794780268,1.698911060639892,1.857409418216548,0.199978507412754,-0.0767643944788868
4,0.000562327833797,0.073838552442183,2.141745316714226,1.2698060930795076,0.1880151748633212,0.1976692315253234
43,-0.9416285627797664,1.0992440516459134,0.8366543809559683,1.1389619983767687,-0.2000000081830157,-0.0247508228235026
23,-0.3488251296645398,1.752874960668823,1.3353613140669207,1.5875174717369906,0.1999248496065881,-0.1618428099766885
13,-0.2318109796743383,0.9422799769837572,1.7297323616829257,1.9639602360374635,0.1999847330192387,-0.097202566793381
31,-0.4076828667955432,1.93747364575962,1.4768648772176842,1.1608985544648216,-0.1999980291005199,-0.0077039446030767
43,-1.0135452206507551,0.9527030399299916,0.9429531125959496,1.2865226794388598,-0.157576605520434,-0.0811147855857396
26,-0.3677565131065994,1.9884367240425704,1.1461244347181658,1.4425770537620457,0.1999182686473227,0.1154691200859058
4,-0.0657984968326736,0.1060299088859023,2.116678907951446,1.27599414458635,0.0850780994337116,0.0660983755200333
14,-0.2046043426284459,0.9061456795286668,1.7096975120392184,1.945197458632569,0.2000000099686579,0.1155279033949286
14,-0.1207424505065846,1.015939090994758,1.8466867777195315,2.051474904166815,0.1999929096966335,0.0179513316477153
33,-0.4725258095517061,1.8031831372628968,1.232125231125627,0.8747121208625744,-0.0045819852145429,-0.4164005441625982
23,-0.3709119336834929,1.7848803931632922,1.3701855025035812,1.535795058002846,0.1998048406608389,-0.0612540470543452
3,0.0172521880778925,0.2070703256304852,1.9927546391871316,1.2561855626867982,0.1526002457941425,0.1858395957277575
39,-0.8019934560275367,1.4632920086485768,0.857176655032907,0.9078738995581912,-0.2000000079765188,-0.2935706904018837
42,-0.939946200180992,1.1234810653496212,0.7419632087138037,1.2041051380861143,-0.1478834624377705,0.4459604469702587
41,-0.9002525542767513,1.3272644762109702,0.6607844131675105,0.9978479250583884,-0.2000000099463792,-0.0603233647003607
6,0.0142429477146703,0.2318858704548551,2.261229445287261,1.661393207223719,0.1999453972162064,0.0124538960498494
47,-1.0299344490504994,0.7084489868066016,2.1477873484280448,1.1278310766621649,-0.1216238950259804,-0.1862162753333152
16,-0.3115367836650646,1.092322720461189,1.599095390239034,1.7535800560036707,0.2000000099435365,0.1600313383415229
33,-0.4335498589807758,1.834195290550046,1.4697416062143187,1.148757450475168,-0.1999999963182226,-0.0084941774649871
6,-0.0293096184701069,0.3644788109276459,2.2430265034225325,1.6755400504379232,0.1995123821594001,-0.0449106410141288
23,-0.3734173093018385,1.6537627548271268,1.4329573298480849,1.6158415917436368,0.1998182485113487,-0.2013279565113956
0,0.0777777777777779,0.1722222222222222,1.5707963267948966,1.5707963267948966,-0.1998398960524347,0.0661424112394177
5,-0.0058436245689356,0.1771087964996728,2.258013696470533,1.4745563064028642,0.19989663839871,0.0358917156154008
12,-0.20915737173081,0.9007236780860622,1.7928000996497016,2.0205813572581963,0.1792226920120183,-0.1870859017598885
16,-0.2689619896966311,1.1997489988992134,1.635485795387302,1.8207317549815416,0.1999714298171971,0.1353948978396548
28,-0.2911309360096176,2.1573306008500537,1.3581967624512057,1.2879441739488362,-0.1999582959131025,0.2522297761581108
25,-0.3768368509517921,1.8660257035184027,1.2871933365848405,1.519540860929247,0.1998786137874373,-0.2506525241114682
10,-0.1271677826625109,0.6542828002709725,1.912652333327804,2.0518142887982327,0.1999552714730117,-0.2250730904108536
42,-0.939107286162298,1.1304689459916166,0.7525026212122778,1.2090428468539731,-0.1455761920787021,0.4427983753008751
48,-1.0386642182081085,0.6913983624121541,1.634750292697225,1.2647316485494662,-0.2000000099475769,0.2713262040105916
9,-0.0989148355671713,0.4582177997900874,2.0062008361008505,2.105125864432295,0.1999962235032498,-0.304806949597022
2,-0.0273385661258614,0.2133668234059546,1.89671399543551,1.3029454745253066,0.0335582843697551,0.0803045145793717
0,-0.0777777777777776,0.2833333333333333,1.5707963267948966,1.5707963267948966,0.1997182121031898,-0.3612153276471244
11,-0.0793815996657367,0.6845074305065877,1.9533919925477845,2.0687504684176665,0.1999712727465539,-0.0716434518110277
10,-0.1042983675917296,0.6629026372137503,1.9268702315774304,2.1062238757967133,0.1999578136570766,-0.2367892616072118
5,-0.0755584720326312,0.260702574931846,1.9515613942083456,1.4732167291496563,-0.0332896188519948,0.2968914431526255
15,-0.293364005502111,0.9234436796697584,1.6571874069657664,1.8163217832269165,0.2000000099845914,-0.1120539745278303
32,-0.42714919131142,1.8440571441197464,1.474421595284019,1.145811509883485,-0.1999999774680324,-0.0176907548713386
38,-0.8302232608472088,1.3866585368188136,0.6974788632879472,1.009031856852327,-0.1999991284227685,0.1111744858152035
10,0.0400782673466794,0.6800978618413329,2.207936915361969,1.9447677708561928,0.1999908186809798,-0.0617340557436446
39,-0.8357933257147309,1.4037600201343006,0.824577254303966,0.9522663910404652,-0.1514848442205787,-0.2367259725229657
27,-0.3564883569880426,2.07379128651017,1.1500753997774265,1.3845550133032374,0.1587499236686084,0.2402052909147948
39,-0.8436099920407635,1.3995967140698249,0.8212086866286139,0.9638382540503486,-0.0909140105780782,-0.231450085576523
13,-0.2837475015415301,0.8695142217548296,1.6669910069832226,1.8261417739610468,0.1999771022152054,-0.0584808409037518
47,-1.0397860566710952,0.7605305525689073,1.247055192538772,1.3499949108859952,-0.2000000098655242,0.6638326116329917
31,-0.4079021285134923,1.8943276333790573,1.4143830249693732,0.9839870819586573,-0.1999792013024633,-0.2679347851202456
14,-0.2563591582870171,0.8665403826661703,1.6958197625961642,1.8902455717376945,0.2000000099932221,-0.1486126747009065
21,-0.3714975998512521,1.6277831606610087,1.4557188163187842,1.633192226539954,0.1996062764539185,0.018225509012444
1,0.1001907686669793,0.3375748144500472,1.612251334884439,1.5598230199945016,0.1686142523430077,-0.3525400521835928
37,-0.722542661127639,1.450742653126355,0.9057030911233764,0.8548759604373097,-0.2000000091950887,-0.1037064816009687
12,-0.1890426948556492,0.7033206820568404,1.7488772804525237,1.9274561905012,0.2000000099545813,0.1098770924793468
25,-0.3801383841744696,1.9250805627420289,1.2315730872240405,1.476400711519292,0.1976835054691956,-0.1529866860976136
19,-0.3885480559233465,1.4650399552419708,1.5367439417776207,1.7056740825933077,0.1998956691039022,-0.1093256674553672
18,-0.309117942508758,1.2988867629681229,1.5907134423640112,1.754353675688953,0.2000000099695623,0.1906072008082135
22,-0.3382020184884001,1.508769880058671,1.5456809448685984,1.6350843977556089,0.1999901744240065,-0.0811570065513675
31,-0.4722474167674522,1.8002010240894415,1.3860793272641043,0.9772257000664368,-0.1999518975355997,-0.4590271865403234
8,-0.0572735323140525,0.3681072364897464,2.201781046637569,1.7756298421459822,0.1999905691524715,-0.155788403236101
25,-0.3317000560997596,1.8289040834932,1.3011014396932463,1.6383326788020554,0.1999952504434659,-0.2566097437564972
5,-0.0043643407481826,0.1767490723273771,2.2779173711922507,1.52895587007144,0.1999574862386454,0.0503853839677199
4,-0.0517545768935953,0.3695674032645406,2.106007636585508,1.4416163476421922,0.1998225184146502,0.2679201902246206
29,-0.3507669884798214,2.0937468566553803,1.3198142247882227,1.3152032364896364,-0.1777891327027545,0.309457632617494
9,0.0987594812253894,0.5821140496237678,2.073349119224821,1.6275516704210946,0.1994752255189317,0.1012271161595902
29,-0.3690719616545377,1.945426808778016,1.5922104484195994,1.112231872909689,0.0716292984219375,-0.1350583591019784
8,0.0066751317897383,0.6247555188522909,2.177033349001084,1.9818024385093664,0.1999628263029711,-0.0946032859766689
2,-0.078839593066028,0.2587084277556306,1.4533699760821204,1.590117194383592,-0.0155711378809454,-0.082103270857854
22,-0.388807658698838,1.6617134634856818,1.4148837058481316,1.591449078382662,0.0343425814374497,-0.1313910665126853
7,0.0540942493681662,0.3931137617647203,2.280898549654756,1.7701762918123776,0.1999800947290671,-0.0249599371009697
18,-0.3605641412694232,1.427817067654313,1.537937213727508,1.7142082752112924,0.1999731534498695,-0.0590474735944628
5,-0.106426390714024,0.18630080527624,1.8526570993152005,1.4078347642898097,0.0301768115340165,0.2846255775808517
6,0.0145600204863296,0.2653933419181815,2.2433907436814646,1.6418794961657273,0.1999658625759622,0.0431923199540656
36,-0.6812978975542748,1.5286827434701935,0.9430544609811644,0.9095389991315186,-0.1999980366560093,-0.0490861459063246
5,-0.0369214440172587,0.1284625859345851,2.158626698949609,1.3661249259516934,0.1999152061179001,0.1638939734056743
43,-0.9760848491659062,1.0097136982742354,0.95228719065455,1.284298043428581,-0.1999999562393219,0.364584541212273
11,-0.0104207480319502,0.7321576553603701,2.16455623597337,2.0349448512204327,0.1999749828759015,-0.1819392515526519
35,-0.6226462266459594,1.5773126338116696,0.9662266532566886,0.9178086581455992,-0.1999889905787196,0.0976486738403407
39,-0.8591034216710851,1.292302479703206,0.8493355486116037,1.0360145655059174,-0.1999989741111026,0.0248453672267666
30,-0.3825930182774485,1.997276025533565,1.4477925981071331,1.236534486589497,-0.1999806433920941,0.1453251663780626
26,-0.3569304949837203,1.9585611110937715,1.5303636277702193,1.1436186473117336,-0.1141404575594532,0.0549262589364429
0,0.1000000000000001,0.2611111111111111,1.5707963267948966,1.5707963267948966,0.1479827513564997,-0.2135011802728961
31,-0.4116274266363083,1.891835718994918,1.5203717961231529,1.028065045946629,-0.1999063687338603,-0.2750412424815968
0,0.1000000000000001,0.1944444444444444,1.5707963267948966,1.5707963267948966,0.1985157296788187,-0.2420414008807337
3,-0.081006673041591,0.1596917677229289,1.7872205274787287,1.4617692998367984,-0.0117794771234186,-0.0322850473962873
22,-0.4098920289018773,1.6246929237007408,1.4635148952391486,1.6267007105694704,0.1089099539398667,-0.1098022396973084
24,-0.3661091950971775,1.8181527082125344,1.3020530600615592,1.5406199077947955,0.1999175584978224,-0.0804156884682306
9,-0.1264836682275497,0.5807493581091459,1.987150223055158,1.930196145279163,0.1999361604972283,-0.2862599345089204
23,-0.3831287898747467,1.8069320193513143,1.321061865487371,1.527143912685649,0.1997792279540272,-0.0414582428693395
9,-0.1268844271041156,0.5711669654780038,1.8971816087749345,2.066530423353464,0.1999279640027557,-0.2131074746829714
6,0.0144243492877192,0.2430071846609114,2.253658258416925,1.6449212420637336,0.1999165953989794,0.0408395263789826
29,-0.3645139864526301,1.9987356617041865,1.5207839120695827,1.2206578739291525,-0.0260724754620204,0.0161223404251381
38,-0.7184804356642479,1.4601040332469677,0.9107679399338108,0.8576626226969022,-0.2000000097170731,-0.1620473579755817
39,-0.7367272089328363,1.5576609987501204,0.962731466689382,0.9292211916228176,-0.200000009887041,-0.310854842257216
44,-0.9778181388574668,1.0321427799227147,1.085147704507046,1.359020595344113,-0.2000000099525907,0.2202725325188201
23,-0.4606474352508019,1.6564561895953265,1.5242389562216143,1.6864710342287652,0.1999838279446753,-0.0712775566937438
47,-1.053558064003682,0.7892663646305976,1.4336881125953536,1.3867259765729618,-0.2000000099084898,0.2661865501780868
11,-0.0917858665806936,0.6843629546171625,1.945930645861898,2.033810649851628,0.1999747590877448,-0.0657339401568762
11,-0.0364579880023499,0.685098687695277,2.084699605652366,2.0522519621642004,0.1999918890354524,-0.1633451916485801
22,-0.3468269227900863,1.91798176339472,1.306382953027336,1.4339383809276884,0.0333530855001386,-0.0093158895266947
48,-1.0392278059369775,0.6908953165228939,1.6658652099457123,1.2482126876353907,-0.2000000099610649,0.2379711286480569
31,-0.427158970141425,1.8590996379704907,1.4693998965111117,1.0633807021510189,-0.1999710528689683,-0.0372919176347024
34,-0.565691651426197,1.6544473937946116,0.9814526113357882,0.9174272854106844,-0.1999847620890171,0.0508844238683379
21,-0.3731487614482819,1.6407485717496142,1.4414587740005649,1.5788026610886492,0.0894022146668385,-0.0002263392943651
18,-0.3711905312983307,1.389791924564546,1.569180571534906,1.6806595461331626,-0.0591662508297428,-0.0021136501438098
12,-0.2046189608643809,0.8790553255526078,1.7671671072628836,1.9619153306893464,0.199976991782176,-0.1545078994498569
48,-1.0984812914540272,0.6355490278195058,1.798982718088899,1.0998762926662693,-0.0760174573568071,0.1587577681900132
42,-0.9160534931245312,1.186497634281224,0.7774552507933716,1.054786293056095,-0.2000000094265382,-0.0959166233840478
1,-0.0332733266050416,0.2678018581932757,1.6257099817183356,1.553294606367929,-0.1998933959390905,0.3770187037070154
43,-0.9654335066506662,1.046476001994444,0.8637923868980746,1.2899287329574478,0.0410735387891973,0.3477486700273899
29,-0.3574057591519202,1.9457340779243484,1.4615449952569346,1.1743953930055806,0.1999696531642354,0.325239710440547
11,-0.1634865361441009,0.6206753772139879,1.828899578252111,1.9917663281307547,0.2000000099583195,-0.0991218201781894
36,-0.6670455479379311,1.5930935750345672,0.8816773975875716,0.8077495600955559,-0.2000000095616744,-0.1484616745185151
23,-0.3492272345134994,1.7109958615525185,1.3697520876911025,1.5868821823450587,0.1999809713694348,-0.1787943995898908
43,-1.026087845954774,0.9757547198288964,1.0650681974974017,1.3712725646880788,-0.2000000046436507,-0.0134676442430714
8,0.0718644722807013,0.4404335506706053,2.21031193505472,1.752110579037968,0.1999766148679187,0.060789694467463
39,-0.8722105237849029,1.2469639125644978,0.82919463241962,0.9976120983583108,-0.1999843188741024,-0.103457431448435
27,-0.3755121275451328,1.960089489970601,1.1296091499414782,1.471712283428724,0.1999762888654749,0.1244834788737239
48,-1.0626040690404608,0.7793822427626229,1.3931739004936556,1.3985837339935676,-0.2000000099949855,0.5041824374455742
38,-0.5631161604251809,1.6391301504497997,1.054342715184894,0.914320110850531,-0.2000000099755745,-0.008736012311224
12,-0.2150060289411697,0.7431813431418466,1.739730440405726,1.957091014907722,0.1999717191159955,-0.1048504186530603
26,-0.3651720847553132,2.005146048973111,1.1692992644992213,1.4265726685494031,0.1999176954168023,0.0747937070576229
6,-0.00738952013094,0.239916706963241,2.289133649160669,1.6571690341804772,0.1999658885481439,-0.068803699447662
16,-0.350142735251035,1.406517677095108,1.563271598019872,1.7226439152315491,0.1999331240074245,-0.0624106288544116
14,-0.2463980267460842,0.937349331015586,1.7132378987431356,1.902304191851591,0.1999814296751985,-0.0868875444543193
24,-0.3488981687901663,1.802182104948301,1.2720126445081572,1.5446087921516032,0.1999834515009702,-0.1833973441173765
15,-0.3154192583728936,0.9997686239653883,1.6293173967464467,1.7697190693561713,0.1999941489983265,-0.0767998783464741
28,-0.3419623847745866,2.0416276545841723,1.4542412104528906,1.260167685126892,-0.0762588409675909,0.1420244715771273
29,-0.3946140822601433,1.919487568378624,1.5233634757485728,1.1299272943539953,0.1999064466342236,0.0645283058192416
28,-0.3477801321560537,1.9982386337748297,1.447038737993655,1.254256264712834,0.0068336008363496,0.2213800264035851
41,-0.881904613696073,1.242184223204806,0.7028457830336432,1.0302913826960656,-0.1999999861358304,0.2280455544596918
3,0.0535848192429104,0.0994216527467211,1.9212151179697847,1.4255132529681098,-0.045977297040059,0.3629189461723522
27,-0.3280827125234992,2.071421215865596,1.3352866634785374,1.3300278846452926,-0.0252922755796291,0.3395952410195089
1,-0.0115597762947187,0.2575372706946969,1.6649961928513388,1.53378387516669,-0.1998549897010709,0.3234688851142925
25,-0.3029666184960506,1.9135146486993164,1.2407492707159855,1.557270675396376,0.1999999892729098,-0.1650294880566428
30,-0.3997912632813007,1.934869891228456,1.4930230295893292,1.1517160940015654,-0.1997678660431572,0.0061318759240922
24,-0.3633607493762863,1.925079146339033,1.3116680505361895,1.573142614302503,-0.0122844131084036,-0.2965799578713431
25,-0.3468439107303028,1.9901560129445788,1.2251719264315688,1.435057968128283,0.1999417034399299,0.0446047070696656
9,-0.1245795306417023,0.4974076103896034,1.9318252923574784,1.9719705821675315,0.1999689703013051,-0.1151224952095773
36,-0.6708900366215832,1.5099588179731371,0.899806466945682,0.8712665263022512,-0.2000000095620697,0.0955139535995174
30,-0.39691063187149,1.9188336893427176,1.5124432193723063,1.1393625861025864,-0.1999902280883897,-0.0862004582554264
10,-0.0586064674257851,0.6071041321507845,2.1475780783828835,2.078534703272044,0.1998787614653883,-0.4461492932396227
29,-0.3631392155354296,1.9393918027703445,1.4633255871620516,1.1823336555614037,-0.0154681718620286,0.0899717239102665
31,-0.468016467332849,1.7792191448737755,1.215358787277017,0.924395896105508,-0.0990557490580938,-0.3858374293842074
32,-0.4658655492760201,1.8135180469745475,1.2793154763665535,0.8968101462178536,-0.1215909952625981,-0.4657534480369446
6,0.0376595026952538,0.3209917051280248,2.234509074189935,1.66385033339657,0.1998132860949263,0.0579647966815434
25,-0.3807842434402445,1.8690640035819348,1.2551796930518488,1.5281203558564151,0.1996973516460318,-0.2039492429955941
31,-0.4350242155292431,1.856232057530808,1.3416286120798926,0.944777803661916,-0.1999765700924733,-0.3364570318386047
29,-0.3651730880161949,2.0316358702530724,1.345591322579656,1.3054262246668782,-0.0871761412472803,0.2919776862923322
49,-1.1059751849877892,0.6096171523287905,1.578141945475016,1.1534358225757737,0.2000000099339956,1.0246372021164103
24,-0.3742867225472092,1.822941534280708,1.2044014954899025,1.5191067620441498,0.1999406934661221,0.0842156815225492
2,0.0546185599647655,0.3249936306720501,1.752330177524362,1.498074745622629,-0.0826865940012376,0.2494208385115613
16,-0.3455208302658492,1.1707423856137864,1.6205944764104228,1.7316911153556764,0.1999640295181048,-0.2133195945410587
4,-0.0196535280390045,0.1475923447774746,1.9603956603809936,1.1659723370764776,0.0772585737411279,0.2488192484212044
2,-0.0042223088768946,0.2243783449152779,1.910420031347547,1.30256011587639,0.0392935608235862,0.0830543552374234
10,-0.0761960837775778,0.5179393940071431,1.9903876046326496,2.0674453070678576,0.2000000099932327,-0.2962837240453999
31,-0.4053557042643123,1.859004059788556,1.5133865709092955,1.5403514430758896,-0.2000000099344319,0.2616778721694059
29,-0.3535110011838004,2.066707613444532,1.3970366279270987,1.308324483373215,-0.199990368063583,0.0689669131836243
11,-0.1775681608753065,0.70707489312584,1.8452708929440893,1.957638696834237,0.1999678414321347,-0.1778950105570031
20,-0.3735974594608791,1.6578235291524492,1.386963584521089,1.6152761957573731,0.0390404562390027,0.1189058820908593
18,-0.3581985889389862,1.3042162705901472,1.6120225547072593,1.673893150520022,0.1998616908251008,-0.2669200796121477
0,-0.0333333333333332,0.35,1.5707963267948966,1.5707963267948966,0.1665577452238654,-0.2034687251757179
9,-0.076169726619174,0.4119107355170068,1.648391648256455,1.5352339443358425,0.2000000099629639,0.5262514659958712
14,-0.265493167232128,0.86946373606533,1.6870304654028754,1.8688471997031544,0.2000000099397595,-0.1313578495366301
32,-0.4669418162585557,1.7695120293737248,1.2943759533253054,0.9356961220789826,-0.1093458903798558,-0.4431730107167663
13,-0.2790409549261162,0.8976173655380746,1.6814591596510748,1.8599823031129548,0.1999600767275665,-0.2388383625683214
23,-0.37123217274398,1.87493437912402,1.3268485712495188,1.5618248460116653,-0.0374811397628246,-0.1312430187542989
35,-0.6226470350336574,1.638812516374117,0.9411221193757396,0.8132079354544411,0.2000000088654552,-0.0357513852084176
42,-0.82626902467817,1.2936901659271145,0.9019392589714864,0.9716971238293088,-0.2000000099695386,0.0032012087751761
17,-0.3204650680136648,1.252133063780145,1.652470172443662,1.7755785598728338,0.1999881428881585,-0.0913616797591632
1,-0.0334314387342486,0.2303878754122017,1.6383312801506855,1.546980043080454,-0.1267533791626439,0.404940191806494
27,-0.3476771140738538,2.085519226073377,1.1936830358575932,1.3641127779968931,0.0998762837081798,0.2758843324534549
15,-0.292129002395871,0.9642075163662768,1.656603486337934,1.8217942985949929,0.2000000099481337,-0.1134216161717392
29,-0.3188923949988795,2.068847855070089,1.4511322426286082,1.2166171278664892,-0.1999585368218794,0.0971432870760285
16,-0.2841718577890275,1.1231081885000007,1.6238567615535595,1.7985729774543284,0.1999940094740431,0.1503955028377445
47,-1.0168443264527431,0.7935314880507205,1.3176518092539649,1.3951158589877255,-0.2000000098025126,0.4601419124042554
16,-0.3151760158632432,1.3305714568502476,1.5913822213795523,1.70667474143659,0.1999897506443123,0.0378251439734318
0,0.0777777777777779,0.1944444444444444,1.5707963267948966,1.5707963267948966,0.1724183780960599,-0.2241122916277018
38,-0.7870551494363676,1.3727038339257178,0.8318487825479846,0.8803281670125772,-0.200000009057116,0.0130061438406049
1,-0.1001925825750974,0.1975364226558355,1.5403023744609694,1.5779041255062332,0.1999175755318583,-0.3631099052498916
24,-0.3681189904954551,1.878217827139012,1.268271333160463,1.4814968304469236,0.1997797320744997,-0.1073895413880826
7,0.0088661046867406,0.2835191858672336,2.2939266125347952,1.7502412657836786,0.199993449360647,-0.1877336516395803
11,-0.148827226462385,0.7340410288633231,1.8932647194103605,1.945898168426444,0.199913244237905,-0.1242971924652902
13,-0.266984265042977,0.8171010837140081,1.6899885069726146,1.8562059908001545,0.1999926063832352,-0.0729872134334117
38,-0.6979502536989982,1.5385170855604935,0.8422595097573393,0.8627252687007485,-0.2000000098067699,0.0089502816670123
6,0.0134930314557768,0.2694779178947755,2.245336134654241,1.615197117647451,0.1999866165533016,0.0554805862045146
38,-0.8378003328450522,1.3781537487524325,0.7742867724594389,0.8609524355031279,-0.200000009792792,-0.101260768977022
40,-0.8916062260813623,1.2852901057316517,0.6800506083851844,1.0703593352069931,-0.1999998980711076,0.0439195049382603
0,-0.0777777777777776,0.15,1.5707963267948966,1.5707963267948966,0.1999558785497732,-0.1474204165610083
10,-0.1290056755383651,0.6116603171537898,1.8713675449278693,2.080096822828458,0.1999425304529926,-0.1931218824172541
22,-0.3784008131527117,1.6082953916085838,1.4671264561500887,1.620863493516459,0.1279667483073998,-0.1377321606897879
42,-0.9337538195073924,1.1504704015742668,0.7833158178862671,1.0863883606064104,-0.2000000092287631,-0.0898374342317157
14,-0.2824889394704091,0.9241674891886056,1.6990675712612011,1.8597421179225,0.1999946609978155,-0.0777693257780708
29,-0.3748164806497749,2.0005835941818377,1.3713743212309222,1.2872873127525142,0.0539703614817875,0.273418368251381
33,-0.48751691181889,1.791155802218862,1.3294351656695451,0.911036202309712,-0.199999833555307,-0.537668012969687
48,-1.064877637814633,0.7688876504924703,1.4236172522094588,1.3856846307360011,-0.200000009967317,0.4740439890542093
26,-0.3585494860789114,2.1150172462267443,1.4285645010557513,1.3013741253545157,-0.1999999789173571,-0.5016311403625126
10,-0.0379569930148436,0.696314209350984,2.070897647240434,2.032065430663771,0.1999703630677723,-0.0977498533917072
10,0.0502876822714732,0.5896284351367109,2.003518567187906,1.8773967277229453,0.200000009952043,0.1570632536426446
4,-0.0630119600227723,0.151129256325284,2.01194874296454,1.3284575279160804,-0.0284167105221823,0.2250179120443802
24,-0.3950664815583469,1.8324118546046115,1.3365464555707316,1.5433923139440326,0.051807023950837,-0.1805361169009788
25,-0.3568720715244138,1.944867133644796,1.2407136159646646,1.4868280772023643,0.1999563049223713,-0.1567510971956232
28,-0.4391970645758077,1.9298974365076065,1.3778591575708727,1.568587921691143,-0.1508002432768156,-0.1787711931425013
6,0.0078768224055528,0.300118123218183,2.2560214596476893,1.7845094664933363,0.1999612197181392,-0.0437169208120433
23,-0.4071105379903509,1.714154650731046,1.4935606280949454,1.577769368168274,0.1999332868429827,-0.162624883535408
6,0.0391732701506228,0.3540380932151178,2.2548349472370486,1.6469675103417407,0.1998840982092674,0.092485338255752
36,-0.6157672082281277,1.6272837384415846,0.8870469585423351,0.887541270319232,-0.2000000090253455,0.1763207686078641
11,-0.1352254905850744,0.6661798431109628,1.8504960584130623,1.9988326685605493,0.1999826338403911,0.0050091315147909
27,-0.3248658408401674,2.0485498009535563,1.2039988497879843,1.3621683827472215,0.1999535144856425,0.4217337753400705
30,-0.3644339377542721,1.9677807106586231,1.4751133258130888,1.0845257331943938,-0.1999907079749809,-0.1475542360838406
24,-0.347335646950815,1.806535242945872,1.2957505519178252,1.5044514385228769,0.1999936076008792,-0.1401574014629636
25,-0.3713754699515034,1.956123145095623,1.142526147016559,1.486129666065435,0.1998925084026728,0.04249477920728
22,-0.3783417882272233,1.5892921316383497,1.4095793436385966,1.5713188873351804,0.1999040921368072,-0.084886378226846
27,-0.3367893363430378,2.08557456643191,1.3055820851738438,1.3373066480110465,-0.0604389706100829,0.2933226423869703
30,-0.3814830284128981,1.9823644748913969,1.4545537355032303,1.2408409555470157,-0.1602709263239704,0.1911440437701106
0,-0.0999999999999998,0.35,1.5707963267948966,1.5707963267948966,0.1861652483164012,-0.4493625833132407
49,-1.0694868066542298,0.706365817281795,1.6476380499687533,1.2855245870211935,0.1740865317471488,1.0171635218967148
0,0.0333333333333334,0.35,1.5707963267948966,1.5707963267948966,0.170124964207505,-0.1804545883788153
8,0.0783482448364701,0.4605437243676746,1.9336946989086008,1.4538358092933157,0.1998896753967134,0.186598302523856
0,0.0333333333333334,0.1722222222222222,1.5707963267948966,1.5707963267948966,-0.1999191914261852,0.4067251853888183
17,-0.3255089317327593,1.3534077240413458,1.632213489213262,1.783998078415752,0.1999647274282644,-0.3076172439355778
26,-0.302511003305546,2.109162977849589,1.338360563912664,1.310416586380259,-0.066632610097978,0.2738015134677157
7,-0.0199083406662235,0.3019048035863156,2.2513984079149107,1.9317684740404868,0.1999506422466547,-0.2914507083360419
43,-0.8932198889724446,1.2047775867127677,0.7525364109056267,0.99376184847686,-0.2000000099012793,0.0106955891108917
29,-0.3656171875396333,2.017381157010925,1.4167418194303316,1.2534822245109911,-0.035822740371171,0.1458189227600043
29,-0.3599666641904482,2.0487749385097427,1.4023637744274478,1.300421978498567,-0.1999569370490349,0.145535217194511
13,-0.2700569104790842,0.8846759646538236,1.69274679484335,1.871973222987962,0.1999759058255957,-0.1055988820099956
11,-0.1852726572477239,0.7486729186650081,1.7725265296783783,2.0237772952771715,0.1999610623510594,-0.1347353259367529
48,-1.0926521165026333,0.6531588686711848,1.88133388484386,1.0777560777106432,-0.0696682136886741,0.0187056963321232
44,-0.9022640327964846,1.2070704765149904,0.7685663840409855,1.0259812345647903,-0.2000000099644287,-0.2241743879620836
19,-0.2401030432038078,1.4692539619284704,1.6104134256627898,1.853106971853853,0.2000000099434136,0.3700870321667996
36,-0.6484923708444065,1.652001398061274,0.9430397088315824,0.9087614468027394,-0.1999999888299141,-0.2261915220218014
40,-0.7503318907055762,1.3969915257237304,0.9472129541125636,0.9494663555893548,-0.2000000098288623,-0.1695653600735847
22,-0.3774160641194493,1.749063027933325,1.3710660571840148,1.5701213694453493,0.1559950552180211,-0.0202993347797462
46,-1.073971687138088,0.704850268130875,1.3894853322443108,1.3021056244872726,-0.1412158894149,0.0282431657548343
20,-0.3739737946764651,1.5269004915599478,1.4134705561094068,1.6346205224693713,0.0112438984983064,0.0453821306723262
32,-0.458456345491243,1.828888668234542,1.4355713362481932,1.020420718386073,-0.1999425456497204,-0.1737598805175419
25,-0.3429329240706364,1.8792601107050848,1.2410611929979662,1.4810614251906928,0.1999806364020735,-0.0867373100080142
9,-0.0985044160138747,0.4683887167785521,1.6238564598050456,1.5507424560869698,0.1999987457099294,0.523153684231988
30,-0.3733179958631982,2.0108719967377864,1.4640180752330154,1.217362522958693,-0.1999788800645179,0.0431970107081642
49,-1.0339081761381588,0.7039264468673563,1.9550868096437792,1.166519910275048,0.2000000099978714,4.545946609046839
32,-0.4702353637165014,1.8153390249797767,1.366357867652673,0.9100262450974196,-0.1778159298161907,-0.5445345391773148
14,-0.276320371284545,1.0228274652084002,1.6818517028030495,1.880282666272008,0.1999737416449613,-0.1002607433200496
4,-0.000783302627685,0.2331978497489992,2.0908275182035307,1.2648482516147843,0.1997140256024648,0.2030937522096495
12,-0.2037140395790852,0.703116313490542,1.7943541119482855,1.9305429220630956,0.200000009993219,-0.208783004598296
30,-0.358849041523419,2.0410083202238547,1.3752779262748105,1.2913433407650237,-0.1999999281080706,0.2437444475874358
31,-0.3917080411108251,1.946487757932988,1.4819147820260865,1.188303961784677,-0.1998960512114996,0.0967528932471422
4,0.0995449517511207,0.3120900789766351,1.5238219695773465,1.5788543855630153,-0.0980744162908195,0.3636656696543053
34,-0.4925325139632162,1.7300168396357951,1.4379295698043446,0.9774193657453324,-0.1999999967219403,-0.5021567979400081
41,-0.7345986761522523,1.4197095522975538,0.9021120286223034,0.8754354947847418,-0.2000000099772322,-0.0366892295224021
0,-0.0555555555555554,0.35,1.5707963267948966,1.5707963267948966,0.0335016220697949,-0.1714308429944289
30,-0.3699350443419403,1.9319925251513028,1.5122545554664093,1.0880851458538847,-0.1999885914228423,-0.2723491267610965
41,-0.7581499145221241,1.400549538857409,0.8814958809551339,0.883751214467778,-0.2000000099423401,-0.0006621709219892
44,-1.0042822502324995,0.9382932704606866,0.9545444411801336,1.3951376540644278,-0.1999999765248007,0.564711941759079
4,-0.0009462695456535,0.0999665749746063,2.113794938721929,1.2366127468311368,0.1327480786835418,0.2261472171751851
20,-0.3816632369728436,1.5104894725610756,1.496832606443439,1.6348728144378697,0.0936116139042209,-0.0507827355730585
0,-0.0555555555555554,0.2166666666666666,1.5707963267948966,1.5707963267948966,0.1998113801917315,-0.1459848141006434
32,-0.4647216183503823,1.775281434396749,1.475039585554276,1.0281488619244628,-0.199987249811837,-0.3314653196201582
38,-0.7874376824363707,1.372419970703999,0.8320321376111846,0.881231740933814,-0.200000009060296,0.020495868219526
30,-0.3277714902674054,2.026584514328911,1.17049498955277,1.4613831571252462,0.2000000099208702,0.3153699090666452
5,-0.0999891909197031,0.3219816414035881,1.5775185200062136,1.5620432823851385,-0.0669205496307033,0.4357516070207517
6,0.0517839436232552,0.2957397889442562,2.243751504519258,1.7973904250624022,0.1998932343686829,-0.0046703214620539
49,-1.040262564702999,0.7584633353734228,1.2504251087692122,1.348794408374128,-0.2000000099624791,1.5499216336007962
34,-0.5704849638086076,1.7618249565219282,1.0794100696828703,0.9010238543490576,-0.1999998845867121,-0.384976978941855
19,-0.2989702308586147,1.4227809296452592,1.5817756565415644,1.8167910738745985,0.2000000099412834,0.1903357101637421
36,-0.6622008933194166,1.5763042956170958,0.8868907680068161,0.8727274786717378,-0.1998106253711756,0.1509615546851839
17,-0.3501837849639278,1.3976008265245858,1.5892134616759162,1.7198955458426806,0.1999897834841681,-0.1134710625235539
34,-0.5640502202341691,1.6364696438484412,1.0617522011187417,0.8785679412179785,0.200000008000709,0.1023852413919201
32,-0.4191921031157292,1.874177884966736,1.3996028463032584,0.9492045935896012,-0.1999998954308634,-0.5454011918097569
24,-0.3528453527604934,1.9247941682756813,1.2886177590469914,1.4759632994878262,0.1994029712463578,-0.1608601435003102
10,-0.087881416449805,0.4840766047114525,2.063256991156612,1.8948162604551928,0.2000000099603634,-0.3708383485596548
4,0.0233379223107991,0.1935759252253246,2.099165649214063,1.2772481418070596,0.0331262037198449,0.1691792721762989
6,0.0556195235237183,0.3974155828291535,1.5827942873027665,1.5677702242960538,0.0013012299482424,0.630059828493997
34,-0.5665151677046344,1.6315648760883046,1.051791735985551,0.8785238002863688,0.2000000073326776,0.1147846719124981
20,-0.3777242236561862,1.5970904963241073,1.4870011890914778,1.654370176706519,0.0491816889257475,-0.0289499954251296
41,-0.7849983402238809,1.48628189074632,0.8978112834182124,0.9353286381958932,-0.2000000099950302,-0.2211938622360806
23,-0.3913488069714493,1.832650296306864,1.4879875826325757,1.5782317375189094,0.2000000070522926,-0.742003121473269
42,-0.9382032553833384,1.2602358074837163,0.6876684623446803,1.087250444650155,-0.2000000099667143,0.016724351502267
19,-0.3278185802224783,1.3580220792019737,1.5857190872218947,1.660444941965173,0.2000000099480513,0.27132572514963
13,-0.2149092975558459,0.8054400948250148,1.7048673118141036,1.903302491382917,0.2000000099610836,0.1298859411326153
12,-0.2093384269665824,0.8263431260457087,1.7768653007831912,1.9749740511501328,0.1998011803108167,-0.2929798570255493
4,-0.0827049073643678,0.1041686864971796,2.10087484220532,1.330129763932173,0.1310560193687943,-0.2177408086450295
43,-0.9917599670617628,0.993925238505559,0.8848541486088359,1.348386448653202,-0.1999997554346951,0.376475728059103
7,-0.0499171042330058,0.4536795421427576,2.23226418817905,1.6735128563505584,0.199952422064783,-0.098781111831105
1,-0.0557366989968677,0.318749429833703,1.6909304420140128,1.5282223601749367,-0.177401652633103,0.2944950896701601
28,-0.359015243514414,2.047665876331308,1.197769426801477,1.38039419860106,0.1999959727103445,0.4279448093132091
33,-0.5800206943861015,1.6863692248734938,1.005293403812919,0.8096742343873743,0.1366887782816937,0.1449551924080317
2,-0.0723235933161885,-0.0309910103885248,1.8949270202395263,1.306249923728613,0.1999544855724169,0.2301511069692302
21,-0.3744016068351226,1.5578472614806371,1.4431316497783453,1.6442776583964864,0.1957340332184924,-0.0172856129323905
9,-0.0796463272354555,0.5521386341770641,2.0373477014389376,2.006046540768164,0.1999664422763383,-0.2231482853312925
28,-0.3708100212592028,1.9886314387330188,1.1478475081410746,1.4279813645230317,0.1999934916168755,0.3990485482387688
43,-1.0016825673412628,1.1066099270312544,0.8801018084075789,1.2853032699783655,-0.200000009231123,0.1589384529594125
8,-0.0610448185246416,0.2936215458583021,1.8295783522215228,1.422530815027257,0.2000000099747479,0.3035980668640426
24,-0.3709076033285852,1.8419975636850097,1.247336714642505,1.4868110097368754,0.1999135730873783,0.0342001898157816
26,-0.3471422702314296,2.0363792280494546,1.1611402447910413,1.4288870245375187,0.1999110336973349,0.2207436669457447
31,-0.3606888863871823,1.9632430797040887,1.5183904963221888,1.0706033421601295,-0.1999999161035255,-0.3760868496393814
47,-1.0179973429075422,0.786553280109284,1.3268292109158375,1.3927421055768856,-0.1912391851580998,0.5122967694774608
16,-0.2921125677424727,1.0927435326402517,1.6181549104538302,1.7917422895162436,0.2000000099441026,0.1504590716496257
8,0.1033438999349226,0.4246560200377919,2.132523750015769,1.6713025939644288,0.2000000099544422,-0.2423342561848215
46,-1.01499005354063,0.852088352920145,1.16055988480964,1.3582646426782097,-0.2000000099394253,0.4874297833865118
22,-0.3500843978786493,1.6777578359320464,1.3518143902209143,1.6596842397215843,0.1999424394308925,-0.1219106839910623
18,-0.3048605705542363,1.2784029420751568,1.5988900708642344,1.7390459988734337,0.2000000099744126,0.2040367085423142
26,-0.3735967049721392,1.985243974972426,1.1559471758690218,1.4469931677857266,0.1999020831457694,0.0406921904667329
3,0.0792763557356952,0.3946264150922687,1.7777770283308367,1.5266249982582452,-0.1999226906388881,0.2966587733468905
30,-0.3654232502592849,1.9882347470457429,1.5332269725053411,1.209957329053502,-0.1999871718617851,0.037235849655329
42,-0.9469189608092924,1.1069765139007823,0.7848989377405982,1.2315510019121398,-0.1061452906990435,0.4302960977545597
7,-0.0086825410436069,0.2795185408433601,2.2365722144630293,1.5968066638689946,0.1999982173552909,-0.2576799087188725
32,-0.4882365869531379,1.8444649697934457,1.3442191193487982,0.940973385543244,-0.1999568087116282,-0.3209271670465213
18,-0.3176505465639239,1.2695360653814765,1.584906161823545,1.7247820887086305,0.2000000099723463,0.2024056753044477
24,-0.3562900899624001,1.818058910988618,1.3318354795363287,1.626748984323627,0.199941382900486,-0.222133121242658
13,-0.2784538187071848,1.090212111056407,1.6827606680479388,1.856319365678384,0.1999437956724352,-0.2543570168989384
40,-0.8770854613252914,1.25023380287813,0.7026125053551535,1.0153834073373524,-0.1999999434409784,0.200684162109365
11,-0.1668791592496677,0.7383777174384862,1.837626433992062,2.022441326181104,0.1998284761622635,-0.3036950436284996
26,-0.3467158652080728,2.012465048486124,1.223563729581176,1.3935650748431,0.1999372966612952,0.2257826268171298
33,-0.5179396822849335,1.820783356441132,1.2190086292710642,0.918814806119432,-0.1408864736110723,-0.2173677513649051
25,-0.3208034954821399,1.9756472798822016,1.2169467183437686,1.4339030095838885,0.1999887682215486,0.0984953461734055
34,-0.5515269286658244,1.6704455183056195,1.1427239692446332,0.9002237238762393,-0.1845014570348011,-0.3574756044027829
11,-0.1725836544489218,0.5565499885035815,1.811245118328605,1.9581093081920289,0.2000000099809957,-0.1704254720995241
29,-0.3792153948705787,1.9854609455207244,1.4738557199623925,1.2145384577528149,0.1145186343823077,0.0443346429045087
31,-0.3848116735687536,1.8923905400095176,1.4864749806609492,1.1240380274467288,0.2000000098357685,0.2838249243272025
43,-1.0103406689225594,0.8908517322267495,1.129273050525461,1.337472528155162,-0.1999996602495186,0.0386024195312375
24,-0.3808571472932426,1.7556456182006808,1.3691129545357563,1.5681614730572109,0.1998613317963115,-0.2022421479520095
4,-0.037186223349839,0.0448063116111972,2.143642977872167,1.3413044961228546,0.1638631857881308,0.2176291242387308
47,-1.0429133537309143,0.7540982897887283,1.2759095496174435,1.3512209537909925,-0.184093113083389,0.610875347521933
3,-0.0058703360618788,0.2128188172449845,1.9887822801854949,1.2521611307931746,0.145397893536406,0.1626104689969821
31,-0.4876657636049072,1.8791384180740311,1.402783707776342,0.9673525109924478,-0.199946008754817,-0.3344868975337434
31,-0.3786766098217425,1.914032182721503,1.479632125296865,1.0459443636812122,-0.1999904618012116,-0.2395262835058698
32,-0.4511892350784478,1.834814868987413,1.29961417342094,0.9003954969808835,-0.10542534157675,-0.4819546141968343
33,-0.4463308820347861,1.7879338316944453,1.4168976741519312,0.9649470673369356,-0.2000000087994676,-0.1014314841408944
15,-0.3318754640153234,1.2676636642358738,1.636276596286569,1.7528435077557287,0.1999746802633808,-0.1790266719514807
1,-0.0336472847957307,0.247136891597628,1.7013650546458106,1.5230269093320163,-0.1190500165084584,0.3048452941724566
26,-0.3299661603665622,1.998512607362536,1.1648640493538718,1.3943779939042122,0.1999420841946151,0.4008031616920164
45,-1.0083225706886794,0.8450787354564515,1.2028788747873644,1.4090156018813251,0.1640280242294539,0.3673076924421203
5,0.0381077595564047,0.1647798319437459,2.2795725406163934,1.4808187991930453,0.1999828760341231,0.1220727830303547
33,-0.5234636929731405,1.7333492552782896,1.2415185953166823,0.9372216591615056,-0.1999729299202162,-0.2048696541489922
41,-0.9263917344108192,1.1543256946280291,0.8054896326232234,1.1316055795424342,-0.1999999822314338,0.230928636146963
30,-0.3439796083608528,1.9829541211842656,1.4335941756751875,1.2258709498183982,-0.1999999821030114,0.1136673817028096
34,-0.5679263172314841,1.6923540074513228,1.041028677610492,0.9009893326838088,-0.1999980871566021,-0.1381428129223232
27,-0.3274824016380556,2.1022733123531525,1.382164816463285,1.3202815556976668,-0.1995122212672473,0.1687928403108405
25,-0.3647926140302263,1.8778897723902168,1.226139051334616,1.4484766807673144,0.1999594847734368,0.0247886784589368
28,-0.3574620235017722,2.1305194948258293,1.4375676038351397,1.3082601694597975,-0.2000000096246151,-0.3458885971579481
49,-1.0830415428666875,0.6342355454354095,1.6174990023162703,1.194878699681634,0.2000000096284211,5.2211222223055485
10,-0.0969270699013987,0.6793671927512981,1.946848495924149,2.1074398827106804,0.1999835603622252,-0.2531970301138366
8,-0.0915099686583245,0.5627856734392322,2.0791055048492293,1.8152534125501736,0.1999440095015623,-0.0850721744362356
14,-0.2700540574644451,0.9740803958481166,1.6964865187790732,1.8510369513992413,0.1999562416821608,-0.1909780209682693
2,-0.0403843465072677,0.0465177877691848,1.870137387016092,1.3943411774104535,-0.170903882659872,0.3280734354766526
20,-0.3718040510877334,1.6687363268322226,1.3144763967746185,1.6318380060791615,0.1017135266243713,0.1165684817550004
27,-0.307118712875579,2.1035202894705223,1.3374681333687644,1.306995213346673,-0.0819787392607212,0.2988728330525735
2,-0.0193164720638084,0.1965911621333558,1.8362121070411543,1.3979440781791472,-0.0169514130486983,0.2258745143893955
12,0.005812084394898,0.9342902545906024,2.1230227957156043,2.021674546877527,0.1999903441410105,-0.028687148174727
31,-0.3996116328566808,1.8748464884925224,1.4625875624504427,1.0553934122592925,0.2000000095907919,0.2081286720409752
18,-0.3451963560752288,1.4980789369699037,1.5865919482888242,1.7040613759649057,0.1517127731633474,-0.3833666635820233
6,0.0819640719928525,0.3158823824672516,2.273024615892444,1.7076716798648983,-0.0315228400899072,-0.0858403737913344
49,-1.0857744334809802,0.6462488284688003,1.8507050993528704,0.9218028024173546,0.2000000099625284,0.5023415169491968
14,-0.2295168859036808,1.0340201018193644,1.727994079649953,1.9193020156244192,0.1999737763576477,-0.0839501704920646
21,-0.3609982388501833,1.5262361506403996,1.555156921334817,1.6632981603601409,0.0723298322032577,-0.1746966941103831
4,-0.0813872792619284,0.1897366318497098,2.1018014709141597,1.3410970143442424,-0.0249077016471993,0.1030981624801147
48,-1.0516295415512844,0.7027930163979618,1.6146901328344023,1.241135773453936,-0.2000000099644189,0.2906460282809495
3,-0.0502836756737135,0.4448701057668033,2.031231761970792,1.5240630050438757,0.0053240321642086,0.1255608619428142
6,0.077553587469529,0.3750416805449789,1.5589344362404685,1.5547730193910112,-0.0940765017287789,0.6813965836186493
48,-1.0612669097454968,0.7878712878235482,1.3662735233691077,1.4082865880368527,-0.2000000099952305,0.5308155586804387
7,-0.0097075113769421,0.4068125934581688,2.2640211256828646,1.7455039756407715,0.1999815128671349,-0.1013370171399157
4,-0.0805483071221187,0.2345831047487913,2.0061994651940207,1.3829501901152257,-0.1056815125644964,0.1943983912716219
26,-0.3478428471184463,2.0130354740276086,1.19031263372926,1.420164901459687,0.1999363231109256,0.1970659999848484
48,-1.052234427021673,0.7092332486972798,1.5076884115722518,1.2243172945582228,-0.200000009994575,0.584500598554207
29,-0.3466057221835515,2.117095362215733,1.338158001252685,1.310820935520545,-0.1999966555278566,0.055991771657093
49,-1.0571732072962288,0.6879608060958593,1.3904688666251044,1.2986786828861652,-0.0510201121116037,1.2474263945321142
22,-0.3836933652736076,1.649279582186873,1.439201538511787,1.5991951599843417,0.1997340402879729,-0.0710642550166771
24,-0.3794824096853049,1.8593039282519528,1.2744495580580573,1.5354903812742198,0.1648703155395788,-0.1655750950221976
36,-0.5183781669681825,1.6958277903381194,1.3669282412764172,0.9196405953230128,-0.2000000096261606,-0.3751437677571045
37,-0.7591795278714166,1.4616023272185248,0.9474600073397088,0.8463985691405294,-0.1469128086386108,-0.3998454020777051
10,0.0699246763077744,0.6430762405980652,2.149821472415004,1.8238199881447497,0.1999850434204024,0.129545201816118
20,-0.3393639507029038,1.5728802913878068,1.4957391853120665,1.6453727607330777,0.1123218967311871,-0.0975405100143807
39,-0.795593594018927,1.3745501945271734,0.8526419727739434,0.972208811553874,-0.1999999866292903,0.1585483295365799
9,-0.1196446424400285,0.6755428162299115,1.9678608114507536,1.973689473326582,0.1999873249987659,-0.2507707861318806
48,-1.0607605384333043,0.7896155015623989,1.3648028644409518,1.4106767748180855,-0.200000009970571,0.5322861551660221
3,-0.0440247241490857,0.0465065621057945,2.003885873654161,1.3051528034236828,0.0406389229541389,0.2923776423896764
24,-0.3315568975441002,1.876118874808604,1.2645864086833338,1.4930994331463572,0.1999814675925011,-0.037173660262032
7,-0.0835448860578866,0.2372857699012291,1.810561985769544,1.4151741996417302,0.2000000099546094,0.3233767528083354
9,-0.0493042499780044,0.508624725937453,2.09347611019877,2.036058016797424,0.1999890806458888,-0.2372478356406604
45,-1.0016430010403978,0.928080435585744,0.9556681002166608,1.3231690672517922,-0.2000000078492542,0.2927929963473119
0,0.1000000000000001,0.1944444444444444,1.5707963267948966,1.5707963267948966,0.1985157296789734,-0.2420414008836401
30,-0.3943105428078435,2.0441127387812603,1.5405246327307562,1.189010695153479,-0.19999811438055,-0.4971317806103908
5,0.0382682336454901,0.1576754782457475,2.230147668221269,1.4874108707182443,0.1999700814525351,0.1570970643856553
18,-0.3668448536442182,1.413258194399214,1.533494365462337,1.6967988799166622,0.1999351810392317,-0.1192624068156687
36,-0.6675041124829245,1.5479769838632051,0.9692331672991804,0.9156064042998108,-0.1999999178500926,-0.2076026094006117
7,-0.0309205223647719,0.3626854288891448,2.258578592040811,1.730928548911107,0.1999644563503238,-0.0987208784467777
37,-0.6882029156641122,1.4912673414476627,0.9303415800121168,0.9148884547529096,-0.1999999503946467,0.1154765046735283
14,-0.2999266436449633,1.1055789636942543,1.6601969572391848,1.81186942318252,0.1999783943014795,-0.0908686677998021
6,0.0840671475695061,0.2904232596308527,2.0854593041029315,1.5259254638727766,0.1991067561446566,0.2735701313817125
41,-0.9331246921126504,1.152983499953045,0.7822598061200718,1.0854114951194704,-0.1999999156552444,-0.0939087337169085
14,-0.2819686364057754,1.093721602587735,1.625181561814328,1.842515462969629,0.1999770217658538,0.0978097770577199
22,-0.3755909362050957,1.6728945370534092,1.4291875353690724,1.630422853242972,0.1374021506160173,-0.1053716019061953
24,-0.3807817635438177,1.7954909586972,1.3394487712446217,1.5528007602066995,0.1999044586797769,-0.1515119877353968
29,-0.3068171949315614,2.0724452681037224,1.4694439778712134,1.1787894027089565,-0.1999859039165836,0.0343616009486143
18,-0.3683422471040313,1.304072970880249,1.6169289472189288,1.7186208343754337,0.1999657518299895,-0.1281910221598831
26,-0.3560930919571352,2.041387547772281,1.1491059443680491,1.4270691082211624,0.1999193382659995,0.141789046992644
1,-0.077758262494469,0.3083130380454958,1.613177211084638,1.5569246209117598,0.182123798143203,0.0699049294899918
49,-1.0382685131350518,0.6923696407383443,1.623150904723678,1.2717243176853028,0.0217670193292375,0.8051727204199355
25,-0.3778741625086491,1.8646866513537244,1.289419819661651,1.5190435615624476,0.1998645315963834,-0.2531221857916678
1,0.0554855346303436,0.2544395450119507,1.632757601388965,1.549204468648417,-0.1998938408928915,0.2399981463304213
32,-0.4160666709396093,1.9098911579510047,1.3902887041356902,1.582759365601509,-0.2000000099640154,0.2918079423063335
19,-0.3678225332288432,1.3942503972345834,1.6078601643099688,1.6447177711483882,0.1998042882369487,-0.2769222180112727
44,-0.979265195503148,1.037605649793285,1.0242234174044504,1.3737637389805923,-0.2000000099554534,0.4248231558968078
27,-0.3781972074402827,2.1207838788390383,1.4314223761346678,1.3049702192363528,-0.2000000095718814,-0.4556082237230217
24,-0.3451290384449646,1.8646551956848223,1.2243847782399992,1.5363094828291723,0.1999500314319614,0.0196632647266724
48,-1.0343285895668994,0.7387832820117636,2.381667490178023,1.186259019367201,-0.2000000099569239,-0.1033274881327885
18,-0.3416129375476375,1.3295339995743851,1.6176502528276782,1.7357641985468928,0.1998175236981463,-0.1760682192140427
5,0.0382708962250331,0.2015774037026122,2.219167278209005,1.4577209785773484,0.1997399550968025,0.0945451753362342
44,-0.94550285392138,1.0570481106771534,1.013027839449239,1.24903450162427,-0.2000000099643467,0.2431390189926263
0,-0.0555555555555554,0.2166666666666666,1.5707963267948966,1.5707963267948966,0.1998113801917315,-0.1459848141006434
16,-0.2949917935080922,1.1016562528464378,1.6094074519958834,1.745030185807984,0.2000000099446489,0.2086200534348673
2,0.0154547052096103,0.1216928309692844,1.848027616965909,1.3195550464516512,-0.1824697054660096,0.200094496836529
39,-0.8618850514173962,1.3792410965223836,0.6702098781850676,0.9265103317884038,-0.1448060624613798,-0.2055896323957455
16,-0.2849976312917815,1.1559550626130093,1.6301794565159486,1.8499962236260885,0.1999634975028242,-0.0073256809519502
19,-0.3748943283415964,1.480355871982681,1.5106166015055518,1.6685107849654564,0.1997375602899519,-0.2119037315810433
30,-0.3709481656643704,2.026724611535675,1.355411567786012,1.2940172003361652,-0.1999992437335788,0.2574172317447689
26,-0.3346262152386772,1.905066203501136,1.2551455805685858,1.4528022109922758,0.1999954935277016,-0.0648000546500196
42,-0.8656213363659975,1.2343034621552662,0.8808741542187075,1.0111854480159257,-0.2000000098289837,-0.0928730000729561
28,-0.3656018331056737,2.0275356184005977,1.1677651899543149,1.3945727361746123,0.1999618217256148,0.4504193862327872
11,-0.2014025401064502,0.7122042384555382,1.7871829318490366,1.9796957936013968,0.1999646471467893,-0.134783800102272
47,-1.042172014364203,0.6807083315751109,1.7933507012811043,1.1849163034788976,-0.2000000096959847,-0.0504234544119443
23,-0.3401145939195785,1.6232717142323638,1.4832227053728442,1.6393877234555712,0.1999796422949006,-0.3557747646159164
2,-0.0412299280461553,0.1107181392825379,1.8460996011879784,1.3964300161192096,-0.0110215444135384,-0.1786099290339398
33,-0.4783182536685249,1.798184646824749,1.2148825908687453,0.8725057602585714,-0.011373856524623,-0.4066534818954294
2,0.0997658870371109,0.3384720538018516,1.543725990751062,1.57559232556966,-0.1797025675493716,-0.0353749997526237
3,-0.0101482891167108,0.0429299970559369,2.0239939288065183,1.2059487669741429,0.0720863960425739,0.2355027758154153
11,0.0826910301299605,0.7038469666408292,2.174743921556745,1.7782318166866409,0.2000000099538901,-0.1722692764468153
27,-0.3364937376170074,2.0973501303670576,1.276461707050455,1.3415938962120295,-0.0495135137130333,0.2969554851290006
19,-0.332363710671438,1.4305128915820873,1.5190167104037515,1.7566950167232331,0.1998794844294257,-0.1322353854772204
28,-0.3457748645876336,2.184113038395257,1.3444194133069851,1.3411326050111148,-0.2000000096564712,-0.2228858305464626
22,-0.3756636461513524,1.5976223686191302,1.4681329178300242,1.627308932326606,0.1998608181796511,-0.1733188376777182
28,-0.3473744231189977,2.0981365091811246,1.3253755355861525,1.316611989829347,-0.1430230009081995,0.1459280800850329
8,-0.0944101629237948,0.3463700540631418,2.1373130287352966,1.8258131507371176,0.1999814462755682,-0.2798156145800615
13,-0.2261896253871962,0.7983915766315506,1.7004087279227118,1.8548175356682337,0.2000000099932974,0.1472625703889117
1,0.077806376362981,0.284209214483922,1.7053677002575736,1.5260812009982263,0.1045466558896196,-0.351258478693819
49,-1.0828868498149242,0.6542616235347873,1.9005022580411768,0.9228109601509252,0.2000000099593107,0.4636877814857529
4,0.0441722780488806,0.2651309231745793,1.9504785261307696,1.322899849935298,0.0877672364081391,0.3057099977940771
33,-0.5190155330258232,1.7704431749223652,1.1983941099865407,0.937607949227763,-0.1999918217302847,-0.1122286972650037
19,-0.3652000408473515,1.4282316364034666,1.4798129141699814,1.6833598031840311,0.1998450342843956,-0.1326847161211491
17,-0.3465521379697694,1.2481923534849722,1.6369601162758212,1.7380790746216774,0.1999913435003528,-0.1269791887822458
10,-0.1899802781080461,0.5858465223602989,1.7995317922032747,1.9716576477702128,0.1999815188070827,-0.1423646488716212
22,-0.3858393205384379,1.6526960836656277,1.4391411720451457,1.5957893679245247,0.0814027981143623,-0.1073916785091156
0,-0.0111111111111109,0.1722222222222222,1.5707963267948966,1.5707963267948966,-0.1998382639615445,0.3791306568509087
24,-0.4139639774910785,1.7327011014915714,1.4988934668388705,1.5635085825834647,0.1870278953103412,-0.3161220778869012
12,-0.1721319538755765,0.7692309345249263,1.7554860162225108,1.989871518462324,0.1999813881427402,0.0753070295520166
13,-0.2256605238057049,0.8407412020287115,1.732875102260385,1.926975698196856,0.1999817371335471,-0.0928292322247767
16,-0.2907151354656636,1.1181430726323325,1.6177982995894291,1.7997463729583296,0.1999981811333162,0.0551291452966007
0,-0.0777777777777776,0.1944444444444444,1.5707963267948966,1.5707963267948966,0.1999210610547306,-0.2055364662061665
15,-0.1467758173532705,1.0596253256317996,1.8013291182604174,2.025834017956786,0.2000000099547795,0.0607536839655248
47,-1.023675372436159,0.8090702379917744,2.284309278303061,1.5428835823144955,-0.1910370279219056,-0.7089057128171667
37,-0.7343785237914533,1.526600694143729,0.818709404268537,0.8070856715329361,-0.2000000094396115,0.1194457466837295
17,-0.2447484931442924,1.2326289402369268,1.6546369306232769,1.914108298858572,0.2000000099657725,0.1186740166562163
16,-0.2971223556665644,1.1101859854358211,1.6117927665498597,1.7295636975837496,0.2000000099452543,0.2122202405740189
35,-0.6362941617920209,1.6001164851767986,0.9729708536323672,0.8466297333265415,-0.1999193163743371,-0.1111496401211156
6,-0.0579206042853801,0.3785393669628253,2.071036402926326,1.3911653513656024,0.0866712467366513,0.2384224615698766
12,-0.2102434962654127,0.7288919590117324,1.7963751117375235,2.0226704098188795,0.1999983861804192,-0.273566396023725
19,-0.3117580443075602,1.5148026773733352,1.5920766341176371,1.812593176002001,0.1987856015122313,-0.28677178105402
33,-0.4975499615706055,1.8380714332861248,1.319076974936996,0.9401216465160612,-0.1999999043872495,-0.5196018622814172
3,-0.0475251960633335,0.0392801989663791,2.0074590603497366,1.26557311115195,0.1998489452905434,0.3413108073881752
0,-0.0555555555555554,0.2611111111111111,1.5707963267948966,1.5707963267948966,0.1991717570528255,-0.1320690587486732
0,0.1000000000000001,0.2166666666666666,1.5707963267948966,1.5707963267948966,-0.1999327861242799,0.0383678522772438
7,-0.0585719470965709,0.2428569130182988,2.162574433782373,1.7563046421613575,0.2000000099543653,-0.4619639946141392
34,-0.5421573507487557,1.6650528685671104,1.2838788023826222,0.9029220548605744,-0.0544954375945162,-0.4556128641103208
28,-0.3465574642112864,2.078159542286245,1.3715046430614333,1.3138519194672007,-0.1665921095179194,0.1269352256390452
5,0.0361867686400602,0.135717381890458,2.216460608938013,1.3858896956781503,0.1999799890215575,0.1378579434095968
28,-0.343778669771177,2.1246428637869057,1.3340795273568968,1.3145799161620657,-0.1999606243584366,0.0107248828599825
4,0.0765735395459484,0.3130896609957888,1.7443937700403929,1.4988527212458402,-0.1213592517352629,0.3808808433306265
19,-0.3656417458298227,1.505260013042936,1.5175410519030432,1.6625628399842378,0.19634708012604,-0.2287637930665518
20,-0.3787540816936292,1.5451508272770895,1.4701110954072814,1.648477905036707,0.0571260165094518,-0.0261250830109417
46,-1.0211574255028528,0.9050620629251184,1.0257570240066975,1.3477974943254756,-0.2000000097181167,0.23319103902129
34,-0.5042351746638672,1.773460487524198,1.1170718456294877,0.8338978559905013,0.2000000095027767,-0.3237483789587642
48,-1.038075643133173,0.6930905594118016,1.6149622919645648,1.2761506942466818,-0.2000000099449944,0.2916780484545127
3,0.0314109708028469,0.0952624694740761,2.107589111724172,1.3582718949110288,0.0804410755889091,0.2307417815833067
48,-1.0620226385460787,0.7848101998815641,1.371023022630487,1.404393566291439,-0.2000000099698856,0.5260967686963659
5,0.0160446046369533,0.1550119291475095,2.25982935825852,1.5095157013161062,0.1999195717146104,0.0905387922741776
9,-0.0822568676168196,0.568779028250352,2.200786653035556,1.7730102380414048,0.1999467853176337,-0.2581904879244064
11,-0.1419026014990369,0.7500816802968301,1.845083267488752,1.9963517657272327,0.1999318258369817,-0.0200567529003742
15,-0.1806320941016855,1.0995061477646588,1.7655954696383986,2.026984942364104,0.1999781342967034,-0.0685609435657623
5,0.0374093812723534,0.1927487272811775,2.251396202543054,1.4772737256526054,0.1998399360898458,0.0713264256000568
21,-0.3715600030427604,1.4901973806068516,1.5303999605265002,1.6486408910292194,0.1633357786272969,-0.0395730509224002
18,-0.2402273039131395,1.3032944004619291,1.7221527072277407,1.929595553270508,0.2000000099436873,-0.2450351784160468
9,-0.0541417071091967,0.5269102018293904,2.046376408138548,2.0391250648376955,0.1999768023897757,-0.1251903511092204
25,-0.3393058780430893,1.909986368520129,1.225426902123962,1.45646029607876,0.1999842000914107,-0.0257924217140662
6,0.063980461638784,0.3517277842238542,2.250350506105695,1.567544711684454,0.1999013021648075,0.0927321693414023
42,-0.938919072923018,1.128301985600174,0.7342520887639861,1.2010017873516514,-0.15455546102812,0.4502525423798367
34,-0.5866894118879513,1.7174084840051538,1.0328401001777987,0.8898653995820505,-0.1998998006593081,-0.1053572560022649
0,-0.0777777777777776,0.3055555555555556,1.5707963267948966,1.5707963267948966,-0.1999339340142471,0.4435297310424763
35,-0.6252774017817944,1.6036197376204544,0.9168672073968444,0.8935861153051383,-0.1999937706243365,0.0877094966534009
4,0.0110045774438623,0.0609469148432573,2.246338711180959,1.3508726579465935,0.1997171889585453,0.0913541682564071
41,-0.913857431589734,1.2419903400000265,0.7911289130922912,1.0802050307812976,-0.1999998178030772,-0.1048306460151847
10,0.0022271716827534,0.5515006504376412,2.145406068363462,1.976306273170538,0.2000000099485238,-0.3576008025465161
23,-0.3470310735023957,1.741578297861807,1.33816155890492,1.593106574626091,0.1999827011532855,-0.1088366508089605
42,-0.9924200218516546,0.9813216601441788,1.0365753849435362,1.3583021157001864,-0.1807297386797575,0.2329616837879611
25,-0.2955520057932111,2.0290240329528566,1.1839521090176444,1.4605424125565178,0.1999941392657118,0.1617631754580256
35,-0.604381012579844,1.6030615941673594,1.010754090794597,0.8724195407646096,0.2000000093586561,-0.1190831624223747
35,-0.6025532062147758,1.7190680163099303,1.0194594348457198,0.901521020562176,-0.1999998823590298,-0.3213311244493632
18,-0.3391794474326063,1.3418159417588091,1.6301462002121676,1.70520067940412,0.1997462768426555,-0.1289501507891625
27,-0.3282556210042681,2.1024720035588387,1.2530364888852483,1.3586033400636477,-0.032855163198382,0.3788515505217865
44,-0.9840051547418784,0.9747967879949946,0.9777223105218747,1.3527287118648623,0.0286381889928554,0.4000265844425387
25,-0.3822388540969054,1.8182258800321105,1.3237660909679274,1.5339246335737835,0.1999433462889143,-0.2806342092534424
27,-0.29989775022049,2.1199979236777446,1.2557490142670016,1.3232979406685734,0.0155448520111147,0.3593256081503304
49,-1.0833550228359536,0.6698532830781222,1.780118149766002,1.1910302673744757,0.200000009719566,0.7332527770694673
12,-0.1670214758391687,0.7892263849213047,1.8601587890323736,2.0998307111752905,0.199976847489851,-0.1921259774119526
11,-0.200019944252529,0.8474976407226178,1.765763529637132,1.9720417983218048,0.1999507980069017,-0.1233444697566637
28,-0.3550064686305838,2.044715164265205,1.4070878038790564,1.290902410661389,-0.1252596077823434,0.1063893581184884
13,-0.0746483651307591,0.8938511161150365,2.017100082794789,2.0955980845532136,0.1999837286751179,-0.3188398685047238
48,-1.0884130949338633,0.6565328523314399,1.767321758964334,1.0169309204395405,-0.0282242339621712,0.136206940514054
24,-0.3926527857889148,1.7995956009270762,1.4891905738648514,1.5861400906760814,0.2000000051602153,-0.5735838932704936
43,-0.960995584506706,1.0647318622152628,0.8352066437390189,1.2736438480840138,-0.0401648530218016,0.3789275010713558
1,-0.0155941062718704,0.1656382516074791,1.7660309634796425,1.4585503119855632,-0.1999659819051874,0.24807788026108
7,-0.0548102407536744,0.3699780355062064,2.150680017718349,1.981244263154668,0.1643041400429627,-0.336687787087171
5,-0.0285728011167577,0.2466051453959956,2.188278363147054,1.4746201435354305,0.1999240912292207,0.1546492218116104
12,-0.2246194519337964,0.7673984806913522,1.714209061791561,1.9560415437623675,0.1999712586462157,-0.0675691626734973
12,-0.1750523295331985,0.7567191641630754,1.7655660780754427,1.96855646095257,0.1999795267787637,0.0715113284594687
42,-0.9456896723147316,1.0947477884781287,0.8352287607875208,1.1493753318179945,-0.1999999885790106,0.1692036099985633
30,-0.3780932429631141,1.9895463767400623,1.443626505383525,1.24650482560034,-0.174241567175226,0.1827248347713337
2,0.1000524228387017,0.4060304894306322,1.5881583179023604,1.5655631492622506,0.1818033905360073,-0.2789760739827352
8,-0.0340263045768783,0.3947899795487897,2.1925852103635832,1.9757848964275533,0.1999567103920894,-0.3203133321827225
47,-1.0303655478027112,0.7233574957293697,1.425738968947206,1.3605960413507578,-0.1402925553679789,0.6573831281978347
0,0.0555555555555556,0.2833333333333333,1.5707963267948966,1.5707963267948966,0.1425646116915318,-0.2481519194466702
25,-0.4073285253091818,1.8128432826259333,1.3549964363363127,1.5607040764098978,0.1999607781301814,-0.317914294620771
25,-0.3317473343739052,1.973057404131345,1.1910502287235598,1.4235054782607672,0.1999471546273102,0.2690851453897541
21,-0.3808965602688261,1.6218183875294705,1.452625417211328,1.614215115165066,0.0615844620635579,0.0358948082890084
31,-0.4068631019729652,1.884400822249156,1.534654622377071,1.0592546022194596,-0.199987772161923,-0.2358124734699757
33,-0.5047522686492626,1.7086224216608674,1.1977259340372424,0.907939071854497,0.0873526278667025,-0.3557266714090308
9,-0.0955345627150653,0.6206579388182881,2.1611376191475857,1.6187997293621024,0.1999661738983566,-0.0713507072678075
4,0.1117922588469968,0.2542386792181201,1.495068009708178,1.687038448082214,-0.0641635415080877,0.4182681813960864
3,-0.0177221378139483,0.0249495571042503,2.0844238410380225,1.330108249180074,0.0673858784449398,0.2266863090305844
31,-0.3594108204008012,1.970845311965269,1.4631276997413971,1.0793980321267895,-0.1999998935610218,-0.1830463255730028
10,-0.0972995352536648,0.5415724576037307,1.920519915470157,2.015125990865388,0.2000000099932616,-0.1830313515159803
45,-1.017493054086397,0.8545537404186826,1.1229751604285578,1.331809066477008,-0.2000000053744901,0.1536855116856606
29,-0.3521805443385311,1.9675996696800733,1.5679083173667987,1.1287802674448182,-0.0824964680245522,-0.1113075238007795
14,-0.3001342774392023,0.9018988715210752,1.6911884630706648,1.8714502156215755,0.2000000099635328,-0.2472298762524528
14,-0.2930469380478208,0.948220795006992,1.6553572818332292,1.8124662329608847,0.1999161337084629,-0.0794781543786411
17,-0.2866383481768366,1.2078240995448952,1.6178225437786915,1.7823646088520757,0.2000000099608805,0.1825545919440983
38,-0.7582332085817999,1.505192870312962,0.7903026873853545,0.8112086341871245,-0.2000000098356702,-0.2337323133127601
37,-0.6818841951482971,1.500966348452939,0.9749446483936648,0.9366661205891602,-0.1999999809779336,0.1140075637796938
34,-0.5679800511732043,1.699664216491081,1.0359606678274016,0.8179152593358932,0.1998937637758057,0.0404237324642509
36,-0.6449270292768323,1.557447984094096,1.005379537391816,0.8791544542260509,-0.1999998828038791,-0.2447977828738717
0,0.0555555555555556,0.2611111111111111,1.5707963267948966,1.5707963267948966,0.0919657282676386,-0.1331491846167223
32,-0.4556183282475745,1.832136255924792,1.433168366552039,0.9557939768335558,-0.1975403239926463,-0.3809893646049849
15,-0.2708160943848859,1.0437435761368774,1.6674342761872507,1.8686065429741616,0.1999900064287089,-0.0690571077856271
16,-0.2866585205121262,1.1712551975596397,1.6186772483077387,1.808656010136001,0.19996159467113,0.1488119113307189
9,-0.1100595486139845,0.564912128421085,2.0388477566328387,1.7710166603155386,0.199989487633343,-0.0374905426647526
28,-0.3097851132084334,2.0790715486595204,1.4612337137248854,1.2019321251647064,-0.186987674146849,0.0908378154327802
45,-1.0343278667553644,0.9145814704644626,1.124975667395864,1.4073648632009712,-0.1999999995288305,0.2718636308286115
36,-0.6660700152203242,1.5505267503032396,0.9499401758444682,0.912312460608727,-0.1999999173069647,-0.2053475160522125
4,-0.0218956271746295,0.1129838814726497,2.128354788818632,1.2776183732061597,0.0276394960067246,0.2604054012683761
49,-1.0968171228677444,0.6345984353675248,1.5286064064737896,1.2039511782970418,0.2000000099169697,0.94553244604174
26,-0.3667497939342276,2.0676646633073013,1.2135775508966784,1.433207022543293,-0.1999996683556159,-0.2364528998970728
29,-0.3523536672055368,2.0871731246724003,1.27697169321147,1.326673723326569,-0.0739542839544186,0.3524479675681801
23,-0.3512644583932152,1.711738975980076,1.3641819740321974,1.5530831468270594,0.1999932277930146,-0.1800554477755934
36,-0.6320963796578315,1.593591058562334,0.9539461946722608,0.9201101292191668,-0.199999917321634,0.1177635698995991
8,-0.0443748451252949,0.537404785122986,2.233104371526513,1.835237840294239,0.1999760721171562,-0.2237675965855524
10,-0.105317684874249,0.5714433207986341,1.9060773263361792,2.0449229056383693,0.1999725413332805,-0.0389392461182285
5,0.0408916333027497,0.2099047395053592,2.234009542563234,1.6123821392893776,0.1997543941230611,0.086361890106391
23,-0.4035515400017636,1.7516936636749725,1.494967565932546,1.5917464577193974,0.1999999997564993,-0.3314421970614621
11,-0.0511159550354566,0.7512101827707088,2.041684080907378,2.0795924115048128,0.199956590323007,-0.1582775823981738
18,-0.3469729103183721,1.3197882140041155,1.6328456156128586,1.6945619715652405,0.1994576757679723,-0.0181118029793093
29,-0.3776254523577136,2.0693980399152734,1.4887412721898894,1.2458613547513206,-0.2000000094024206,-0.4730260898537594
1,0.0064651594232612,0.1215464114686756,1.7743624935879598,1.4538713904410543,-0.1998759570234205,0.3285746656719343
4,0.0610724562053592,0.1831646744251775,2.1888196478274207,1.4443839874387208,-0.0304839102869316,0.2384757225766203
9,-0.0855390814527901,0.4556982997418077,2.1043812903251986,1.779391918569951,0.1999858044421665,-0.0961949337241389
25,-0.3458994054000974,1.962693907566294,1.252764809620115,1.4115103861367042,0.1999733985667203,0.0504432882046664
0,-0.0333333333333332,0.1722222222222222,1.5707963267948966,1.5707963267948966,0.1873025034042345,0.019629576024689
10,-0.1217400504119943,0.7489475152463548,1.914064431408185,1.9967035377930964,0.1999390666267259,-0.0903111956633634
15,-0.2605820817312647,1.0901714427865703,1.6524731116977076,1.855800167386524,0.1999804204914458,0.1170573570274433
27,-0.3488407421952742,2.140829711228724,1.2879338758674006,1.3640760795393954,-0.2000000086571103,-0.0990609852705373
9,-0.0389436319141034,0.5743582094160118,2.1922735730793814,1.992085640925668,0.18765161143608,-0.4323414313079122
12,-0.222489615111777,0.7691736023240424,1.7716284739461283,1.9288877260937267,0.1998951043506311,-0.1312370684300575
4,0.0763540935548739,0.1974883640108989,2.1388938883927207,1.349843771096385,0.0312511929816754,0.1942047415728136
22,-0.3785433866168018,1.5718496650654143,1.414181582999113,1.610370799496313,0.1998736230987471,-0.0985039017863263
16,-0.1765107707706637,1.1388046385886008,1.845428964426277,1.9874569602462808,0.2000000099645794,-0.3094920180855944
23,-0.3502427427927695,1.744527471578108,1.3412913429227211,1.583579383646079,0.199962806794882,-0.0977922446559908
6,-0.0291205643804551,0.2155380989319341,2.228481155880962,1.5255342141268748,0.199970076499786,0.0574208452454809
39,-0.8558294333805101,1.3882858886752911,0.6767754266646246,0.918081441906663,-0.1639842631482898,-0.2099573407728279
21,-0.3539353231006555,1.8545417944773448,1.2581019469078858,1.488367069445104,0.1315035354052051,0.0965620122388994
9,-0.092449212990869,0.6679618051917909,2.151044232769629,1.720673413750472,0.1999817933687843,-0.1560037925012121
38,-0.8146620444184006,1.4399380778666175,0.7291838275876383,0.8569578444002263,-0.2000000099782207,-0.1551099436763562
47,-1.0235888238582511,0.8110006406397905,1.5868611363022205,1.3265862043979242,-0.2000000099637694,0.0831445620005636
48,-1.050613764044834,0.7247168535119666,1.6282914927970908,1.2005306097025277,-0.2000000099585258,0.2884094131685294
4,-0.049795865140626,0.1107979853154066,2.076254383721624,1.2311952312171413,0.0336729064084781,0.2815448346417116
38,-0.7032304333971653,1.5414304053924734,0.8304848592213618,0.8597689293393579,-0.200000009803369,-0.0080451172831028
44,-0.972904769642803,1.190606176206845,0.7311707558718066,1.1974150646441153,-0.2000000099303043,0.3674263478659609
15,-0.3131078331235213,1.198409506281356,1.650074598440204,1.7825588327387398,0.1999778332554556,-0.138918492858539
24,-0.4165523965097563,1.7707002516876071,1.3764908919718604,1.569428639427182,0.1384762006529264,-0.2243257094095951
17,-0.3680948815964569,1.2061154241630323,1.6031883480635027,1.7450264230071608,0.1999710406228524,-0.0260120574743508
20,-0.3760128796188616,1.57581185179427,1.4744081432607512,1.6428630786534777,0.0063520906455365,-0.0106803559480326
19,-0.3339626436668821,1.3686637149197336,1.5402831147101264,1.685396749329164,0.2000000099941427,0.3260851163135992
26,-0.3531168679094022,2.057228843852392,1.2271251315858702,1.3714938619910066,0.1722398973148746,0.1812059075077907
32,-0.4447443708141162,1.917949783257132,1.486103874691997,1.020013946165891,-0.1907053791851767,-0.4600011346160534
13,-0.2160632383149609,0.9222176607782232,1.707832076647554,1.9066549475518504,0.1998880314870157,0.0888574828541319
21,-0.3120046432853909,1.6346159777540137,1.457716000327144,1.687823219054562,0.1906493330213527,-0.0158422520289563
5,-0.0615719268202894,0.0785912006367416,2.111748383441244,1.323930938740616,0.1999997276906097,-0.2316093353670395
36,-0.6593769584683195,1.5220326316378596,0.9047775949027876,0.8697640127780654,-0.2000000075780999,0.0840301691032121
2,0.026959279438779,0.0737297445895129,1.926554636159216,1.3782243438329316,-0.1129809176749468,0.2849719848699766
0,-0.0111111111111109,0.35,1.5707963267948966,1.5707963267948966,-0.199681905421993,0.3561175064565777
0,0.0111111111111112,0.35,1.5707963267948966,1.5707963267948966,-0.1993020560218185,0.4129433273333193
3,-0.0725403171670699,0.0987961337080952,1.990252704420362,1.2520039431311902,-0.034511926915793,0.0887997188526816
41,-0.937759825330414,1.2603929858370564,0.776490238555942,1.1291005161153869,-0.2000000092538376,-0.038474473115612
32,-0.4254252575521899,1.866989334476512,1.487796229371105,1.1102122083899302,-0.1999999265155175,-0.1055646111567541
17,-0.3068304150175331,1.264749232432627,1.597144012400184,1.759437778854329,0.1999733881538679,0.1105444445090891
41,-0.866565170370643,1.3885266925067536,0.8169935094800334,0.9993067541929702,-0.2000000099516084,-0.15987492084267
35,-0.6223347642895493,1.5993380417125715,0.9160544272291378,0.9015887645762514,-0.199996728022748,0.1308249504367102
43,-0.9813714573213193,0.9876623641008,0.9828444542970995,1.3003614822191467,-0.1999997096495106,0.3927364541534762
8,-0.1102283725343728,0.3772878474809015,1.997940201108575,1.977277933275487,0.1999074071556166,-0.2951952183231567
15,-0.3156914819978205,1.002069370560318,1.6619320335474352,1.847742526517922,0.1999998995618149,-0.2041984457997935
3,0.0796687100174002,0.3980523918507772,1.9053488681700568,1.486553307578086,-0.099230494374087,0.0258918158210694
15,-0.2710675746601221,0.9779913037304928,1.6369017819550375,1.7904721240882056,0.2000000099486895,0.1813538866737959
28,-0.3608917925796112,2.009395202583877,1.4202869545827084,1.2637206857710588,-0.0277971734809798,0.2009939149737481
0,-0.0333333333333332,0.3277777777777778,1.5707963267948966,1.5707963267948966,0.1992797627007023,-0.2246322642711005
3,-0.0119525649438168,0.0731955378374267,2.014909477033888,1.197222218173797,0.0835646062695388,0.2222989708880971
45,-1.0486531421326604,0.8392180857032303,1.2159211384740214,1.455589453685553,0.1866150889082853,0.2986583312160247
14,-0.2370165443858618,0.9526538517421904,1.703173727723062,1.9333973309952155,0.1999910895747857,-0.0837999231533909
3,0.0797902247347657,0.3392762864325575,1.976885252692972,1.4620925676319916,-0.1480210233816241,0.0769627926652459
34,-0.5850944289592497,1.6565169847751449,1.0624866308243504,0.8600420123453516,-0.0565948171113544,-0.289673611412126
19,-0.3794195237106669,1.4576021290935224,1.5106459046390397,1.6499425655276494,0.1999433916774002,-0.0832515593780363
0,-0.0999999999999998,0.1944444444444444,1.5707963267948966,1.5707963267948966,0.1996243258769055,-0.4421779977802985
19,-0.3764496226869178,1.4833909951327464,1.512209684648786,1.6648265640858213,0.1997557850217373,-0.2070438654143989
17,-0.3540356179192956,1.345572006505884,1.6098795841124396,1.7278098888458602,0.1998906181106148,-0.2677242189185481
37,-0.7478396494639297,1.4866405300996022,0.8252878952766527,0.8887972359500346,-0.1624710476872287,0.1785052006469981
13,-0.2237222959693769,0.7750385554758101,1.7459498393025736,1.936352478097554,0.2000000099637809,-0.205104030614591
13,-0.2484116723859027,0.7649231208765415,1.816104189553533,2.031709794331576,0.2000000099801226,-0.3013538778381828
48,-1.054139928214466,0.7035361403944927,1.5436472362515072,1.208103545725982,-0.2000000099944489,0.4836213817195653
20,-0.3399495326087185,1.4737964304073872,1.4900822276857235,1.659464062185387,0.2000000096243533,-0.5695405975132587
38,-0.8015183437368743,1.4619165219602628,0.7372735785928111,0.8373302829629736,-0.2000000099797678,-0.2986207702835795
35,-0.6215341121878492,1.6064128908305648,0.9853366101768356,0.9126578383279816,-0.1999974093459464,0.027143964430367
24,-0.351265336724582,1.8140556451270111,1.285490848053386,1.6201616533947427,0.1999578709401316,-0.1238900295052511
29,-0.3622042626292804,2.015981505427052,1.436460113546972,1.2462683595447626,-0.068120120957299,0.113290992165485
7,0.014526661780586,0.304641075954061,2.256009631850992,1.8794988859392647,0.1999802405886359,-0.123363970339419
34,-0.4959354687204213,1.7205176316436488,1.2386841970172269,0.9140618682556388,-0.2000000089521229,-0.115163666057956
8,-0.0518373487923279,0.4891550124831288,2.163550523170505,1.940255918694362,0.1998427761350881,-0.2857705912339718
20,-0.3995192105832356,1.5213910741451404,1.506624405333076,1.654653715823048,0.0832179083986689,-0.0407761573499295
0,-0.0111111111111109,0.3277777777777778,1.5707963267948966,1.5707963267948966,-0.1997143067096124,0.3890941193613746
1,-0.077771385599995,0.2872300288787208,1.5724529149618487,1.570337551602315,0.1311154670517242,-0.0277153361834344
28,-0.3102908643294861,2.107416917612952,1.363884919383798,1.3013416509968427,-0.1987376414193664,0.2618203477513893
17,-0.3268050125469285,1.1983335269570448,1.652521506943975,1.7686954464283322,0.2000000099669789,-0.1774244316634244
12,-0.1794197933906056,0.8418892015568051,1.809197546043668,2.0331834185284645,0.1999904774766398,-0.1676394577221103
2,-0.0027762210687423,0.0285231385095162,1.91901229421166,1.314728762838366,-0.0910994938044705,0.2310243425047299
14,-0.2993844549609131,1.0731589628270644,1.678085626163755,1.8167200769267384,0.1999713220555284,-0.0881285716494609
0,0.0555555555555556,0.3055555555555556,1.5707963267948966,1.5707963267948966,0.1093553750127474,-0.2786924059109126
2,0.0547143784340639,0.2769341710909614,1.7223163927581648,1.5096303710171557,-0.1136286223701356,0.3328266990622771
28,-0.367645870216812,2.005040901601018,1.4371239254858832,1.268504961694097,-0.0541260583540087,0.0576606050977185
43,-0.961083879759738,1.063599051407419,0.8352131220188479,1.273577666331983,-0.0338976462484762,0.3766146528853018
33,-0.4798305597111459,1.7959305767230729,1.2459934438255171,0.8799091939220499,-0.0610489084954971,-0.4388247962443525
12,-0.2348788022915838,0.9170596477214356,1.7465023035791258,1.924401589491048,0.199960263684978,-0.1627857896527848
29,-0.3606994948192911,2.016480418503618,1.4819041521310667,1.2218522449681275,-0.0645716100477753,0.0984996174259284
31,-0.4235056164270365,1.832118005417992,1.425207809605871,1.0135623300096583,-0.199986363471583,-0.2962700284600437
31,-0.4156495910047074,1.834040298077935,1.4424173469331605,1.012793723300863,-0.2000000077966924,0.0466179004064065
30,-0.3694859073066401,1.969941294249944,1.508664789143328,1.1772039562882248,-0.1999561223149035,0.0411219632603682
34,-0.5256245106619326,1.7060486759172824,1.2305950141188244,0.9094490676008484,-0.1712749511838904,-0.4257961953112266
48,-1.0288372576837592,0.7635460916665496,2.4045954021301608,1.3474581872667972,-0.2000000099240008,-0.2215113465691353
20,-0.3757085416611185,1.6952713684835068,1.3694480853762965,1.5888166519093911,0.1190490971255892,0.1163567252288423
43,-1.0151263607032972,0.8736709548103877,1.087237793081675,1.3316108673938487,-0.1999999544788122,-0.0158518915746948
25,-0.3610078677718137,1.9361114359561813,1.2140189582181575,1.542681959353222,0.1998712062705736,-0.184765362995569
28,-0.3275856113603812,2.027261298344295,1.4190125475314002,1.2518616407290326,-0.0002578518187627,0.1953089750802305
14,-0.2451899264483863,0.887684349112807,1.6685254397478442,1.8395718676343853,0.2000000099933176,0.159346791629041
6,-0.0753713880632476,0.215764246056837,2.1317191990700106,1.430240992809899,0.1999618256850998,0.1155651384654027
18,-0.3454357956187062,1.2920926558030732,1.6001636731114726,1.7102628627802443,0.2000000099503861,-0.0164667953756297
27,-0.3678201928327275,1.997135233491528,1.469246563562427,1.2316726056958198,-0.0646667417140022,0.0857041889541475
3,4.6607089245625046e-05,0.021116025557495,2.1124468008663992,1.2550760292005858,0.199961120991888,0.2757446704168748
43,-0.9963564377223856,0.9586157155843428,1.1362225006669828,1.4121575675630973,-0.0169172951156728,0.3946988511414432
11,-0.1449192830196575,0.7406607491842412,1.8577334518220765,1.967080835765455,0.1999458753766902,-0.0664920120065389
17,-0.2655462039836521,1.188352619700798,1.6393772112813334,1.8535285221288884,0.200000009969966,0.1379153830815534
36,-0.7032594131846063,1.5258937907126169,0.9173960335718097,0.8289906555474469,-0.1999545717339681,-0.1036814993690729
10,-0.0242743299586296,0.6851693441415828,2.0996282334115843,2.020138415906564,0.199976357696505,-0.0927378860631351
42,-0.979273959153732,1.0307848316974022,0.9032322614083332,1.3264454457846175,-0.1999211400460801,0.5018326696604781
14,-0.1721996415941004,0.9694926461128608,1.7796102226660686,2.052236403953768,0.1999823963272659,-0.1230644666862317
0,-0.0777777777777776,0.2166666666666666,1.5707963267948966,1.5707963267948966,0.1999402739304818,-0.1524899648880527
15,-0.2655119314109743,1.112610473133531,1.6941054044899089,1.9033918048765364,0.1999740767914275,-0.1052218941912572
20,-0.379373159422053,1.4746294816693937,1.5221594954517226,1.6565450507959092,0.200000009037342,0.1644520396999112
24,-0.3651982359256305,1.853883140438109,1.2830169269906972,1.517505029020786,0.1998925284109213,-0.0506207522265472
0,0.0555555555555556,0.2833333333333333,1.5707963267948966,1.5707963267948966,0.1425646116915318,-0.2481519194466702
0,-0.0777777777777776,0.2388888888888888,1.5707963267948966,1.5707963267948966,0.1999070639967164,-0.2955083058421238
44,-1.00178550685087,0.9434846232172386,1.1142461027089503,1.3972385975915107,-0.1999999664448839,0.2896538156456976
18,-0.2385671926558985,1.2552633790896497,1.6599001484599452,1.884841457281002,0.2000000099714333,0.1650666428871738
3,-0.0371527710186207,0.1531823240081775,1.8459607670691351,1.4329207325378304,-0.1822183391718903,0.2839946853151465
12,-0.2464745879213978,0.829395528239863,1.7188060964134078,1.9307823464946672,0.1998156603331517,-0.1634019955284969
1,0.1001631306441476,0.3733166306162453,1.597486407556806,1.5644684107757258,0.1377025810017976,-0.3794553255504558
9,-0.0581995353198519,0.7078606915015381,2.160310446852827,1.8781468665828192,0.1999858862505868,-0.2023008843492132
7,-0.0651089096031012,0.3790351058287425,2.1766434172776083,1.8147198045090016,0.1998047241452142,-0.1734579240299476
17,-0.3056212086320245,1.2308591162669236,1.6003453331675868,1.7336582223656285,0.1999730407285225,0.1871056026533314
29,-0.3760584624390272,1.9330537241845664,1.5424595038082938,1.1257293594877302,0.1277586420679791,-0.0157157614646701
33,-0.5176163078666651,1.7023951400295552,1.1325464668360097,0.9087479010116128,0.0212289390524579,-0.3059543047084985
18,-0.3718287687309345,1.606941622140876,1.4277201975372176,1.6340605136102009,0.1672507525338915,0.1318654930862616
24,-0.365651312596788,1.8397410912961183,1.3020138833767114,1.5301557485278212,0.1998555921984799,-0.0789197745079823
49,-1.092118821132044,0.6263334548754528,1.78026749224814,0.9560790480762452,0.2000000099673298,0.6450715902522091
3,-0.0295076858337669,0.0578444792744707,2.05265632370976,1.2196501492984246,0.032405787571147,0.1465947529329289
0,-0.0111111111111109,0.35,1.5707963267948966,1.5707963267948966,-0.199681905421993,0.3561175064565777
33,-0.5750427505314131,1.6585964985462711,1.086877022930656,0.8999089630746271,-0.1999481046497736,-0.27803634242546
0,0.1000000000000001,0.2611111111111111,1.5707963267948966,1.5707963267948966,0.1479827513564997,-0.2135011802728961
18,-0.2621126813815323,1.3601016433545343,1.705558438846145,1.8930416699259809,0.1999422573479118,-0.2390711549637756
28,-0.3094111331076249,2.1005243802658007,1.3884626748648028,1.2809236656704297,-0.1999480449986855,0.2214189727610067
32,-0.4458426867239902,1.843964474728089,1.459744518921566,0.9767950566877828,-0.1997317798561279,-0.3349471835899624
13,-0.2011448413162906,1.0478635549146946,1.7750252755966525,2.0061834210113845,0.1999493702616858,-0.3187058491050917
18,-0.3805142143883122,1.2801315363784944,1.5835037539389472,1.6958034442426646,0.2000000099645904,-0.0678629769953549
17,-0.3466255152809828,1.304168426791681,1.5949461544540269,1.741383892889979,0.1999676985889583,-0.0110644270669929
42,-0.9672777584498548,1.0671845805816569,1.0012260956427002,1.2789507730653522,-0.1999999832083714,0.2547350083307844
5,0.0371142677712684,0.2455014874956141,2.2974363240089755,1.71988311733898,0.1999486480518433,-0.0284894218168445
22,-0.4102326849627699,1.6432728935701462,1.4937037537482123,1.5900974484145771,0.1999059325839157,-0.1810432003144202
30,-0.3443655235184947,2.006556722152616,1.4726854535427432,1.144751741913801,-0.1999977848981287,-0.0679125383513578
4,-0.0665163662620798,0.3225624159145167,1.9182934871547104,1.3341750148604758,0.1120866111898629,0.2796339263092849
9,0.0992709887026054,0.6538622428127775,2.171743937828813,1.707935268621874,0.1999624256566979,0.0157089451309954
32,-0.4571426413683581,1.785206865314099,1.2131618547097918,0.9424776855112882,-0.1628361317117328,-0.3732000732907924
2,-0.0842201965521963,0.1503171800634876,1.8757782588389256,1.396897333244702,-0.0113490868824103,0.3293015423746585
3,-0.1021944882699885,0.3753544498032197,1.2157736800747578,1.5529542271070829,-0.1805125033846238,0.3688756339247608
34,-0.5330986888510746,1.7234515027136827,1.2372473804887871,0.934490667180964,-0.1999999088592888,-0.4265723544045939
0,-0.0999999999999998,0.2833333333333333,1.5707963267948966,1.5707963267948966,-0.0185437722467093,-0.0478809998652313
2,0.0753220658583621,0.3611905199059543,1.3214818284938552,1.5924415896761746,-0.0165956140927076,0.5104320864369578
9,-0.0332938467966285,0.5730696362657711,2.173735902705465,1.9699630752510775,0.19996630871377,-0.2336660967491336
2,0.000625961910111,0.1527928773495576,1.884601743021284,1.359026655141651,-0.1995284199138563,0.1351928306068041
42,-0.985705767450868,1.0123286116936576,1.0358698081452096,1.344492464919304,-0.1999998021229621,0.1962688291398244
8,-0.0140177915068205,0.3954292801236289,2.1522716927018504,1.9879177191150927,0.1999574922966917,-0.1291853573903139
24,-0.3875405179751943,1.7998285838972143,1.3593766252186636,1.564007639645722,0.1994419880296663,-0.1633344279563742
37,-0.7292065239770872,1.5385506128636115,0.812936988719974,0.7982764852908509,-0.2000000097841359,-0.1469133557757978
18,-0.3550227313039873,1.3393132532038217,1.626275019296116,1.6752442197775193,0.1996869365988551,-0.1906871011046129
0,-0.0777777777777776,0.2611111111111111,1.5707963267948966,1.5707963267948966,0.1999151556821059,-0.3097760448230235
2,0.0994479759359432,0.3788932781908282,1.5782962525871138,1.5594585739881122,-0.0025719428011527,-0.232240863087422
0,0.0555555555555556,0.35,1.5707963267948966,1.5707963267948966,0.1755353850465593,-0.2895187719520982
18,-0.3214432861217978,1.3228896189867525,1.585771040120397,1.6909192607002914,0.2000000099704645,0.2214997671516473
36,-0.6793485953867651,1.5526565993354633,0.9439737545062624,0.8567759156792402,-0.1999999867682551,-0.2588319706952455
46,-1.0216841054014725,0.8304436388244869,1.2769634241061838,1.405875025443688,-0.1903205870927371,0.5695319543702203
14,-0.2759980155541768,0.9580751515471636,1.673746281523644,1.8542353877124536,0.199977611589253,-0.0598455350339096
17,-0.3069233273573741,1.1850704683303257,1.6291322718050818,1.7993899543152398,0.2000000099600225,-0.038954421312227
1,-0.0785039444751983,0.2501735158229446,1.497086118514579,1.5806469926672682,-0.1996701495272105,0.4447601472414516
0,0.0777777777777779,0.2166666666666666,1.5707963267948966,1.5707963267948966,0.166616393542449,-0.2358987546897114
25,-0.3688145104395877,1.8617470985272435,1.277772841008948,1.448872059932392,0.1999558167476097,-0.0939133964908304
30,-0.3863564530360767,1.9613153850389928,1.3820190327849726,1.273089174348669,0.0928966185899358,0.3030461254975863
49,-1.084849124868683,0.621418632707832,1.7527877739870927,1.035896226480577,0.2000000099690475,0.7119773061748689
14,-0.3121665827340283,0.996765199435324,1.6457537236299853,1.8068535056901207,0.1999659678639701,-0.0523272660356907
38,-0.811968238747484,1.3836450009033714,0.7198841091084589,1.0124185215622754,-0.1999996323198907,0.1407399470393721
37,-0.6733512001713853,1.5419037152085258,0.9199277507748942,0.923992942919588,-0.1999999744030904,0.1490158125175807
8,-0.0269388635648081,0.3996656816065581,2.213015784570251,1.9660721473981653,0.1999578153148977,-0.3004872669075336
45,-1.041874993189682,0.7360464406694504,1.265402333092796,1.3878826554336432,-0.1405938544998513,0.477005124219688
29,-0.3630197892510332,1.969983826282287,1.5091740281615895,1.180806769487307,-0.0164867960270667,0.0126070968823204
46,-1.0525400845144248,0.7952549156949377,1.407756962874208,1.3877892265444205,-0.0454469971878477,0.0844468051870973
23,-0.3834944807003909,1.747814860139613,1.384746273108993,1.577632874823119,0.1258499941157487,-0.1166545056747071
38,-0.8189865278588285,1.3674356235921743,0.7993842517582264,0.9090875454592786,-0.1999998349527342,-0.1432518972070849
4,0.0133325016819427,0.0835118395196109,2.1120586903444147,1.2007432703152214,0.1745165324100978,0.2291761617053523
7,0.0773736763544569,0.3427574345174417,1.521709836148892,1.573912691673787,0.1999943181903963,0.655923809238972
21,-0.3688783039779174,1.7729276997900862,1.5780309965400516,1.2997779305451578,-0.0195770173216979,-0.2388785458386987
20,-0.3757442777627632,1.5433567798854608,1.402277110291227,1.6316864221982623,-0.0020575155113558,0.032229694642305
3,-0.0123174685493103,0.1072722761803933,2.008251474299703,1.191763194150743,0.057712459503548,0.1820396257582887
30,-0.3654348715227893,2.030236897364846,1.3674100125816206,1.2891159800349052,-0.1999999162022054,0.2456447857861587
44,-0.995502604690918,0.9321949464056284,1.065854602554117,1.3252762380214067,-0.137507917538308,0.3150473095480822
15,-0.2769578997771071,1.0097570222433554,1.6265967907991747,1.7853296536137115,0.2000000099932892,0.186522913652933
45,-1.0231991190423892,1.0194310103165365,0.9799892465260368,1.3620492227754348,-0.2000000099155554,0.4505662054058688
17,-0.3298627340618923,1.1942064464658355,1.6089211078968386,1.7485155984734957,0.200000009968153,-0.0140577237071987
7,0.0598535129486456,0.4701441564752509,2.2413864443686347,1.6925010131383438,0.1999808789043941,0.039373754745832
34,-0.5443972637089146,1.724460213423158,1.0704204003002982,0.8233271700622641,0.2000000098705592,-0.2572528111819968
3,0.0786012248219144,0.3108175336379969,1.6723905401912074,1.5514539252481043,-0.139543725012798,0.5679950184109342
2,-0.07758106554894,0.2995946402776462,1.711672698208366,1.526317308581446,-0.1649861690956502,0.3617317265278088
29,-0.3917702598979063,1.936107950329626,1.5144365514304976,1.151429986407038,0.1953919652209685,0.0491617055722663
36,-0.6647397317601267,1.5593679250123809,0.9346057611544594,0.9163817427223256,-0.1999999137866817,-0.1341500400918145
23,-0.4087151436409462,1.7250769301581457,1.4964585556325058,1.5945640826140448,0.1999683978089966,-0.1479678418444704
15,-0.3197432635146858,0.9899722058730652,1.6573004155096154,1.839190578228692,0.2000000099424057,-0.2238609792528236
31,-0.4149504695718348,1.835722576727973,1.44614647800592,1.0168152502299774,-0.2000000078319887,0.0436256403153367
21,-0.3609539387022032,1.5945341189357976,1.4202559749272208,1.5781594775079226,0.1998143691589033,-0.0030958580162949
17,-0.325848013106338,1.3145657417371663,1.6376963640239577,1.7725935988674568,0.199989019534281,-0.1762083305240028
1,0.0555313687744731,0.2322925347921724,1.5608269246902804,1.5737792559290666,-0.1999531360690487,0.2605642508510171
29,-0.3295627837187029,2.0419448680075623,1.4139067093518118,1.237071486652358,-0.1346036224836097,0.2115702381675032
14,-0.2318659346820684,0.988051951559312,1.6960619586196284,1.9158511343195967,0.1999698089236669,0.0453359919205401
14,-0.2875317919667137,0.8801016047940297,1.7054277072337012,1.8774411722849964,0.2000000099499584,-0.2532745180224593
22,-0.3832974897579472,1.6510967188700565,1.4637123104550296,1.5980696619005408,0.1902448160134385,-0.1283356747169621
32,-0.4776598929173684,1.856918728341839,1.361765001961265,0.9389439446237848,-0.1579727615640115,-0.2903672791462205
2,-0.0569292772678244,0.3363040584994038,1.7422999268114978,1.4936019907908005,-0.1524198327414874,0.2678962107946637
2,-0.0364096780526542,0.309768053801571,1.7613732308643932,1.472424213208457,-0.1996130809235435,0.2783529156383107
41,-0.7759878308749364,1.4626807933297368,0.8416934573089567,0.8880151695575164,-0.2000000099947531,-0.2280951684289403
23,-0.3374718266307365,1.8636238622811845,1.381547619937745,1.5795064278081696,0.1997877864885678,-0.2218676450934172
49,-1.0448080026715736,0.6743594395320137,1.8249939727273323,1.1600178100166592,0.2000000099926012,4.806132282917707
21,-0.365595419443395,1.7111339737130062,1.4393781694259982,1.6463942079999765,0.1352490829220977,0.016723916633412
13,-0.2445841695207183,0.8217357242323196,1.7392590745028595,1.897755666838696,0.1999831286217009,-0.1052469793682442
34,-0.5910794566765883,1.6251519359619595,1.0049361447480063,0.932506641834943,-0.1999968854613884,0.0951580769765837
16,-0.2378447315051611,1.1725943980563505,1.7110788185378751,1.928588198116036,0.199990649937923,-0.126098978772559
8,-0.0110820600903055,0.3493029938883723,2.358957785242472,1.7453841893922697,0.2000000099513665,-0.5671318664342031
24,-0.3868363880957305,1.7751666488673916,1.3659590455379824,1.5455715094001412,0.1998786266571961,-0.1622771126362026
31,-0.4099310981399547,1.9335174321016089,1.469147871309195,1.154473509150847,-0.1999591993380932,0.0051859215915476
26,-0.3480352233665816,2.082293881231362,1.211418450870786,1.3736196493886643,0.1558391924041844,0.1893986555922557
23,-0.4063082872542069,1.7207549506584392,1.4076038944211344,1.5904650123806672,0.1549935653384548,-0.0983766761804677
44,-0.982758660471008,1.0030512686302795,0.8657717249032597,1.2680287328780302,-0.2000000085803179,0.1890635577527671
32,-0.4061094629647824,1.892973563867067,1.371043232330356,0.9420750904075972,-0.1939549286082361,-0.5181093052215212
1,-0.1000453579287758,0.1710335170459903,1.5565515207734446,1.5748941815419837,0.1003977528052892,0.1846882355126708
7,-0.0724752339312876,0.5068114849528494,2.1721740821984152,1.8541769797481864,0.199509318837141,-0.2794112954130537
24,-0.3738916844791972,1.8439171599184387,1.3311392532348183,1.5261587545596256,0.1999237835658672,-0.1778575926168411
6,-0.0283608475122609,0.1678338790517618,2.216711782911096,1.617808960165764,0.1999981852562909,-0.1253405432505213
20,-0.3396345826342728,1.5092805460698475,1.544365787008081,1.6323955943017858,0.1999028343912557,-0.269620846323528
27,-0.3347836386502985,2.046391778151883,1.33651024463687,1.325474688157407,0.0251242784637182,0.3549025746802884
11,-0.1275204689846759,0.6770187539798193,1.8621949116375784,2.040414043158717,0.1999918652085951,-0.0316766341266507
34,-0.5812252125151982,1.6743557329898282,1.1277336070316246,0.8501459727173092,-0.1468455207860489,-0.4011345156018244
1,0.0779560190025159,0.2409961773803246,1.6198647330191474,1.5570183644004378,-0.1998744460397727,0.0304509122236223
27,-0.3376611570529751,2.13618470284963,1.220000467864371,1.3395688419171918,-0.0549698133894896,0.2535838729561102
29,-0.370812140629386,1.976986176624937,1.4865906177271473,1.2033501671064315,0.0486004653163163,0.0679952817635207
19,-0.3689467932890091,1.4043844037894904,1.4785625149011858,1.6740175115880334,0.1999983447890009,-0.1488568385425063
14,-0.2766173724563481,0.9576487366044564,1.7172949156400303,1.922445120135938,0.1999645327243578,-0.1825306589784059
16,-0.3034117999856785,1.1279330111150094,1.6707651625063755,1.8050111525574208,0.1999746335958259,-0.2022109236009627
44,-1.0035859814921475,0.9327597999552883,1.1635694891153034,1.3816811370412576,-0.1999999798611331,0.1484443588765907
22,-0.3847940512491145,1.5936797353493344,1.4753421703961234,1.61097683101751,0.1731271869678222,-0.1173085868281914
8,-0.0892140323028877,0.4678530502944161,2.1872253293295,1.5505766557771312,0.1999292282965376,-0.0466522800014642
2,0.055554993395739,0.364022135010535,1.5731112892415862,1.5700149848455291,-0.1973567101866171,0.3397562533580555
1,-0.077810774494526,0.3249948678373365,1.565008864798818,1.5722136418023909,0.1432837174322339,-0.2453006407741961
49,-1.075983183926002,0.6347067284109156,1.591961563625608,1.1900601499564876,0.2000000099327274,1.0069471793078062
34,-0.565532722547361,1.6940238826813545,1.0099201169571548,0.8920136567195758,-0.1999997383771594,-0.1851093629046868
10,-0.1090402819356866,0.5243064745588862,1.917101659872804,1.972928614580168,0.2000000099539059,-0.1771208881336888
4,0.0768666118144549,0.1269822444595593,1.7151148627188544,1.5115198637997962,0.0450920496343444,0.4229388435123348
29,-0.3496733115010824,2.0925155677634413,1.2932826923814158,1.32363524400134,-0.1125176166764564,0.3384963223524235
26,-0.3612134085502003,1.954720000943255,1.21903910646117,1.4169472470544415,0.1999787127295224,0.0880196386654688
2,-0.0779238424284361,0.2517802207789988,1.560025823363338,1.571854378661902,0.0264979068224975,0.4889893781877437
4,0.0287740517208317,0.1096653031296414,2.141300679245268,1.3253885080659882,0.199943787539114,0.2619806996030587
19,-0.3699401147337968,1.5011042233556795,1.5032887617733817,1.6817788731843597,0.1991312717437839,-0.2341364462605918
22,-0.3716724016438176,1.643931077370702,1.4828763981300064,1.5906067918197748,0.199754853861389,-0.1568966295531596
1,0.0552407643855424,0.3165349450155064,1.7409784654763083,1.5094870737348918,-0.1999136469735758,0.0055974645158574
0,-0.0111111111111109,0.2388888888888888,1.5707963267948966,1.5707963267948966,-0.1997852141949948,0.3683506733458357
14,-0.2784458500810605,1.1328488788640292,1.631742413328343,1.8480693164125312,0.1999915222306205,0.0933681617338313
8,0.0791481583688138,0.4669339094371011,1.7648018608477454,1.5241442014510225,0.1999315232199579,0.3213780061401526
31,-0.4387464233290376,1.8257967965715287,1.3432330610838277,0.9862356971589564,-0.1999699147492266,-0.3623457919407227
3,-0.0568140785681565,0.3794156961084092,1.7228084725243251,1.4955696143561652,-0.165422469874348,0.3912535725457766
6,0.0367212008200175,0.2565897853732718,2.319106043377195,1.6938260547055757,0.1999882009153853,-0.0493544130247194
14,-0.3083492215356877,1.0496233169117677,1.6823381642487387,1.8287636326388208,0.1999694403161316,-0.0809694270831774
15,-0.2674906232081921,0.985391078525476,1.6380133862283568,1.807850209171805,0.2000000099465392,0.1741784608702443
29,-0.365685578336509,1.982139383964204,1.522800748599327,1.1824087269135597,0.0081197308883767,-0.0374112551534712
13,-0.24652729081902,0.857823403223877,1.7147726091232638,1.8914935998574356,0.1999900175747236,-0.0878351745071379
5,-0.0179533433122933,0.1714843477192927,2.1394439051535468,1.3226410560480697,0.1986886883984644,0.1422120623721448
1,0.1003338266710264,0.3533522331898803,1.6583887125041823,1.5464134303521864,0.1404391704675205,-0.4256292802043318
24,-0.3674228392330075,1.8350341799416576,1.286805629965063,1.5232272036719934,0.1999589968358706,-0.0461189004909245
17,-0.3083268914296736,1.191322974236455,1.5972403968360762,1.715488946121936,0.2000000099625983,0.2182618290724484
44,-1.008386217657152,0.9167584312716872,0.996695312092906,1.3856009971228045,-0.2000000091533002,0.3543520625559429
37,-0.6912325848871397,1.5184979012918132,0.9376773862775902,0.9204579209710168,-0.1999999336046437,0.1067657963279721
25,-0.3624086348076451,1.924068145851756,1.225159605332971,1.502481486311356,0.1999165017948884,-0.1256706333397559
40,-0.9522487816013712,1.2379047721532468,0.6812251518156867,1.1323335119505469,-0.2000000088827878,-0.0426839222513295
20,-0.3831414899993279,1.5744183533006737,1.512933817752872,1.7004006908179814,0.055792116808413,-0.0201217249284769
38,-0.7784130661052125,1.3992060167021836,0.8563491637494902,0.95574796108661,-0.1999999137248813,0.0821026068045433
26,-0.3258107769521087,1.9893461573365288,1.2047087224808075,1.407360776015379,0.1999977189466064,0.227806150829906
32,-0.4516465970267069,1.8297551419515248,1.4375835711038676,0.9528281245958554,-0.1840868399081268,-0.4461005963233838
26,-0.3304321901751298,1.9949106921338813,1.162202046313558,1.3959999356231392,0.1999485790373635,0.3994880755084637
18,-0.3564839380915314,1.344229890844747,1.6265755788507907,1.6707925923406168,0.1997182507884737,-0.2954955795961998
40,-0.8304517885991958,1.412165833643164,0.8335367451098303,0.9455753410371892,-0.2000000099502006,-0.2389790172729042
47,-1.0270086434290835,0.792014861021214,1.24587571533886,1.351722506413456,-0.2000000099476993,0.3407358852098577
0,-0.0555555555555554,0.3277777777777778,1.5707963267948966,1.5707963267948966,0.0275446500877321,-0.1597308552689293
3,0.0777152312406533,0.4086467690147836,1.5702505903926234,1.5695651591376023,-0.1708287107490489,0.5211611093847235
23,-0.3962023655260994,1.7188042281870568,1.4923452279206852,1.6071484187781269,0.1999916223678443,-0.1534090212296479
3,0.0541543245040729,0.3047889328944257,1.689666218292165,1.515623642077389,-0.02095247517034,0.4846116751067178
39,-0.8350251101263296,1.3117737661508135,0.7525465498354773,0.9342053232695734,-0.2000000095236006,0.0803293163790951
9,-0.0915413864725139,0.4282612470262267,1.9713139171388487,2.0079554230355527,0.2000000099931625,-0.3271970458910191
1,0.1004059220465862,0.2078822912859032,1.6512323776867728,1.550095989438059,0.150584335188055,-0.2372562188605009
27,-0.3635349631646233,2.05559883198711,1.1593736177210037,1.3812985356015115,0.1745224153941022,0.2205372775395674
35,-0.6240575082425371,1.565182887802228,0.966396533944879,0.8650410073444066,-0.200000006183921,-0.1405731679735662
12,-0.212824612858124,0.8275782402468395,1.7515197257187705,1.9811841192492463,0.1999753361935562,-0.1381983714385602
48,-1.0961225420033478,0.6385411879044265,1.7606811570611338,1.10370865902116,-0.100480786508095,0.1788767835042687
34,-0.6280279089992129,1.6382700602550797,0.907578450688396,0.80171453006178,-0.2000000061461359,-0.0532703500744666
12,-0.0118947395995127,0.7754442768505982,2.0194413160116733,1.9518313054803285,0.2000000099548959,0.1426274495326538
12,-0.0989803844919545,0.7350301659506034,1.90916403482226,2.068981867124821,0.2000000099465478,-0.0204562159216411
15,-0.3271802115355996,1.069351948465047,1.6345706741001944,1.769172296758987,0.1999608029201351,-0.0661419830548533
8,-0.0581417949380677,0.3528014974729023,2.0837857286122183,1.9594172770930711,0.1999933412184622,-0.1447289423898062
20,-0.3308759590127337,1.5709367273117325,1.4660376841810088,1.666807028753917,0.1772251470451483,0.062076190965256
15,-0.3092159010771382,1.0527097373285903,1.6089837896808603,1.7931382851897066,0.199967795935639,0.0564511047266618
31,-0.4120256146167134,1.8438985656307303,1.4447112689402442,1.0223875029963578,-0.1999927218533094,-0.3203320405552408
32,-0.4615999140403444,1.8034384787457527,1.1894045150772108,0.9683713459799508,-0.1999727512860515,-0.2101476586339667
2,0.0976940738124265,0.0392545769938656,1.598451945925336,1.543107776789197,-0.1762352813271832,0.3884713132463568
44,-1.0167539579329026,0.8946930037234938,1.138991073766027,1.3464597896895285,-0.199999988633945,0.0277447887476984
23,-0.3475024970509217,1.6931212308983548,1.42076758767036,1.59910423924672,0.1999904906411315,-0.2368969140148147
3,-0.0487721010301131,0.0908929787968844,1.9510739902642111,1.2871700140435778,-0.0647865840828667,0.1872697227743341
47,-1.0488314531134304,0.870452375075653,1.2323021190848689,1.4210334698387648,-0.2000000099968662,0.3127081977150402
46,-1.0594806964946404,0.6845219879983927,1.4093873585250716,1.2986302807266132,0.2000000057714275,0.3327295346293738
18,-0.3172487415754597,1.284277494891509,1.5895922938969471,1.6993975150401577,0.2000000099558433,0.219756307327229
22,-0.3499599320791676,1.6301495246715083,1.418595732250486,1.5882298193407591,0.1999619178721433,-0.1062410880357277
4,0.0174627912227801,0.1385015284438107,2.251974285640989,1.4776890040119737,0.1734582413592209,0.1291683913109999
42,-0.8244937490921536,1.2997971332082137,0.9051722074535232,0.9764644857809828,-0.200000009970183,0.007783219556352
1,0.0080876665820405,0.2510244213649701,1.746044592061315,1.4791798432593584,-0.1093199530916746,0.2152621216292509
37,-0.793245364093811,1.3654033106679957,0.8261855887856822,0.8871909867775014,-0.2000000098161905,0.11717812524046
12,-0.2350391545630939,0.8160349987132073,1.7292496236648898,1.9342039552566588,0.1999707517825468,-0.1380791707791112
40,-0.8893150630845484,1.2342193443345058,0.7001521671798567,1.053870861536908,-0.1999999062845153,0.2114449720725959
31,-0.4004133495697146,1.9153312789319543,1.5069835568454604,1.1405639295666976,-0.19998654095879,-0.0402370605486246
15,-0.2779261415746482,0.9510571642844295,1.6419563415136675,1.803414486977868,0.2000000099570816,0.1360897026505287
49,-1.1032180648883714,0.6036635191832862,1.8010628195537048,0.8885404076914302,0.2000000099662848,0.6029354030813325
4,-0.0567908333500691,0.0481186267994204,2.144714550915744,1.3722497324818894,0.1739937361130294,0.1694161866747322
25,-0.347327147434897,1.7806020587456115,1.3189442018654685,1.5063048511171515,0.2000000013458303,-0.2638926545393082
1,-0.100357324151384,0.1933042551976079,1.654380620518003,1.538443609211132,0.199396475470991,-0.2636581019279421
1,0.0776792619286366,0.3879781636458442,1.5521915862944464,1.5754921624095315,0.1027069538937806,-0.3323589921710161
32,-0.4529219729322474,1.832065395153201,1.3076942237701754,0.9000830336835668,-0.1116384890558042,-0.487878818835023
0,0.1000000000000001,0.1722222222222222,1.5707963267948966,1.5707963267948966,0.1997793340465271,-0.3401533708222552
29,-0.3441599030683594,2.111717627914554,1.3510463471200804,1.3141645123109478,-0.1999987039484347,0.045181189082202
12,-0.1862961433235813,0.7741774938428859,1.836371132233415,2.035754303505398,0.1999916694619827,-0.1910845396393574
0,0.0333333333333334,0.15,1.5707963267948966,1.5707963267948966,-0.1998855370646332,0.3758363301168786
6,-0.034213651721221,0.2069325240433225,2.230027743675981,1.3527254631575452,0.1999796162733994,0.0457301871388809
20,-0.3483465320474501,1.5089057657193128,1.4671667898681502,1.6370863557991626,0.1912749202951328,0.0635561824664232
6,-0.0557940710795218,0.2105820355085126,2.140114455619086,1.4214249087541726,0.1999656579110883,0.1465264661045175
21,-0.3247595222970285,1.5459120494007477,1.4823239455607276,1.689957729646958,0.1999634683834161,-0.0101393296682989
2,0.0547715995445224,0.1364809477873039,1.7007902796056609,1.5177756264224396,-0.1995706031951999,0.3725178564322489
37,-0.7310163909245222,1.472960435445039,0.8508830882386058,0.9681588403956062,-0.1999999155591167,0.1528913991468898
19,-0.384079776309345,1.5961969777101268,1.5045196591552834,1.6663886030623385,0.1610632054784876,-0.1232696158787863
11,-0.159201716453168,0.7599429450671528,1.8263886171069483,2.061618474211692,0.1998948732180767,-0.2868057636451844
41,-0.9496136050736708,1.158635199027905,0.8846200460965551,1.2967698902533134,0.2000000092032806,-0.01199060152783
0,0.0555555555555556,0.15,1.5707963267948966,1.5707963267948966,-0.1998930286589152,0.3064476115556164
23,-0.3494378562015492,1.7142819280967845,1.3672318319466452,1.584780918485466,0.1999801385701657,-0.1647190677217969
1,0.0074261727655134,0.1480231369539686,1.7418012777951102,1.4748702997749954,-0.1999086112498785,0.2835873384847162
26,-0.3236410719135947,2.0183282286578903,1.2034092853453495,1.381082380721802,0.1999069742272043,0.3978101633664684
5,-0.0290410022494501,0.2009486321193046,2.200531118610177,1.46052821104451,0.1480943982219618,0.0579360421202716
32,-0.486807725024758,1.7751610605642036,1.2558468429192635,0.8567416197287722,0.1137094855548968,-0.4282077038716503
37,-0.7084852472848591,1.479655466701449,0.8829806459548801,0.90041010848267,-0.1999999259172396,0.07437720303465
1,-0.0778112039505722,0.2672868046876742,1.5627412172642092,1.5729887194181205,-0.1997964694988396,0.3778195589544175
49,-1.0814275045188708,0.650700523737154,1.8055870617416243,0.971965811230174,0.200000009965441,0.5898365547584427
3,-0.0640470592752236,0.1404549323484331,1.9429840753462653,1.3475391688425775,-0.1411036162915603,0.1689472078156336
41,-0.8179783064444566,1.3346957312532095,0.7887625778701643,0.9073684577161124,-0.2000000098939179,0.000298357861294
20,-0.3560232393241785,1.4762788367826143,1.5489518354323248,1.6878524173666798,0.0919910866572021,-0.094742816929846
12,-0.2216926788543624,0.8442157630834983,1.7424848797407488,1.969733071355824,0.1999701420598368,-0.1279024542316003
2,-0.0780530133536533,0.2583648873353004,1.5186438719418387,1.5839513194862862,-0.029188102897832,0.3174622222490826
48,-1.0384258368838986,0.6919538853989929,1.626584538319383,1.269476185608185,-0.2000000099467352,0.2799484987954101
42,-0.980132687743147,1.1255243774142485,0.8838964002814631,1.2405535138720505,-0.2000000089863874,-0.0368077752586118
42,-0.9511924235727268,1.203424558183244,0.8054917501893382,1.1701261685023066,-0.2000000094449274,0.0170017688479151
12,-0.1337226572045879,0.7687685577624656,1.838835413384512,2.084209093338125,0.1999828230542682,-0.086184481336085
24,-0.3849891105974697,1.6902498780352735,1.337953892990915,1.5948405539087265,0.1999776713317996,-0.2495468961341626
9,-0.1821883058909948,1.0518706086457714,1.8007753874527908,1.9864477424612736,0.1999654801425221,-0.1400013477121579
11,-0.1638122271575356,0.7782718822713499,1.8439365023747336,2.0065600881382424,0.1999241201947943,-0.2550929099611582
48,-1.0556905837153132,0.782170737562163,1.46113766083983,1.3913844084382525,-0.2000000099723559,0.4370136699895235
42,-0.808305643558545,1.334995589235562,0.8387432462212185,0.906736222238936,-0.2000000097876623,-0.3149597273039896
5,-0.0260768997511269,0.1763322293845588,2.2716307128455977,1.6001100720834214,0.1998108798375782,-0.0346138204546907
6,0.0627727294962848,0.4733049911022229,2.300289479145084,1.6768091623757315,0.1999843111678246,-0.0160071686324076
25,-0.3775497305039619,1.933676634890512,1.213041012236152,1.4739700854624955,0.1998070361001158,-0.1133194606025599
31,-0.4420149034932172,1.9130013825422385,1.4881863901999337,1.0172730153738505,-0.199968501442825,-0.4651916809624378
18,-0.3575368628230297,1.2732752872563609,1.5931016961720328,1.68249287344065,0.2000000099655857,-0.0254561045991778
46,-1.017677435753004,0.7884709803134624,1.3235559920456748,1.3931410562598667,-0.0202300556962423,0.5027201269317065
38,-0.7962040632907315,1.361641562041232,0.8238407122578959,0.8892836213861889,-0.2000000091102014,0.0611747587208947
26,-0.3524031725161851,2.0484727309564787,1.4336604783919196,1.279802873761244,-0.1319158599163709,0.0961821200312158
15,-0.2598343411482799,0.9867476913561432,1.6615089709546904,1.8541150629500989,0.2000000099529281,0.109767474876134
18,-0.327158594076128,1.2825882145071463,1.6133403340962271,1.7531188720590685,0.2000000099536908,-0.0265853376803615
30,-0.3946424376354024,1.9550618222251503,1.5016202116992812,1.181900535216008,-0.1999484404840423,0.0177689938988848
29,-0.3668363956497201,1.9836616387388064,1.4676800326785049,1.2192912288871554,-0.0001332674213581,0.0965245460893371
13,-0.2629961801371069,0.8945694801121143,1.6989615010705332,1.8971876253620628,0.1999755066853384,-0.0783357801742369
43,-0.9964105029337136,0.9676205418363208,0.8926801405087039,1.341029756798373,-0.1999997766085224,0.3307973202038113
17,-0.3414504700782867,1.254204192704655,1.6013646815872735,1.716603847467572,0.1999730988309883,0.026389463085313
36,-0.7221726294013413,1.4482930294108518,0.9100751551475864,0.8550295895190555,-0.2000000083055145,-0.0842656730725679
9,0.077898734670884,0.5252965353533955,2.202472557374511,1.7159820258899832,0.1999948964221708,0.0427711901046585
4,0.0164607048358215,0.1148405073830193,2.218678087988172,1.4544864687510124,0.1708858652411193,0.1603511624963335
28,-0.3616224319690561,2.121977153135692,1.4258783246066908,1.3009002678883883,-0.2000000095728374,-0.3671383912181216
3,0.0071479314614194,0.0811494002964001,2.078768991264138,1.370551508380947,0.1994767966671246,0.3147289851282926
22,-0.383117321305473,1.688224627454873,1.4209566945817809,1.597389939446049,0.0866070144709346,-0.0772794472231186
27,-0.3301026959246619,2.2169296987077325,1.348288339623485,1.3504005921551865,-0.2000000093401278,-0.2808385014551223
17,-0.3337580741724057,1.2690167827160987,1.610047792145286,1.7332403635866376,0.1999721350731388,0.0115697367029814
2,0.0298137507927391,0.1920618630135557,1.7183829406884057,1.4851652901733776,-0.1998709185742305,0.339036064643042
1,0.0776999739424539,0.376094655877178,1.5506227063622813,1.576384532914986,0.0940682458298616,-0.2535371728810632
39,-0.7675377608374435,1.4494564359117543,0.8947022446027009,0.8557428483310819,-0.200000009953902,-0.270404871799075
12,-0.1554805391743253,0.8485230341358796,1.8668500180441527,1.973798607862321,0.1999903016673973,-0.1303833654895153
38,-0.7949369132948664,1.3638666441952527,0.8248051377621035,0.8893025364726517,-0.2000000091523685,0.0661136404617733
22,-0.3471647129071451,1.7217113686119034,1.3542018319156508,1.5950597737200356,0.199932563437663,-0.0657793283867645
8,-0.0300143849531724,0.4001128506660619,2.1734175952759127,1.9511980841003345,0.1999716063081679,-0.1844154310200511
21,-0.3443135414126133,1.67010799015951,1.4008070277657847,1.577705003909084,0.1999749094040638,-0.0331300775629522
23,-0.3839480942384981,1.7787542003881154,1.3453332493689398,1.5437732757002218,0.1998744429990156,-0.072150793595961
8,-0.0056132269619599,0.3493639305425099,2.281145849325929,1.987224258290451,0.200000009992757,-0.5603085588380355
9,-0.1142283498610195,0.5255444689813312,1.9337754743781428,2.0130367912229072,0.1999847198309391,-0.1321213746449724
12,-0.2033820634779719,0.6534447865834989,1.7927041175451617,1.9270124512244768,0.200000009996921,-0.1734072779320659
21,-0.4081915444026566,1.5757240102718355,1.4975910829987864,1.612617280818986,0.1293456475955568,-0.088709046067097
11,-0.1846298120050137,0.6354963335238523,1.8111021661793376,1.9734989338304965,0.1999936142004507,-0.1535226497505823
12,-0.1798767832520366,0.7640763943289041,1.7438195730235917,1.9782551868371387,0.1999820513801502,0.0756073960263518
31,-0.4008961222125218,1.8725328513486628,1.45865294436482,1.0519203252730367,-0.1999902114154495,-0.202593676985885
34,-0.5476349100857991,1.682638054657814,1.1572790751841406,0.9391807591739748,-0.1999984336645958,-0.129463329687316
15,-0.1861351985637009,0.9753553407441508,1.8002702920374016,2.029162539904171,0.2000000099940525,-0.2890754564838181
24,-0.3556260860105142,1.9187687191189489,1.3155259672356774,1.4994823238372703,0.1999166037478048,-0.2665063831927913
22,-0.3701595167797903,1.7933631578133775,1.384177972623382,1.6054288058168875,0.1271451028578274,-0.0104576571332776
4,0.0290919357684465,0.1358804622753933,2.156986832857452,1.3669855272430709,0.1999443080968685,0.2965300951835876
47,-1.0298156363567237,0.8916917022930579,1.0130017279323678,1.327416902404423,-0.2000000099980862,0.4596107189863043
1,-0.0997766724865936,0.3415106029971892,1.6729856441405158,1.5397593116223642,-0.199917255103053,0.3130695353230715
46,-1.0730283752195435,0.704297770390795,1.5126866372909884,1.3308445206399786,-0.0789007938693868,-0.0130090598710543
28,-0.3235205782895828,2.053005709010449,1.1975270631399493,1.359750460678882,0.1999839323489557,0.415653597473561
2,0.0550154886425033,0.3724346303457964,1.4906743576238357,1.5891522055586649,-0.1371248871107649,0.397983721336658
19,-0.3594699502133778,1.4629129142773931,1.5602694200959544,1.6744466937447733,0.19992496461117,-0.0442348380035608
29,-0.3430429146832431,1.9976633231599432,1.426814698674951,1.2116172671426175,-0.1999822207635798,0.1125337903511863
27,-0.3481388066716498,2.102682524064355,1.274947010972772,1.337124966972479,-0.0133999926081873,0.202807317648946
5,0.0160806732977612,0.2101100558704365,2.2528483728554587,1.4725186231296985,0.1999562317276965,0.1301971277909008
1,0.0088292981051205,0.1675459018491699,1.715521947541509,1.49736398385667,-0.199902309714631,0.2558586163512676
30,-0.3429470335321085,2.0055609574445814,1.4884528080609185,1.1405523599437533,-0.1999952071264872,-0.120602521496969
7,-0.0503373122965942,0.1979422538316872,2.236719057956014,1.5385948824874127,0.2000000099952076,-0.5000340606710262
0,-0.0555555555555554,0.1944444444444444,1.5707963267948966,1.5707963267948966,0.1331731936600837,-0.0938280440611772
39,-0.8414623852720284,1.3042776398900586,0.7509101080384593,0.9534383050548306,-0.1999999859567106,0.1287560488800301
1,-0.0153797894990063,0.1207058397574521,1.7551756503046194,1.464640656138075,0.0090561934001516,0.3488553962393252
42,-0.9700609399159807,1.0523727178285072,0.8657586800671856,1.2739155495778318,-0.1999999842745314,0.4159594297368262
17,-0.1958478268616531,1.2406793509794398,1.7055567177620272,1.944791671860421,0.2000000099939403,0.1657355214595771
5,0.0153183885040312,0.1710703930415287,2.258873122824685,1.4559316072913575,0.1999633973257341,0.0813285648652607
48,-1.0397309871996354,0.6892921440923013,1.714030341306005,1.227950168516159,-0.2000000099633362,0.193897184998899
23,-0.3700278049479795,1.7518270233692292,1.3102568875295026,1.5846236780732152,0.1999141267447368,-0.2066178770982942
28,-0.3599548590719607,2.048867708034024,1.4137845086541514,1.2789978664505737,-0.1061967810241414,0.0042931152060918
9,-0.0647397717679269,0.4465766654061959,2.0905625420298914,1.970560591010644,0.2000000099478515,-0.4073958027656938
18,-0.3605490299923714,1.33681328665472,1.607299399622951,1.7164081345123967,0.1998348687181533,-0.2265521763189392
5,-0.0650815927629384,0.0855043890738413,2.093971842029367,1.2927497583481626,0.1999984939147609,0.0032471234562908
39,-0.8439755917974125,1.32934863656378,0.7271371838803383,1.0022216583455257,-0.1999998806238133,-0.0065867536488813
34,-0.5778144043585177,1.6657298241073624,1.0836601439524252,0.8572222919283765,-0.0373166461641588,-0.3140533480774687
28,-0.3621367673436591,2.0451205422080645,1.1904613422837595,1.3728183160892675,0.1799187553767053,0.417757809039482
26,-0.3510864871771414,2.004895687137736,1.1934933462891897,1.4195136709002656,0.1999403834111643,0.1899953310065264
24,-0.3254011404249132,1.7950120145660051,1.3214820074525218,1.5916368183043563,0.199988486325292,-0.2732054538084794
21,-0.4057137649834904,1.5791332318260838,1.4964884902026991,1.6129732237558154,0.1115620209856981,-0.0761493372370428
47,-1.0478661261133797,0.8136233643528157,1.1477249628540616,1.3527963589554992,-0.2000000099752158,0.3630941507913744
8,-0.0273839540885029,0.268137673521129,2.3590337159719805,1.6612461578759037,0.2000000099784071,-0.5971589426793628
45,-1.0417267492735809,0.7362297114987476,1.3334777265776372,1.3674961302942583,-0.1510488097678785,0.3641884210431493
11,-0.1659240009143676,0.5878334288221208,1.821387910344873,1.9814307833473743,0.200000009957592,-0.0522205964533093
12,-0.2089348014761271,0.7144581024022777,1.80262299353746,2.006575109787474,0.2000000099526724,-0.2953878890461415
40,-0.8763646122788654,1.2533855703044643,0.6996061923590045,1.0131224973204445,-0.1999999495509289,0.1985484389345313
7,-0.0755503359294967,0.2671205503412843,2.2152919149477697,1.6927336817247205,0.1999641375664873,-0.1537792472289737
33,-0.4929620458355669,1.7633431151353318,1.089361020671701,0.9494679685584044,-0.1999987981085395,-0.0606874825134153
33,-0.5240777843334465,1.7264364698648738,1.060294699416572,0.918040827745652,-0.1999827550437904,-0.0074794379101345
22,-0.3856437850698782,1.5869140574688116,1.4775706167009215,1.6110410986993708,0.1359415572038089,-0.1487342695090643
20,-0.3722874146804655,1.5303103523146635,1.4269854629124428,1.6472651584144695,0.0014793515094804,0.0218569324106384
33,-0.498936123279995,1.852027850987638,1.3297140086677413,0.9473596793027692,-0.1999599103166456,-0.3194110230373813
22,-0.3446262740612342,1.6283371617650084,1.4689637469735484,1.6170003956149468,0.1999280423955349,-0.1315298311676476
29,-0.3145380476157821,2.076999195031469,1.399946586289678,1.2681038771688218,-0.0593521502681288,0.2507250568331341
31,-0.3873595315772514,1.95483774126302,1.4773275713112692,1.215368071703432,-0.1995133590349936,0.1540711770422617
19,-0.3536733231758507,1.3510003865879665,1.5877535911884646,1.6902305220424505,0.2000000099367805,0.0642176830011762
6,-0.0070735951530588,0.2078329952353634,2.2357139895346503,1.5760143614711644,0.1999375493092967,-0.0048620924895175
16,-0.3410881254205859,1.1868480765628455,1.6209384007987122,1.7375736509791746,0.1999852664741233,-0.2071591870770796
48,-1.0715953921323644,0.6684907704826134,1.726979642235909,1.0746543614677853,-0.1367765620460136,0.2002025123484485
1,-0.0118485448177299,0.2570006247131663,1.724229903021131,1.5101676331553693,-0.1997042990323558,0.2816871557602052
30,-0.3643270362615114,1.9794797193035,1.545129957886794,1.2017570747455126,-0.1999866031625996,0.0114021149289703
25,-0.376893137003782,1.9563299740843585,1.2623975473132472,1.497714733223359,-0.0187213208451954,-0.3018659950807045
20,-0.3005047479892934,1.553251978400762,1.5076856362309794,1.7344292630527036,0.1817501261604941,-0.0398683088333692
28,-0.3714699005408122,1.995206190073992,1.1494187163796763,1.41736037692635,0.1999870069949681,0.3842405919709193
26,-0.3755077871635677,1.9571436929835648,1.519156471886907,1.18096769024057,-0.0517731751859037,0.0490316980149853
28,-0.3228279289513425,2.149411891658474,1.2810419230398278,1.3672046596728806,-0.1999753950289266,0.2043216486557764
1,0.0109686625573682,0.3073609155095719,1.6091867061939578,1.556214063075677,-0.1993168354309019,0.403745076075477
6,-0.0796516058350407,0.1937923403868986,1.7052252749588828,1.5038465716332885,0.172719150490326,0.4446800101815502
46,-1.0868904154513848,0.6608691324776063,1.7628702289101223,1.040875562642767,0.2000000087193075,-0.1649038550247744
27,-0.3309407406298837,2.1157190793880822,1.3034363957729678,1.3406623628323535,-0.1262506932786648,0.2657790198172412
37,-0.7650031961937748,1.5211646217648491,0.8923251229014735,0.9107019216378236,-0.1999998840041624,-0.2995590078004072
37,-0.7239918152650082,1.4469511646179605,0.9079578603294234,0.8561727228697418,-0.2000000093076917,-0.1082831169735206
47,-1.0303662783995762,0.7232280906087745,1.43090354377893,1.361023667266304,-0.1406957471203084,0.6491286374217015
0,-0.0333333333333332,0.15,1.5707963267948966,1.5707963267948966,-0.199754981867732,0.2746246162523801
45,-1.0451783993010182,0.7690995962743808,1.2459795037892205,1.3648482221442126,-0.1999999711678505,0.0211380772183492
4,-0.0492415582465316,0.0837304405402342,2.0861901427295546,1.2353770404808746,0.1999477170157168,0.2804708906673858
38,-0.715181908595753,1.5167234910701743,0.8030468293275568,0.8793703605920185,-0.2000000093758346,0.1274529357619454
17,-0.3482273405687766,1.1591913537339291,1.625328262397323,1.8069888515228183,0.2000000099623501,-0.1642850319808358
47,-1.019810292925449,0.989816916927302,1.0511926236238818,1.356806577032588,-0.2000000099984317,0.4357585583695787
45,-1.0225321809981769,1.0207460682332077,0.9683096977558474,1.3543039647617223,-0.2000000099103142,0.4398766567116683
31,-0.4054603338949958,1.8575955248109253,1.5122805210438113,1.5434632537733377,-0.2000000099456241,0.2629715480477446
24,-0.348413160457046,1.7945128189036248,1.2978089759734015,1.5181738594785004,0.1999900695456079,-0.1761559362367089
9,-0.135842393172102,0.6668616153728062,1.879087613024984,2.001292262066505,0.1999563931943995,-0.0691807272078418
2,0.0214830637236497,0.1877809548914691,1.9427430192616324,1.3189982931308766,-0.1302574230218409,0.0934743602404447
34,-0.6129935836608926,1.5783680362246824,0.9959717924383024,0.8618367805343387,0.2000000094362292,-0.0878435845538954
10,-0.1283228076962622,0.5054969279187344,1.859642014899526,2.0168004321093003,0.20000000995286,-0.0946723949054925
25,-0.3609241708394357,1.965557192294635,1.214517572470601,1.4281845520354597,0.1998928560652562,0.049604083285637
11,-0.0156638669871027,0.6770377025825827,1.9604273574387896,1.9496443218476065,0.2000000099514346,0.1921238872582572
36,-0.6598188816114287,1.5219874457769482,0.9050336080279688,0.8713633708574247,-0.2000000078393474,0.0895407028676112
29,-0.3385839941238071,2.019610340176168,1.4828311326589922,1.16281073841285,-0.1999770772186894,-0.0202114551556075
22,-0.3909533578889945,1.7350296025020853,1.4905835120615103,1.6088497599360452,0.1998938676217139,-0.1646074084939013
20,-0.273827952910012,1.5368678964567346,1.589259059229169,1.7921190783535432,0.1999953381568063,-0.1951432183477056
47,-1.0280010824750263,0.7326560633473802,1.40914107585815,1.371910305598834,-0.179137569158232,0.6700753218860727
44,-0.9829453130292384,0.9805631549160544,0.9680034192886692,1.3502801105134363,0.0055883508267992,0.4138809738712443
49,-1.0972273288470544,0.6357183135989806,1.8020642521467547,1.082286153986674,0.2000000099928151,4.851991724076487
13,-0.2668150197243135,1.0312533449054402,1.7029891843583922,1.8698934795963804,0.1999388233059407,-0.2482164250870421
13,-0.1239026166788914,0.8826072708470114,1.881319396501441,2.101055106383153,0.1999704195482737,-0.2034183476707453
23,-0.3781068813790556,1.67376359331404,1.3779889279156483,1.5418921599613065,0.1999464284959753,-0.1542548676381518
20,-0.3732599122262029,1.504883738932562,1.4899988273576996,1.628729465062624,0.0503799439221037,-0.023115456220527
6,0.0626536511242348,0.1921948196683436,2.237057701745305,1.6207230086870166,0.2000000099559916,-0.4481279350180724
49,-1.0382414786015453,0.6924796567755939,1.6228193762388567,1.2721964552843443,0.0212909387846803,0.8058357556485755
47,-1.059597843406042,0.7571086101066634,1.5068561854448657,1.362383848200008,-0.2000000099369684,0.1519793960288265
41,-0.914574910903742,1.1811739648683153,0.6928243684258799,1.1227530843189126,-0.1999999714110764,0.4031737170719555
37,-0.6802308470627378,1.5007137152133152,0.9796557734396796,0.9391127743655688,-0.1999999805805218,0.1155927929966544
30,-0.3775135264905278,1.9863558682756293,1.4522101628270487,1.236720435008109,-0.1998232162258325,0.1533626276234797
11,-0.1988223084564455,0.6295552983992251,1.796730407574449,2.0006794076849737,0.1999958853338207,-0.1953096016908769
49,-1.0937886688410692,0.6252125180698334,1.7754349284446298,0.9437982957222406,0.2000000099677815,0.6532713969897029
48,-1.0270197769428555,0.9012406606868214,0.9936337946590524,1.318639602216556,-0.2000000099988989,0.9055138466123402
5,-0.0775392932675476,0.190880881717024,1.905701586106096,1.458766885291472,0.0655192804331385,0.2816920529555716
36,-0.6634372166481622,1.51801519196755,0.900462363907371,0.8745606919965425,-0.2000000079024117,0.1129364719958991
10,-0.0027037172532249,0.6599866968225196,2.1549757915225367,2.0281535581327788,0.1999894173318618,-0.1238076021285213
44,-1.0228543754886124,0.918099484207912,0.9826539671656233,1.3101569840529372,-0.2000000040700458,0.0527958752022134
4,0.1025164820476887,0.0563034425963009,2.0035271247192927,1.4990191845094136,0.155422925280404,0.1007838916274037
3,0.0998013711059524,0.3673997734323816,1.570108470567737,1.5664661197429897,0.1070620937509894,0.5388465405646038
26,-0.3466257782706808,2.00815126881398,1.216197147798745,1.4007233315731826,0.1999600871123828,0.2099798972653902
34,-0.5790968159968515,1.660565031556512,1.105334990718637,0.9044351257163732,-0.1999969577748596,-0.0661400854473386
35,-0.6202150167134067,1.681664975504182,0.969757710644279,0.8927572113698777,-0.1999998756748751,-0.3050283739227525
21,-0.3811181799748411,1.5854097196958856,1.4692419255760054,1.6227597326231564,0.0053619768964921,-0.023459327933682
7,0.0997740204676639,0.3897626180303373,1.5573307211187224,1.5540649751778135,0.1999514165155735,0.6458925531176357
30,-0.3592376539488284,2.05714129502816,1.3650039630618434,1.30147631899088,-0.1469258374187582,0.2705961798604164
41,-0.8359627415102854,1.3111884223935946,0.752892387160335,0.9380195008173896,-0.2000000099375166,0.0573522174728012
40,-0.8842765415024492,1.2380535938730033,0.6996143917229514,1.036245775075104,-0.1999999960079725,0.2320348982284532
23,-0.3890997228525402,1.7027196566260154,1.4213044616070132,1.6040027178479914,0.0714141907674479,-0.1625793479475225
22,-0.3421036013289752,1.7192945834272608,1.3638121830907206,1.6139256067628736,0.1999088413086582,-0.0842654375559313
47,-1.060154124002024,0.7487907733805863,1.5134431245413165,1.3514151469304008,-0.2000000099404267,0.3282492507892688
21,-0.3369518548641089,1.6505438996979394,1.4223127300527434,1.6269614587729384,0.1995004902014661,-0.1733368854822639
27,-0.350755705700609,2.1616288885890564,1.3078549849477152,1.3502401084773856,-0.2000000089865376,-0.2068084588611385
43,-0.9633454057614456,1.2072774019426398,0.7201132821526866,1.1599473933913795,-0.2000000099432013,0.119041961323968
26,-0.3780039600562369,1.9723717704037016,1.4143975088980536,1.2600820146149003,-0.0307993048803071,-0.01483681020836
24,-0.3733246665342416,1.8845969014313408,1.2492622519519667,1.5401434233828053,0.1318363419699446,-0.1607424612107025
14,-0.2360195754216191,0.8422473172015522,1.7255305955794196,1.913549888570719,0.2000000099818239,-0.1475136943224252
49,-1.0725187819226043,0.7003730177210572,1.5230013179269175,1.3234891914337232,-0.0352903487609738,0.9617793160110027
4,-0.0391395093216468,0.084488302348688,2.08205916831759,1.3313459983367668,0.1999264255688099,0.2646674636013058
49,-1.0447961416369491,0.6745977634057764,1.8400402861323693,1.1536090866164006,0.2000000099928634,4.776039656108094
39,-0.8287255212587695,1.3246116229856917,0.8353100279953818,1.0025280770685694,-0.1999999296699739,0.1674438144123473
22,-0.3895065735794882,1.6534097062174014,1.4451061012831072,1.581846645373305,0.06999482588868,-0.1417593136672125
19,-0.3525041651259885,1.3930122939523752,1.5044711465623717,1.6431567584824895,0.200000009959361,0.3947380769688837
3,-0.0663292753553445,0.1089117201311377,1.884652824201856,1.3542691447361328,-0.1269697566810768,0.2181535574535115
1,-0.0603839996271225,0.1886195266134557,1.7838642024372104,1.4485444858318628,-0.199919164669165,0.2264381585302952
5,-0.0093999360446221,0.2439988516276168,2.1840884620931487,1.417034982814781,0.1999739331610418,0.1967435100944226
30,-0.3736341828647785,2.008242165470128,1.5103890349137226,1.1853330764985046,-0.1999738382050469,-0.0856957490737619
4,-0.0139032496497898,0.1252378554463382,2.150352116878256,1.3752584965068952,0.0842206010958713,0.1850570452324144
35,-0.5275136212321577,1.679526101287773,1.364991637938891,0.910965561984682,-0.2000000096557323,-0.2577671447992573
15,-0.249688820877369,1.0302569175417824,1.696163867661033,1.910309031568734,0.1999956102208825,-0.1306631144517327
1,-0.1001702009751539,0.2735341229795517,1.6731517920878272,1.5343655054356338,-0.0726553783947119,0.0801484701407744
16,-0.3448133340545753,1.079889555315365,1.6280614594605307,1.8094834758441072,0.2000000099400794,-0.2144834042885637
49,-1.0809456420160335,0.657885485747688,2.117528756209884,0.8131639629925695,0.2000000099588177,0.4636877818937303
10,-0.0446365879634391,0.4915698438707369,2.165550504871879,2.1140014936535323,0.2000000099963661,-0.520126788005647
48,-1.0595058621636302,0.6860703034610592,1.6676035501040731,1.1790671703774558,-0.2000000099620925,0.2387497006181994
8,0.0593509039358759,0.4718624259073514,2.179424316683088,1.8296322369202629,0.1999887631859908,0.048262437068828
3,-0.081167414195426,0.2309886716081676,1.8899558717992644,1.4208610406377669,-0.1971724211971339,0.1811346502825448
45,-1.0175039841847908,1.0424331155322009,0.9411845924940448,1.3288545160174472,-0.2000000099097925,0.3856097903452969
5,-0.102835762503215,0.2777024547857338,1.7103726713342242,1.466791073979974,-0.0584887821058983,0.420287353825314
26,-0.3299911322893986,1.9860075216434183,1.1839851411667208,1.414950438231363,0.1999881527408874,0.3845056405774745
13,-0.2710206771772457,0.802097363202339,1.7180073196676116,1.9119750970002063,0.200000009957073,-0.2586396070541628
20,-0.2787776051856451,1.5332736811701533,1.5936271856215338,1.8517200585758573,0.0995239602678327,-0.0826168468945461
30,-0.3203940040208723,2.0010322063286363,1.106420916565929,1.5020306148064786,0.2000000098806512,0.5127894910373205
15,-0.2567016544547394,1.0631386195096884,1.649093841263328,1.846807073287384,0.1999778404752658,0.1499814626302067
42,-0.9832557941838472,0.9940488640676592,0.9607848534968236,1.2951049770954086,-0.1362583959561093,0.3240788359981685
8,-0.0449094031950903,0.3942396692965218,2.185471601168505,1.941945669461498,0.1999810912248154,-0.3077354871048812
45,-1.0416691646987484,0.7353106017687918,1.3076212262991702,1.3778689567066411,-0.1327912217540372,0.4265127848094974
32,-0.4508544151634149,1.84083394997412,1.4407417547115453,0.9653068809794286,-0.1999782944100715,-0.3394472115442489
45,-1.0564022669139244,0.8108670393630457,1.3458836200323443,1.4255658982331882,0.1356885022089446,-0.02493338329467
16,-0.3006505793253674,1.200802037584161,1.6581099266794066,1.8374927174862603,0.1999642596825437,-0.2447576592503722
30,-0.3662341909562041,2.007062147797302,1.4889658557085568,1.2141298637247098,-0.1999915164136523,0.0497057262294082
18,-0.3433980866243318,1.3630021694821042,1.6161278899741034,1.693145630054521,0.1985901234469933,-0.0829621222523902
3,0.0162328075884302,0.0785513317669728,2.0272460589793067,1.2397064060792045,0.0657808053813712,0.2224775439729724
20,-0.3770138034119061,1.5033880553921708,1.4041340956299324,1.6285539603254853,0.0380226947685274,0.0551335684335826
2,-0.0779174915842772,0.3446860346620473,1.561354369917188,1.5711042407190463,-0.1475167341532015,0.3945130470336691
29,-0.3596475987608051,1.9421572971948184,1.464377195635114,1.167132952055772,-0.0397863463144087,0.0624789963970831
45,-1.0022079805399855,0.8801985858389163,1.1399427811291556,1.4032709512829415,0.0248086415305503,0.4417899284898209
27,-0.3542750424370542,2.06555153445908,1.220257376381431,1.360344983993693,0.1304219180661924,0.2122456084719327
40,-0.7723623734652105,1.3687048079778423,0.9430749389019352,0.9557047588775518,-0.2000000097838651,-0.2213146232574046
32,-0.4082925277150743,1.856234659097508,1.5168460505690913,1.5388430796147274,-0.2000000099607102,0.2199618227258391
10,-0.1728477002860171,0.538069759338487,1.8364464100445808,1.9458710453279988,0.1999823796114527,-0.0879019896416445
12,-0.1720154503215298,0.7807058678878372,1.8319582004427848,1.9547262377980703,0.199976298410302,-0.0844069242954467
1,0.0996732144424491,0.2972957743729527,1.506729313233171,1.5872100129506124,-0.199343991340975,0.04931298319486
37,-0.7244629765730228,1.4462321699785328,0.90838618675736,0.8566382800660541,-0.20000000929603,-0.1072748809083938
41,-0.9127321361458676,1.2078457040484674,0.7513901226855078,1.1007764777136684,-0.1999999829121661,0.2298192341751659
9,-0.0907771953653854,0.6268266202072292,2.0218337262657027,1.9843061298587503,0.1999834887244096,-0.2066799913159568
8,-0.0107486650917154,0.4064236766279392,2.162812822559152,1.97771375077699,0.1999751837182163,-0.1220613570252021
30,-0.4010811839693877,1.9343799848884,1.490323339649711,1.1517527022751006,-0.1999703584805428,-0.0108860012923475
24,-0.34817002601797,1.7223910775081497,1.359155097105775,1.5366876162729255,0.1999982908579384,-0.3263180051233106
27,-0.3003003174343954,2.1115636234899395,1.4670234593239169,1.245582715001642,-0.0927889684737279,0.1216053841807526
26,-0.3544407486220003,2.0305802242503264,1.2111510569837431,1.3978793389616098,0.1999149732143029,0.1251101002334665
15,-0.3105577122242478,1.0573306082491154,1.6515226374056675,1.800854214139937,0.199987250031746,-0.0798767574522465
5,0.0775462268017791,0.2950843626803839,1.5403236905720572,1.5774155809682129,0.0074282712986896,0.644489235355753
17,-0.2658331068364677,1.357973440206978,1.6817125054684023,1.895267862243218,0.1999443057322644,-0.2731993114082362
2,-0.0812241936010628,0.1746943655437333,1.7160167980110392,1.486831996575298,-0.1998752154892477,0.2908230623046458
9,-0.1269197562313655,0.4601740723772724,1.9890210793538583,1.929302736428816,0.1999622179044131,-0.2885893175114074
48,-1.0693256597047764,0.7105680783494015,1.475857009240661,1.3404409970047138,-0.2000000099472156,0.4235986363759977
7,-0.0832603622479174,0.1922962304118972,1.9691722253945207,1.3673495135241442,0.2000000099789797,-0.2042767349703654
47,-1.0488597817262169,0.8681317569291402,1.2496002885189397,1.4226172433019268,-0.2000000099967777,0.3012671433216768
24,-0.3612555321009137,1.8870438197515065,1.3380594697901076,1.4984418911893267,0.1017195189330369,-0.2334676531325845
8,-0.0927478598386385,0.438752953281902,2.110311751314674,1.8219945211037076,0.1999771077030061,-0.161371100229977
31,-0.4012236369210148,1.8648332524960471,1.503588748225246,1.561252297184368,-0.200000009920092,0.2665072426004065
15,-0.2617113055174276,1.1038807312365562,1.723321390399013,1.962176188819064,0.1999743988483511,-0.1274996245034053
7,-0.0048255829671181,0.3135635907255283,2.246320945271526,1.8539280541414267,0.199964590115437,-0.1358645594581412
21,-0.4103757927808578,1.561404849036851,1.500855499007974,1.6266522798926255,0.0958896426844326,-0.058804720522208
11,-0.1377650892293329,0.6392439949059966,1.8586003864791727,2.041079950598054,0.1999943747720214,-0.1056667928341974
49,-1.0893719020245207,0.6393264766382292,1.759624244937943,0.9797871421241616,0.2000000099680641,0.6776119470026438
12,-0.2335452185192548,0.7433443886973938,1.71318640639345,1.921493044876312,0.1999757718976662,-0.0469944172438098
10,0.0166778721214903,0.584242830509414,1.9674503452105905,1.9071881567230768,0.2000000099586739,0.1569080577355336
6,-0.010239339583447,0.2213060525565827,2.275412247576986,1.7424874034678512,0.1999584529813379,-0.1060470574580514
26,-0.322729032802002,2.0288336238458986,1.1962806294348578,1.3756281289630423,0.1997538160867958,0.3994092338339999
46,-1.0629992660351912,0.6915096972476991,1.408335001268659,1.315522975304992,0.2000000064888346,0.0217260087939591
3,-0.0285546354865094,0.0946304628026528,2.0010880837824683,1.2450609059249096,0.1997753196849371,0.28447246082303
22,-0.3667514055424367,1.6109020706552877,1.4227083175308213,1.6679998705921386,0.1970000945841954,-0.1683139991762756
29,-0.372316814222812,1.991875297463008,1.4736034805562834,1.2300627061147391,0.0514064720728069,0.0863382625032455
28,-0.3686813175352386,1.9873014314842623,1.4407346295800547,1.2576403588824971,-0.018562965595113,0.1272805835252156
45,-1.0042513880286308,0.9290841311514056,1.1819386117078865,1.3819025462157335,-0.2000000085729775,0.1900496247965946
36,-0.6411282428575312,1.6226390953086507,0.8944210345533232,0.8014058725536892,-0.2000000094235925,-0.2179464099326397
21,-0.368044716858045,1.5819652248797984,1.471320786574159,1.6485698225589511,0.1999159610659039,0.0047224838233988
31,-0.422211787699557,1.8583392256665328,1.454052879535828,1.162129003917271,-0.1999891078620493,0.0279873816524693
22,-0.3747466730874217,1.6247109561809827,1.3907155893894665,1.623005929890063,0.1996407449072591,-0.0970608567759508
41,-0.94169663983622,1.160687314470415,0.7531182077289786,1.2551924120100035,-0.1106268819462104,0.5003254823126978
20,-0.3693280734737941,1.5132448846928754,1.5350652346995215,1.6897859020435293,0.1556827702923685,-0.0414845638216937
31,-0.4158717134371376,1.8936674986761408,1.5068243213822967,1.0199374378029136,-0.1999064668376482,-0.2809329074592479
3,-0.0217710609864242,0.1269232706605881,1.95094475112551,1.139876023720227,0.0466932235588253,0.0999447777443882
0,0.1000000000000001,0.15,1.5707963267948966,1.5707963267948966,0.1999174993829104,-0.2489113344568137
21,-0.383518583763951,1.5891339674500458,1.4688063553210835,1.6185467725313836,0.0205365535218727,-0.0353153717373978
6,-0.0500042685300025,0.3065473469990863,2.2038109759476523,1.6551611478818562,0.199944542833699,0.0117751059595987
46,-1.025598214391834,0.8487250794399536,1.1930400922894506,1.3683358058041948,-0.2000000099199235,0.2806830095526172
5,0.0406660474548784,0.1408812000110249,2.252089732387338,1.5563999095679335,0.1999888303392876,0.1039685116920639
44,-0.9873862259144566,0.9567856895371284,1.0177638428893427,1.361142936832238,0.0994649207353315,0.3581101595389737
26,-0.3016851669460762,2.069473376828004,1.1597632254150252,1.4499699187446873,0.1999825358953585,0.1918922900856085
4,0.0121133485043858,0.0779576538276666,2.058053114512239,1.189923552530241,0.1996728716986639,0.2488993523332975
31,-0.3821532989682417,1.9288594068566696,1.4165548096087317,0.9900616638204172,-0.199997852792652,-0.4605239413198133
4,0.0435478676227697,0.2167806164842926,1.9901355850186688,1.2967095155292931,0.1316821277880298,0.4119467726958796
5,-0.0940951759137421,0.4134340690862198,2.0911012972381453,1.5940861212220516,0.1997131145387999,0.0713622525248873
19,-0.3737903028766617,1.4812591900149867,1.5080396021392684,1.6725808834308842,0.1998876770910825,-0.2075161129351406
4,0.0574658191446195,0.3439749237694172,2.1153161684658865,1.40333339456471,0.1995936713222075,0.305493601039793
30,-0.3669615747590256,1.963913432756338,1.4552327255394797,1.084140941372808,-0.1999771927635892,-0.1227904121954146
10,-0.1377716001934185,0.688603924674772,1.9193548197534425,1.997457075598811,0.1999577333552241,-0.2302760427381674
6,0.0384350072203165,0.5516175175762806,2.275087933683027,1.6890925575719204,0.1999837760806871,-0.0103791922916059
26,-0.2868955370603387,2.1563667552859465,1.3814211944725852,1.2962846050553702,-0.1998455987406637,0.1471351550795684
27,-0.3292578403212025,2.076780446738418,1.4304495257439718,1.2911505045414116,-0.135019043032682,0.1655482202345199
5,-0.0493364365982358,0.2119701484187856,2.16713693092135,1.489779485461883,0.1999741599531103,0.1538759436317922
9,-0.0919448757635988,0.4137085240233367,2.024151046821151,1.998818362206568,0.2000000099931072,-0.3862930243003837
45,-1.0476295201602992,0.7403657498908947,1.4449092662569625,1.2775331238129055,0.0553256650545228,-0.1358555215587037
21,-0.3754902230643916,1.7319524843455538,1.4338309365001063,1.6504501908403053,0.0830039186962864,-0.023147876467178
8,0.082187057377283,0.4620932987073671,1.994892087825809,1.4724821662673886,0.1999758009049032,0.1214302308662939
15,-0.2717326875432411,1.10504452479765,1.687484790631805,1.8921020860474544,0.1999919072873651,-0.1071658761915427
0,0.1000000000000001,0.3277777777777778,1.5707963267948966,1.5707963267948966,0.1824898363326433,-0.3521421311466172
20,-0.3548751179087578,1.4745233667423645,1.4713909412410595,1.6215877978597262,0.2000000095377989,-0.5561866646693476
21,-0.3363080060252303,1.6015751339122852,1.486181710907493,1.656418796732226,0.1999761274091786,-0.0185122270657648
3,-0.0008263814505002,0.1183545973862882,1.933535867431436,1.3222303375280506,-0.0938790464124906,0.2577390385030466
14,-0.269827995464246,0.9357660405066618,1.6528468588974814,1.8489630650761788,0.1999824642793408,0.0703275273314242
13,-0.2314844216136458,0.8360125818011621,1.7028282890704016,1.918759736419011,0.1999769335785077,0.0274081534291232
25,-0.3072317424382809,2.079619166711432,1.207138397791658,1.360736884683561,0.0789337444817535,0.3918629243775479
31,-0.3720189694793905,1.945870714136352,1.4940196881678445,1.047669825610125,-0.1999999362419288,-0.4627356573306077
0,-0.0999999999999998,0.2166666666666666,1.5707963267948966,1.5707963267948966,0.1267728261096937,-0.4128075021898794
19,-0.3703349525844773,1.440430806413279,1.4944463884655916,1.6662227955121662,0.1998442368609806,-0.1475748888194072
40,-0.838130520512477,1.310232817543617,0.7521250183370451,0.9448764668292842,-0.2000000095601604,0.0641976816597035
16,-0.3140328188968596,1.0295504109971545,1.631924440213714,1.7775367553265675,0.2000000099969142,-0.0720471479979768
0,-0.0999999999999998,0.15,1.5707963267948966,1.5707963267948966,0.1997652969348927,-0.2996355163111939
13,-0.2395109123040622,0.969635522541093,1.7156836251404624,1.9148113840338423,0.1999748181759396,-0.1841134751129964
11,0.0242492332167904,0.6445283781363974,2.179619469740663,1.9604509578963167,0.2000000099629496,-0.3305368079861089
29,-0.3874666292398183,2.049663831959901,1.2250675866988043,1.433441544686226,0.2000000098046527,0.1035672104769909
9,-0.030608002151556,0.6503696238515626,2.1540345610152576,2.075651055108509,0.1998940915469906,-0.4538006918020803
41,-0.9114849432366128,1.2022572708707755,0.7452895453322999,1.0902466192425742,-0.199999988742148,0.2192683898947882
5,0.0191051385025591,0.160288199859575,2.268362217568248,1.5611755275476158,0.1999309453453648,0.0760109167541532
6,0.0133350498564006,0.2400169442755115,2.2532794224706034,1.6912014403957385,0.1999777959921125,-0.0090521299243484
40,-0.8762077384870963,1.253359430374996,0.6988434540715556,1.0118226283042226,-0.1999999496529867,0.1965214640930609
24,-0.3652106447867471,1.8863840447551488,1.2918341427234414,1.4830976372670184,0.199334291977243,-0.1543032402877775
11,-0.2037083943174516,0.6191563549735366,1.794905839114146,1.9357638445029817,0.1999935767815824,-0.1913308726193792
15,-0.3003153297704703,1.0042968530898575,1.615716011324201,1.7817830520977105,0.1999994312188063,0.0936855854713323
6,-0.0997890905426767,0.3306646789744651,1.583163776495729,1.5588124972378798,0.072056935929712,0.5120940788637003
5,-0.049966685774886,0.1458579736246902,2.165020437040601,1.4689171753169352,0.1958240062749748,0.1353307120195428
7,0.0768854875567609,0.4511437233449025,1.9929398717966416,1.4106509350672705,0.0854329802984415,0.0970898376615607
9,0.0678011025590174,0.4692381001875273,2.1937310761448483,1.903242386206355,0.2000000099579955,-0.3798313441274381
34,-0.4784911786802702,1.7666863605263343,1.24847597154128,0.9457881458534664,-0.2000000093907775,-0.0836412765384452
22,-0.3473671447488446,1.637651221075466,1.4436934972789626,1.6085825064434134,0.1999748490909562,-0.190905122145822
26,-0.3513243379031599,1.991903026895228,1.504893492036734,1.1919363347923435,-0.1211420119589211,0.092657997418896
4,-0.0054134312693343,0.1590800486363329,2.090013534822736,1.2248442897143674,0.0442945372280255,0.1906336659189856
28,-0.3390414155589066,2.0726249098380984,1.4434275207693874,1.2933391293894636,-0.199949003198301,0.0208416393327672
9,-0.0748748210415976,0.4474615688562467,2.090882492312465,1.9604735557888315,0.1999991121385786,-0.3112468229689619
20,-0.3300201957029465,1.568415014260965,1.3834275850394917,1.7267126858720068,0.1998085211083551,0.0490764877634385
28,-0.3706032416700501,2.0002342879591293,1.4622799242523057,1.2388801792464417,-0.0417252182637635,0.0239509371417404
26,-0.3420204398915252,2.073386081959636,1.407744181403194,1.3025623218066538,-0.1849256438494654,0.1413310546958707
34,-0.5659581356908877,1.7537072496915165,1.0759190740671496,0.8942968070790361,-0.1999998415391636,-0.3869064294820329
10,-0.1106733179841853,0.6274781693002011,1.9169104109194617,2.091041850532293,0.1999531595936143,-0.227938096802025
17,-0.265982022548698,1.1656167598272125,1.695817424976502,1.8997499790600547,0.2000000099539345,-0.1986584198791571
26,-0.3451067251568264,2.056281246606711,1.4457632089641432,1.2800165122289342,-0.1650721640823761,0.1141980712720182
49,-1.083847865155929,0.6592987654249689,1.772496199381356,0.9724116566012142,0.2000000099679319,0.6336736891576653
3,-0.0225172691767981,0.0272135093149267,2.092926309504781,1.272757014286808,0.0658986710600816,0.2193077437162629
27,-0.2997174264486754,2.1185386010747504,1.2481318796661238,1.326759660687556,0.0497486325603988,0.3645684692727107
24,-0.3933860939052437,1.7500034029915394,1.4907200942423682,1.6003638547745176,0.2000000096735898,-0.2902795900508716
10,-0.1488041281872674,0.7075784089323278,1.885197249301944,2.009701153748873,0.1999891363786114,-0.2039213998178235
32,-0.469718084193211,1.8108114370444184,1.4055059338596203,0.9968795628819864,-0.1999924379844721,-0.3514962180588313
1,-0.0999368603349653,0.3368237153022397,1.5848081047323088,1.5670662820268413,0.1746543527629723,-0.3671927574069232
8,0.0814517882501894,0.4279815887492885,2.0332130762424807,1.4844360227377382,0.2000000099529401,0.1881243670769111
35,-0.6458656832253431,1.5967609578905613,1.0000683379851951,0.8714337290327442,-0.1999867461532073,-0.1797237315418166
4,-0.0441373907080143,0.0851059287242799,2.058584571876798,1.2857122133407828,0.1217230793094463,0.2458775670221662
46,-1.021134367593262,0.7685044793523175,1.3586823801186425,1.3895033644138346,0.0577050889097025,0.4777909096334662
28,-0.3622249420072689,2.108224376446111,1.427386132129703,1.29619494863536,-0.2000000095791647,-0.3855275448637898
11,-0.1493643216313478,0.664277191378711,1.823381760218416,2.0293862049415563,0.1999788993960309,-0.0289748490243777
31,-0.3970943592162876,1.9042931398852327,1.3961711498585083,0.95641191742844,-0.1989298161229538,-0.4861134053425826
8,0.0845192095444022,0.5096788027449941,2.1528240452196936,1.499142912114369,0.1841646865392315,0.0420082019254558
49,-1.089040044197494,0.6641607124316118,1.918698457130466,1.0972711038603922,0.2000000099367763,0.463687774624487
4,0.0828394949818447,0.3188263965484179,2.067440421381269,1.4932864481615975,-0.0828497439704936,0.1152205859374482
16,-0.3015357805334124,1.1436920929290406,1.606057153144155,1.7778689414229232,0.1999652540244016,0.0957362709233152
25,-0.3091815811687766,2.094621396550232,1.4513735315438847,1.298331352070819,-0.1380548524466768,0.1859339762911137
21,-0.3771583626550937,1.7595615158774076,1.3728176253524165,1.5850543235703436,0.1506121971991756,0.0612230634989016
32,-0.4478222906516854,1.8379296899569744,1.4481871126489976,0.9625018728454382,-0.1869575138995031,-0.3166420605222757
20,-0.3823928132089457,1.5289958982599832,1.483783627921019,1.6446804521525364,0.0637433789720254,-0.0323984484135839
6,-0.1011721060630254,0.3332809091169521,1.4683299447086195,1.5600793215090354,0.1982084663257171,0.5860491937232677
26,-0.3156003976900858,2.057119433890353,1.188722183057342,1.3683631393044953,0.1534973625989109,0.4009885666075347
11,-0.2186894836943672,0.8644839687153616,1.7636788907137255,1.9394339985151063,0.1999884936932842,-0.1399513201983601
24,-0.3444693696506966,1.817867491913248,1.2875866825368742,1.5082564584631817,0.1999797106029127,-0.0810855666963116
29,-0.4374822795027948,2.0023701410464603,1.3344687345114092,1.532442204753696,-0.2000000084274788,0.1873096799095739
14,-0.2907242013849808,1.1254504477221774,1.6849798812207322,1.874941276317856,0.1999668222431916,-0.1766279291309246
18,-0.3634299648296104,1.399089238863098,1.5570167462017874,1.6990954492815684,0.1997820054439122,-0.0232461341545089
1,-0.0333202765909484,0.3512890482617627,1.628600732484136,1.5516841260167111,0.1998277384109952,0.5657188495111121
25,-0.3820568522760108,1.916552476342733,1.2539538080480437,1.4773283055471795,0.1623628614852322,-0.1967850869481309
38,-0.8155703618963581,1.4318287585596785,0.737041619667087,0.8648404408728667,-0.2000000099738666,-0.0505216066441942
28,-0.3403137408169758,2.133319595262023,1.3061617276010746,1.3075689686509306,-0.1559694005688098,0.1848337015507658
37,-0.7686612673275864,1.488591391737356,0.7859052280571799,0.8206875360739136,-0.2000000096596488,-0.1301222359990243
19,-0.3747930098393328,1.4522167638994263,1.51431276375917,1.666213135254082,0.1998900149088929,-0.1653806325732036
35,-0.5965709576654822,1.6527480625213478,1.0243151074873986,0.8584994107685162,-0.1999998487888529,-0.2748486789611654
29,-0.349179383685031,2.098828167155371,1.2896728786316256,1.325458261866736,-0.1140423006475934,0.3403747487782176
2,-0.0396612962283586,0.1327610339970655,1.8467003936555724,1.4095984231543883,-0.0466227744714999,0.0712849161323458
28,-0.3512617173835803,2.148806214705199,1.2964246655490737,1.3577368331326185,-0.2000000080645238,-0.0974307781959058
0,-0.0333333333333332,0.3277777777777778,1.5707963267948966,1.5707963267948966,0.1992797627007023,-0.2246322642711005
45,-1.0299732513307838,0.8923222260857085,1.0204123510655505,1.3295727601253964,-0.0712150313146156,0.273381274686439
44,-0.9765423857312177,1.0108230697889806,0.8628905686226229,1.246355286924909,-0.2000000082524775,0.1368636510974171
38,-0.7693303224669689,1.410993956509461,0.8624479892340045,0.9515606973600556,-0.1999999332392976,0.1434934260554712
6,0.0553681153070952,0.2807048294325217,1.558829822638307,1.5714674715003267,0.178449060670266,0.6484669512203132
44,-0.9942029170580502,0.9970446753862414,1.0508130068127235,1.3818187180340926,-0.2000000068510303,0.234959906635068
7,-0.0656020096763493,0.4677208663996345,2.13010069454578,1.817979841189208,0.1999470671089267,-0.0930017838588942
43,-0.9432374615161974,1.2456924998733896,0.8174655223873,1.1477605311830714,-0.2000000099610241,0.0949133757540176
49,-1.04478475291847,0.6744985346473787,1.8275216641512253,1.1592966299591922,0.2000000099926439,4.801076900070007
48,-1.039412075750261,0.6904083948382598,1.6753929192808013,1.2433291116941652,-0.2000000099612044,0.2312698501421779
22,-0.4103407413069165,1.6498270253730585,1.4940712871637682,1.5954688112741091,0.1180961000430626,-0.0796137179496364
5,-0.0261097874321757,0.1538743615567227,2.24784974853066,1.527920259189937,0.1998948047566443,0.0452538935691411
17,-0.3502554241527595,1.306450832852944,1.6055878969517092,1.7237846263205414,0.1999599129079857,-0.0452146091509036
36,-0.6850775897971296,1.5246929561249558,0.943098940947328,0.9116540103457464,-0.1999876254500453,0.0798944430850411
38,-0.7722359696310296,1.40424476810163,0.8966593980709212,0.9067207898326068,0.2000000097470186,0.2522430560933231
8,0.0520630213860037,0.3991299756071514,2.2440828616407256,1.7684351208322204,0.1999962439376691,-0.1410371844264379
43,-1.0004920078153667,0.9352921568903652,0.981542415501369,1.3769893456378286,-0.1066746939847978,0.5195328445904389
17,-0.26705835182843,1.21986319054588,1.7133007339666195,1.8567722202053727,0.2000000099664212,-0.2073503377732866
24,-0.3648643043856485,1.8923811772837813,1.279501017038446,1.449140279113034,0.1996233902073584,-0.0965457981309526
21,-0.3780941516361117,1.5475584311347874,1.4296524301466524,1.6332395127650523,0.0371321637828469,-0.0315011275199713
35,-0.6194341402320055,1.5706493603526848,0.9784848662700992,0.8624354955063482,0.2000000090755362,-0.0413140545486989
24,-0.3738896417229861,1.8206601976718868,1.327015955993209,1.5744835345656434,0.199943628537278,-0.1392913930763777
0,-0.0555555555555554,0.2166666666666666,1.5707963267948966,1.5707963267948966,0.1998113801917315,-0.1459848141006434
10,-0.1034012048469295,0.6342739101053273,1.9197536530580857,2.0564646581762203,0.1999570060546148,-0.0795104561355677
12,-0.1226389834871512,0.8586391875086835,1.8696059072997908,2.042098740952563,0.199982057549307,-0.0282579018794538
30,-0.3836206815375784,1.9548243562585603,1.4918067465212683,1.195038103551533,-0.1994088367637456,0.1233473700063421
7,-0.1069770286415305,0.5452545681009129,2.077653673538242,1.7559522378653627,0.1999340549086272,-0.0750852958103192
0,0.0555555555555556,0.3277777777777778,1.5707963267948966,1.5707963267948966,0.1453550219856765,-0.2790400847193641
21,-0.3528991791994629,1.723667213992106,1.4617241221156458,1.7008568889690452,0.1504909607386683,-0.0137619923618793
35,-0.6239519788120158,1.5737324759147535,0.977123831459556,0.8674245746805613,0.2000000085510483,-0.0252121398254212
41,-0.9198348811386304,1.2869656057164305,0.7657564962890486,1.0895871561863857,0.2000000094909565,0.2653392603932315
41,-0.9489174173926206,1.1230607978894886,0.954986305568086,1.2591960234454096,-0.1991861698141383,0.3209780596116842
17,-0.3407280206222468,1.2839466419924874,1.6172015225090426,1.7120505950458476,0.1999722568587326,-0.0385997657042352
5,0.0861951597979058,0.3037023601308024,2.2625579545882086,1.53023865003265,-0.1375529795142217,-0.0189197918264543
40,-0.88325138206606,1.2508882617572512,0.8517012753064837,1.0064670948299677,-0.1215547663601115,-0.2128234599483676
24,-0.3973521023871746,1.7583185918410298,1.4922963670131306,1.5929357816323917,0.2000000001549698,-0.3642751678564854
4,-0.0125609573681905,0.0936431829668679,2.178838805356298,1.3782899334607706,0.1511301003934962,0.1788299620310249
18,-0.2628633402415787,1.3804436472939807,1.6539291898374795,1.8902611543632124,0.199933958354282,-0.2846218836176875
22,-0.372276716336256,1.6714443302065956,1.4118200612807912,1.6189016173521875,0.1998613430833514,-0.3039621201541195
1,-0.1008758410063033,0.2591626360946554,1.459509783485208,1.5930100953979691,0.1995755167598053,-0.3190768675873981
20,-0.3968345663137352,1.5734617261303865,1.5027922811594348,1.654592409566391,0.0507917761343918,-0.0293059920881616
6,-0.0790506893535633,0.2707647343887001,1.612171002724443,1.5364830292111051,0.1021109899274862,0.5118848030874408
12,-0.2079857292226226,0.7562994539914986,1.7357394779708724,1.956794656448779,0.1999903656795865,-0.002514665081089
0,0.1000000000000001,0.2611111111111111,1.5707963267948966,1.5707963267948966,0.1479827513564997,-0.2135011802728961
46,-1.0554676111400303,0.7055918760273624,2.230750349411045,1.013529573453924,0.0943854468348865,-0.2133994072738571
24,-0.3369722764218552,1.9228891764845104,1.1490301015463211,1.4883033050536794,0.1999458130268846,0.1889787140035584
24,-0.2999977437829695,1.980763871736854,1.2053733403470854,1.497546053453769,0.1999837564019015,0.0298748394083333
24,-0.3162589676195974,1.987989459534134,1.3019495501048968,1.358295489593428,0.1999362815457453,0.1279251064780893
5,-0.0329427762315943,0.219078407702033,2.189819903173719,1.360893260254202,0.1428383208512114,0.1495967556077528
40,-0.9156343748198577,1.304784420901631,0.6562386053290705,1.028333624441746,-0.2000000090910445,-0.0789010458118098
30,-0.3675950582217147,2.0092565842019714,1.49137938230082,1.224490080061361,-0.1999934201460708,0.0863591732602522
0,-0.0111111111111109,0.15,1.5707963267948966,1.5707963267948966,-0.1998254647636516,0.3758563771383168
45,-1.032730320619336,0.7783473540203292,1.367220386015559,1.3549854110440749,-0.199999978116662,0.005765547854774
36,-0.5931838623316944,1.6180488240189628,1.0467490638282635,0.9436098757323276,-0.1999999909179933,0.0865967901580895
24,-0.3489387104130649,1.8244276948521485,1.2540121721711497,1.5369460437343931,0.199969044575043,-0.0169274813357499
16,-0.3251637269703736,1.1076146740067032,1.5855306024339535,1.725016641563329,0.1999952251938019,0.1640455816222742
14,-0.2739366084252938,0.9993910121759112,1.7159592258420329,1.927941920536269,0.1999828310520441,-0.0975518644494984
6,0.051518834907941,0.2578686586898277,1.7601411892708878,1.4641500027345469,0.1998358185404324,0.4823778947633598
11,-0.1915701336560868,0.7193468846594752,1.7879276732590537,1.9757926472336675,0.1999590040045201,-0.1421491260460437
29,-0.3587802274392783,2.055033733062249,1.3750667619195325,1.2997411248693351,-0.1601013823569405,0.2656992632707031
34,-0.587915897640105,1.671710564143701,1.0075974327341355,0.8724221098690911,-0.1999784238849213,-0.1668368467689894
25,-0.3518197900362894,1.91082143906642,1.2235458333007605,1.5342676437715188,0.1999508726686542,-0.1359045922941043
27,-0.3360167359075842,2.0628294355626986,1.2908444186570427,1.3488583242242866,0.0068412330439542,0.3745781828767222
28,-0.3285198393229829,2.0325282999758887,1.466057446846042,1.1559628498932109,-0.108830747256696,-0.0217789388083541
33,-0.5420511086265134,1.773492524519232,1.1452090750124793,0.911575501260896,-0.1699704989910686,-0.1662350937781347
27,-0.3702849271866475,1.9833392833282624,1.1428530002620558,1.441199886787988,0.1999491205285761,0.1728912383009575
9,-0.0619351960867697,0.5295634674807969,2.109316581300856,2.0232659628030265,0.1999340884861316,-0.406476277665731
8,-0.035922784620244,0.4000346645399915,2.194785830625568,1.9684468815889693,0.1999451127400283,-0.3271561093015165
18,-0.3505965213448611,1.3779651612054882,1.6269739831967838,1.6858355607250264,0.1970312608633072,-0.3051548367526253
22,-0.3774788560600994,1.5817656823123585,1.399685265936346,1.6056491337188643,0.19991375672199,-0.1243240067555599
20,-0.3578230288450678,1.5460956263255274,1.431202431464432,1.6847438350906416,0.0276633267576574,0.0181015683036028
0,-0.0333333333333332,0.1722222222222222,1.5707963267948966,1.5707963267948966,0.187302503413352,0.0196295760059881
4,-0.029500129351914,0.5982949383805792,2.128489415184414,1.6350899644164885,0.1999715251287856,0.0688975301689427
9,-0.0495939634547414,0.5434789624873654,2.0654838244107108,2.073560624892634,0.1999894727925681,-0.2215328757205296
1,-0.1001222506098609,0.319049531882833,1.5133100568693978,1.5882682506248849,-0.1996694223573842,0.3080351725481009
10,-0.1408545145045598,0.5889740824873279,1.853321362133256,2.0439677127293243,0.1999577180026444,-0.1098569583502492
49,-1.0972093576974955,0.5982405801582338,1.7188768857803485,1.0562350740674895,0.2000000099659395,0.7821150022463123
28,-0.3622834542193621,2.022000018491371,1.4004929224636893,1.28657906696868,-0.0650787792628202,0.1229368450072751
31,-0.3908714153910869,1.95097817551288,1.4745201031353812,1.2079791018222734,-0.1859446770871221,0.158991001336066
28,-0.3672852014962013,2.1172201318489585,1.4674082371082644,1.2859496882699426,-0.2000000096150151,-0.3927478414153093
28,-0.3603463743529981,2.041332753964921,1.4251475940134863,1.2718967898970843,-0.107869511746169,0.0284117872380339
28,-0.3387626639334845,2.1086462424801566,1.23485550011066,1.3711780391401496,-0.1184400919470087,0.4084355308963814
17,-0.3294137581862198,1.2212959829074823,1.5773272151735167,1.7112547131031262,0.1999842593462544,0.190941325528611
20,-0.3370449537136821,1.5416105371018622,1.5363459410753588,1.6524500122201964,0.1371248002654882,-0.0378980223666344
6,0.0393208906325209,0.2864835251831447,2.3233875865724425,1.6204040346861854,0.199964605209796,0.009276959791299
22,-0.3744377635613699,1.6938121900580407,1.4274250956522934,1.5642366348984236,0.1717782219282294,-0.2703702788136178
3,-0.0173523251766368,0.0707952973342292,2.063986811889708,1.3468059749017656,-0.0050458873610118,0.2435738242599778
45,-1.0425685495467494,0.8870810582503198,1.1521748947587351,1.4353104344595355,-0.0053633223806279,0.3967825344478355
15,-0.2732038429085746,1.0387852141059477,1.6429101983692984,1.8367472704219403,0.1999817482117067,0.1022683057945742
29,-0.368106167637426,2.0251737840080497,1.3692443865027766,1.2912581912247438,-0.0346899022304062,0.2646231037120952
20,-0.3796185077145363,1.545440732240541,1.4861678267505507,1.6398108563233462,0.057709189267762,-0.0330902664072789
48,-1.0481805046145587,0.7237921959415908,1.6489985604957391,1.2175485350916666,-0.2000000099653534,0.2589289654275369
20,-0.3388598711143187,1.491598896919208,1.5449577989664416,1.6370653319778004,0.2000000096708773,-0.6209188404932174
1,0.0322033220088686,0.2152829694158766,1.693947703638349,1.516390903398987,-0.1640079789167456,0.3518565610279833
18,-0.3672441122176732,1.483645477147412,1.5008884566512446,1.6833247763997072,0.1997811377956615,-0.0099422093799536
4,-0.0385530232255451,0.3464676239506928,1.9567092758136484,1.383074693052373,-0.1464428657274635,0.1956380583244316
26,-0.3435488662424253,1.9770647527860647,1.1967307264592986,1.5429848704804514,0.1999870310043432,-0.1529810840597273
30,-0.369806395688137,1.961172400559704,1.5150046246734004,1.1322379701489642,-0.1999572782423535,-0.0456443294459364
8,-0.0744486064416532,0.3144076957648935,2.117598765590463,1.6821058068134531,0.2000000099565808,-0.3995849432375216
21,-0.3767189146424469,1.5340827744554617,1.4900961658593754,1.6426481487872695,0.1999053730804754,0.0318889477427637
16,-0.3034464701102495,1.0143240630409995,1.643236325183187,1.7983668365415193,0.2000000099969277,-0.0853437716800057
25,-0.3427608612666193,1.930105681408442,1.1453077691283564,1.468761075783687,0.1999644482256758,0.2358934795891949
11,-0.1130233857135914,0.7325594762854144,1.90541230986384,2.0581418737482275,0.1999918969701944,-0.1160899106389988
18,-0.3606217947504744,1.3548719276836974,1.580902592339788,1.6971436751604327,0.1997615134363582,-0.1587821012064061
8,0.0365805886642294,0.5222358982730163,2.16673439840344,1.9012059266833088,0.1999871043072751,0.0045077619798332
8,-0.0200699552609709,0.4018519542675567,2.186274250098739,1.9087564794370715,0.1999904247056485,-0.1295789083818193
0,0.0777777777777779,0.3277777777777778,1.5707963267948966,1.5707963267948966,0.1640131166783088,-0.3736574044589015
24,-0.377339638620047,1.8831476647971352,1.2402533116426806,1.5238026479729554,0.1407087963245788,-0.1414395415444266
35,-0.5918426192281029,1.672865335002354,0.9797175760057312,0.8082050299681224,0.2000000094414986,0.1731841274114861
33,-0.5088994997562114,1.764612466876739,1.2817988768526156,0.8761407653910436,-0.1094949053698157,-0.4984474861713313
9,-0.0769984555962785,0.4679103984130727,1.6693952279773097,1.5555253636632431,0.2000000099584608,0.5068384078407258
20,-0.3967097507462632,1.5167025609241445,1.5081718983736376,1.6590300230892008,0.0809515225306307,-0.0411904872162661
10,-0.014287584087503,0.6558254537992985,2.2150231646981577,2.041304982932122,0.1999856908658051,-0.3934609719724007
28,-0.3629328759685039,2.0315569208254534,1.175197389968906,1.3939259471392331,0.1999645927809995,0.4460742280882827
21,-0.3820295528521127,1.5760827049909052,1.5097674886372427,1.6751645530420398,0.1171476062105135,-0.0595869601013146
19,-0.3633374596540083,1.5392120005326917,1.468471405157123,1.6728745577779434,0.1993704046891797,-0.2047337209174826
25,-0.383147713376388,1.822501253856848,1.3204398612168171,1.530435204278232,0.1999456197575701,-0.2857351884643952
47,-1.0626309907922045,0.694752366215685,1.5972296568241455,1.179599233258649,-0.2000000097232138,0.1092782094453482
47,-1.0604514045366815,0.7587055019979204,1.243423874550734,1.3454650203014296,-0.2000000099603328,0.3116274886776211
35,-0.6651253499281438,1.515263689420692,0.9016884538021426,0.8733372602874055,-0.2000000078275937,0.1247260591654671
6,-0.0047945040210783,0.2245298492727306,2.2805033345481576,1.623961563089377,0.1999640083884282,-0.028466420114903
25,-0.3025793919879115,1.9288811444224587,1.2316115657475333,1.545056746675168,0.1999943233094297,-0.1087970531195821
12,-0.1877804685565944,0.7519546784832356,1.7589895884182791,1.93571376296084,0.1999928955029355,0.0727349097704436
42,-0.9379804417256662,1.099153249180712,0.8442197079446654,1.133626396563309,-0.1999999913816034,0.155404800632767
9,0.0028404074471077,0.6591698341120331,2.223954666464051,1.9953120953715409,0.1999898811829515,-0.2006132865108376
38,-0.7710904227386839,1.4832511424028243,0.7860965142634253,0.8230418848640227,-0.2000000097775723,-0.172369083495828
8,-0.0707872314045093,0.4357924015749672,2.141715000444327,1.532225849924194,0.1999663928323446,0.0232724818828563
35,-0.5835073240139528,1.6354293329468967,0.9482318556487336,0.9225140107538266,-0.199999922423772,0.1142953634861649
4,0.028576573983321,0.1479249301359212,2.120340616503034,1.324767365024663,0.0816002678405392,0.1901627860068207
17,-0.3368691656533824,1.2763348802747354,1.628379521020923,1.7405893846276066,0.1999917062433069,-0.1650230134379095
15,-0.2591244906776479,0.9845512020187146,1.6887502456691603,1.8857592254765077,0.2000000099493305,-0.1192362226615903
35,-0.6755537909344845,1.512930391427819,0.9259021254864076,0.9071819407866824,-0.1999724058849092,0.0507211533049629
9,-0.052600154990843,0.4928920559256949,2.1335510574163115,2.018123525807743,0.1999445876847168,-0.4302535982646097
4,-0.0610591695886168,0.1084503401125083,2.0576230446484427,1.334524053288917,0.0200939849495327,0.3154430206348913
28,-0.3583927413681808,2.135097219844296,1.4310785243895392,1.3171885241469727,-0.2000000096241005,-0.3188138566887427
1,0.078046380223854,0.3299186185754446,1.6444649259236197,1.5501076695760845,0.1238763692864429,-0.3950672447640496
27,-0.3395487149853777,2.110496727596118,1.1771134369598375,1.3724866827584816,0.0903573218155714,0.3147998386804446
26,-0.3489304854678411,1.9776843024908328,1.2103035574224346,1.422034156875578,0.1999604462278666,0.1445893208482122
21,-0.3719916874460686,1.8621907199555308,1.282571987309728,1.5446260508675878,0.0058150726727676,0.1402591873395128
13,-0.2088041214134157,0.9453216502885764,1.7476641562873572,1.9554132512688949,0.1999728271552366,-0.0612301592782417
2,0.0008029664561634,0.1833353774272386,1.865554184713636,1.3679267161545887,-0.1996059677988664,0.1395476893347023
20,-0.313928421394989,1.5701030789133352,1.4612297298379708,1.7557297805932748,0.1998657300636531,0.0174618966414332
1,-0.0999616969141397,0.2741017687342095,1.5468558252159337,1.5792734485012656,-0.1999500537964017,0.3225970096667391
32,-0.521258285968109,1.7546446018641764,1.0846295776453356,0.8219327647702074,0.1999992592854453,0.0616328935462729
27,-0.3592186524893966,2.048018180514672,1.1977275806155545,1.380228665738183,0.1989694470256271,0.1689700346190707
48,-1.0533635210367711,0.7087565092770125,1.6526955911091248,1.200027203209293,-0.2000000099640064,0.2552319349768687
3,-0.063726721174007,0.1122040525208895,1.9316210011628008,1.3594404963954805,-0.1368691478466366,0.2116017080310271
42,-0.9709651407448986,1.1949684612478806,0.7280522594836096,1.1898419646559582,-0.2000000095937206,0.1214912390866306
21,-0.3477423192152492,1.5828061206492536,1.4830851073244211,1.6880031446296992,0.1999299931813863,0.0306682781006603
30,-0.3366441084852614,2.0133279534960464,1.5092085200038294,1.1603250324245582,-0.1999979936938644,-0.147902172154763
22,-0.3889567265177723,1.668457712196205,1.4335919628527505,1.5828453183898854,-0.0004236654276822,-0.1224203355518804
27,-0.3685349996347392,1.9954579874415264,1.4576659137990813,1.2438514155800091,-0.0525462559124859,0.0802244630075291
17,-0.3545590570992825,1.2850988273997412,1.5875607105579714,1.7228202510406228,0.1999899335083084,0.0004759483858056
24,-0.3904878871396925,1.8685097786869511,1.4894958520915846,1.5679310355992664,-0.2000000097316454,0.4033157083669274
40,-0.8713399115687633,1.3612110563908515,0.7752500707891326,0.9933176872669964,-0.2000000050647867,-0.1711851080342128
35,-0.6656907904108477,1.6420270510718649,0.9501672769573072,0.9274623195237,-0.1999996154064636,-0.2695301328993778
8,0.0401729105899509,0.3843234841056169,2.234775562831436,1.8454934178564304,0.2000000099589341,-0.4485155544509031
20,-0.3826564507091267,1.5299929930276412,1.4916300634529929,1.6280848529654413,0.0668034159789223,-0.0417901510164506
44,-1.002999127575499,0.957770816909544,0.9085284108903746,1.3189225889002745,-0.2000000056678477,0.1990178855278198
3,0.0777126740094669,0.3495458225170531,1.5609476874258856,1.5727108600308493,-0.1373731302149133,0.2829780410129417
0,0.0333333333333334,0.1722222222222222,1.5707963267948966,1.5707963267948966,-0.1999191914261852,0.4067251853888183
22,-0.3374213576150775,1.6748889981990984,1.406823762753282,1.620080538681993,0.1999298203455903,-0.1080677984685214
5,0.0071283955793192,0.1531994648489436,2.2228083573958592,1.3595734052470323,0.1999658946166822,0.1452819459184172
32,-0.4474634576762741,1.8368553505178948,1.4543511927903126,0.9626729195673168,-0.1951987661035088,-0.4321329773586222
39,-0.8594738656706776,1.3831991377499182,0.6731386492636542,0.9239447733433822,-0.1449497382069222,-0.206996543182045
38,-0.7817976383743794,1.3951266929315715,0.8533609333124499,0.9572682019598826,0.2000000099202461,0.0491313760858944
4,-0.0595316088561053,0.0575032436477617,2.121752374866281,1.3389362699064506,0.1999764943407974,0.2151984124032145
23,-0.3999979154021993,1.7057744444850893,1.421423071124826,1.605314988905133,0.1994271371893548,-0.1164685343264078
45,-1.033316230329805,0.7754939151444037,1.3713004624029563,1.3528705064639184,-0.1999999769218114,0.0011875606474656
49,-1.0437464306229092,0.6760023333882633,1.8148601176824908,1.170188897565408,0.2000000099923745,4.826399993007174
31,-0.3977381462212731,1.938122808470458,1.4742259244110922,1.1946675844141188,-0.1996750109783361,0.1268116501314902
36,-0.7002731969413437,1.476288816285179,0.9149831226703268,0.879559530054391,0.2000000097957378,0.0070593460077731
39,-0.6838387597335612,1.4977801241761686,0.9760149354722838,0.9375621159304528,-0.2000000097616019,-0.2191327461789145
10,-0.1306866623602134,0.7446498397991385,1.9395132261004784,1.999553108104747,0.1998837160069725,-0.3448191527234559
2,0.0998127175914536,0.3926780055081255,1.5638536820795874,1.568714623251661,0.0630184089021085,-0.2380524839493142
26,-0.3693353750919707,1.9456852818774772,1.179239128777061,1.474365993496341,0.1999805074749668,-0.0279264598728413
23,-0.3716196762739378,1.7552203675198403,1.3640273484077792,1.579574532513442,0.1996208449421032,-0.1166898084472932
21,-0.390166588418607,1.5591738596131015,1.502499864497457,1.655973924803129,0.1998919695673038,0.038335643588838
41,-0.9184019783985802,1.162960166084232,0.8402505247530083,1.1415952035365935,-0.1999999861956087,0.2792906798098289
46,-1.0368456351940765,0.8647618297998267,1.066944527500544,1.3380095673576526,-0.2000000098971851,0.1917364654920221
18,-0.3437178585662875,1.2892574735068505,1.63062293181685,1.741014351020182,0.2000000099625188,-0.2466837461078452
38,-0.8288564149662386,1.382842737977103,0.7279377292777143,0.9923589915773634,-0.1999985170059957,0.1492601835130604
14,-0.2661737758763989,1.0328670223047602,1.6909982422974448,1.9039464317017647,0.1999714493837217,-0.114372909763296
31,-0.4347972628523015,1.851793408506432,1.4629219929364066,1.0686307333295746,-0.1999750798879941,-0.0340794041254514
16,-0.2639086022312171,1.0998382535856044,1.6411942253496985,1.8320202756774835,0.2000000099613882,0.164125052405805
21,-0.3984490512786444,1.7412400524793843,1.4927220428970198,1.6010608118864111,0.1143314301914923,-0.0930073777255503
44,-0.985137405749308,1.0286935197052194,0.9391951849385564,1.3359551298905177,-0.2000000078523704,0.2313776803298068
2,0.027630950699044,0.215488015789971,1.810620860257421,1.4298068295954334,-0.1999554369526542,0.184984640776898
32,-0.4309533806288187,1.8800968280119523,1.4637203263726573,1.0880854649917029,-0.1999999182354628,-0.1725526295679081
37,-0.7914937982137681,1.409858397152318,0.8468138297544994,0.9226452604335116,-0.1999421604187925,-0.1155876220107154
0,0.0333333333333334,0.2388888888888888,1.5707963267948966,1.5707963267948966,-0.1999195398148711,0.3072963520577247
38,-0.7285023434171629,1.445547739334892,0.9054070087757448,0.8604761652540949,-0.2000000097423115,-0.1429488153544606
46,-0.97711877317725,1.0080207239117196,0.8641917938974242,1.248092653961846,-0.2000000099934502,0.241081928791199
14,-0.2496032163048444,0.9902827037686636,1.7199008828636746,1.8868663541636967,0.1998888274690352,-0.1194705380347575
28,-0.3730228047474436,1.9925975958206936,1.4515269483116011,1.244361514568873,-0.0084293912021607,0.0400034445772941
7,0.0774214088274728,0.3811284042732686,1.8315983387318,1.4748019658187883,0.1999769101166693,0.4363850338695011
0,0.0111111111111112,0.15,1.5707963267948966,1.5707963267948966,-0.1998419802878873,0.3802298306983674
17,-0.3629903633474485,1.2079593861429363,1.6077823537078242,1.748662619626016,0.1999661466239024,-0.0228294868963702
7,0.052472212098664,0.4874618202597544,2.268450123318706,1.785528093125202,0.1999773496621877,-0.0313522028534513
8,-0.0367206160866836,0.4730809061989235,2.1625830131259303,1.972313638892237,0.1999448782353207,-0.2231191385902708
27,-0.3397015215793443,2.121616021181094,1.3481199043479304,1.313135373862307,-0.1997850125079233,0.0455915631458258
4,0.0627179397180697,0.1337238251952154,2.265031517544065,1.497595424463276,0.1990031789277445,-0.2884789286353977
2,0.0274216293602634,0.1500455860266134,1.827211962142263,1.4212956352887438,-0.1998748998683516,0.2694060081832166
49,-1.1002903300664828,0.598806880182901,1.7687608820725609,0.9421344496018584,0.20000000997304,0.693716118831363
19,-0.3557538999146318,1.4849746560677552,1.5568423653629164,1.7150205136368044,0.1455291912463151,-0.0849774651592512
29,-0.350387231820859,2.0716846183560693,1.3986807661738734,1.3095047529832944,-0.199990761166323,0.0558918187903937
15,-0.3007197535398951,1.083581563663007,1.6748590925975184,1.7815612803084913,0.1999861611082031,-0.0854502003269358
22,-0.3672645912301983,1.8949677553784547,1.249422133960996,1.4773968135534508,0.0695520103965411,-0.0107125492821056
8,-0.0973984633013926,0.4020125731990582,2.1490358457699266,1.4106600469355774,0.1999915848573412,0.0182030406178773
40,-0.9218145550792144,1.1671625348558454,0.6914397115495543,1.1494436080672492,-0.175840727837094,0.431055929490199
42,-0.9557928225706682,1.1357947422278023,0.7905950589615656,1.2426014398168836,-0.1999999900262005,0.3191078798241717
42,-0.955234501789022,1.1007797978238814,0.8602672693728683,1.160910660976057,-0.2000000076379309,-0.0887711821877243
23,-0.4120366937250623,1.6984229592414395,1.4942647712912898,1.5774887633608268,0.1923579096115234,-0.1471884724608468
37,-0.7175731949597309,1.4955869425215973,0.8429178677062508,0.9014439563340378,-0.1999999207877497,0.0525736500249829
8,-0.0516443606456717,0.3960440771576078,2.1321043419328074,2.0373101209266067,0.1998238212199961,-0.4270635266910121
3,-0.0432578917947817,0.0523111110637485,1.976187942764129,1.1408671511122075,0.1999187546253688,0.2810242794789213
27,-0.355966859655885,2.0465678343368965,1.42647555942205,1.2804643462366034,-0.1236156813919276,0.0682347201775395
9,-0.095768505506701,0.6709833957082033,2.0774526776087465,1.945065038737308,0.1999014142837474,-0.3783271782599775
11,-0.2026782075810514,0.6761840808434818,1.792376590022121,1.9608924370655247,0.1999848896906593,-0.141931015979795
31,-0.4613271192381604,1.9241934937385687,1.4848693246629576,1.0298916185552731,-0.199975513383157,-0.2140538891831374
40,-0.7772978804116479,1.372566403865492,0.8503803659133546,0.9449552876772176,-0.2000000099349171,-0.0688284300615062
27,-0.2975775057853914,2.13076587409847,1.2893404076483588,1.3149718378243096,-0.0737530839844358,0.3364566899440243
20,-0.3712886741236801,1.530857970415675,1.4743084693935256,1.659435761328706,0.0322385654524893,-0.0060323429942672
2,0.0780881777094858,0.3764984153305418,1.6875656406071524,1.5362020424359073,-0.1998664543774315,-0.0056862316593114
32,-0.4253136267265401,1.89560037466347,1.4753955687072615,1.1110105056791002,-0.1999509094896054,-0.0415116601611903
19,-0.371423365665207,1.4781614605873663,1.5069881016996245,1.6787124442561734,0.1996375553553874,-0.2175902054423344
11,-0.1974649808142571,0.6621603454903864,1.7724811223071455,1.9675723012226105,0.1999878910774946,-0.1083839645992525
42,-0.9263147940841722,1.2388840889128103,0.6904803181998619,1.0670147962574792,-0.2000000099366933,-0.0057680124932328
47,-1.040511536611933,0.9139066250541946,1.187482920536075,1.430268723688856,-0.2000000099973971,0.3390447225816047
22,-0.3877518740009882,1.651224313802906,1.4410779933121542,1.5889658552861978,0.0473207343620744,-0.313785930177831
49,-1.0831226077465228,0.6559801532886197,1.7744996518703098,0.9852410238177172,0.2000000099676417,0.6351089095676388
9,0.0808976545846626,0.4811334168197194,2.0761482949045043,1.4392789549590086,0.2000000099644972,0.1875362473357605
6,-0.0351729827081765,0.1717010560170129,2.2364831241455416,1.3297278508945876,0.2000000099539341,-0.4800412887252718
3,0.1011489530428993,0.3464737757308733,1.6772548938777785,1.556387926217558,-0.1998321043852906,0.1649533922846998
21,-0.3530271879663387,1.6018701082702245,1.3919561366227011,1.6797690356013728,0.1993901742017432,-0.0742547219601603
10,-0.0908144902602261,0.5662161756013004,1.939132894646016,2.094799781863825,0.1999829858229469,-0.1392197170671469
30,-0.3696505528688198,2.022927648513521,1.3451986285534243,1.301196551364465,-0.1999991281991338,0.2750708413000429
32,-0.4265143843485012,1.8500367111017155,1.4501492223378758,1.1717132498431595,-0.1999999853634557,0.0428736582983574
18,-0.3535556810644549,1.3828547369936688,1.5979016396569248,1.6877649513730473,0.1992417580481671,-0.2531515476789744
29,-0.351989211899093,2.069169277878532,1.3980283784356455,1.3088142083072978,-0.1999911997885553,0.0598515611767816
7,0.0376425987065888,0.3796509260111015,2.305486702810598,1.8795775645439632,0.1999838727149988,-0.1188116404128505
2,-0.082179572961061,0.0812178365572931,1.8375431532647948,1.4311397944777138,-0.0613194581619027,0.3334212208937282
17,-0.2293045853141663,1.2872352172521102,1.7267802110586477,1.9412853724515715,0.1999777279286128,-0.145702042442335
48,-1.1041374242809074,0.6252180210883187,1.803204064318214,1.0722455610006232,-0.0149836079551484,0.1610378751101175
8,-0.0397781659482343,0.3462386510796224,2.2355781524118523,1.923227670186996,0.2000000099556456,-0.5290476038762123
35,-0.6371077442803801,1.558117717821469,0.9473963985827308,0.8684480462847434,-0.2000000008553037,-0.0355733942430806
42,-0.96556963077391,1.0612217696335895,0.9358811705900792,1.1940839301839516,-0.1999999629471296,-0.0933349226699206
16,-0.2388894810848553,1.1434797041901894,1.6725492189314703,1.8978291374280845,0.1999879221650738,0.0459634075499283
29,-0.3519893898761632,2.0879973727416354,1.287380770840917,1.3236481305130738,-0.0844380747639533,0.3419320532483806
42,-0.9370508591021112,1.253470717652451,0.7796714502063136,1.1301005859004292,0.2000000052091864,0.1950368593603317
21,-0.3045584741196715,1.5576228063562512,1.5010035755720477,1.723819262846014,0.1999579322107243,-0.075715394313592
7,-0.0077831257481867,0.318894580363692,2.2680304116245846,1.665420335366228,0.1999490625649854,-0.0458977284568846
6,0.0611776985077614,0.2599179101194813,2.26667528486787,1.6391952122444002,0.1999650487500512,0.0666799059492383
20,-0.3775480656728963,1.5077660545693208,1.4948430708092657,1.655183375513685,0.0821548152160743,-0.0431049844861596
47,-1.060087818390329,0.7916453203024844,1.3641893910851817,1.4135101870345397,-0.200000009927534,0.2478881333882125
1,0.0070563084987448,0.152427242551084,1.772618488469396,1.4597427809223422,-0.1999659489447806,0.2449787427022753
42,-0.9960458716114154,1.1250409841233042,0.8424205715444426,1.263361079691995,-0.2000000090883315,0.0569826101185622
44,-1.0378276907043813,0.9390411877835392,1.117340323576007,1.419264982672062,-0.1068462957627977,0.1172974203598079
2,0.0258607767317902,0.0982769322123424,1.8819840560343604,1.3849090841683829,-0.0116594810062828,0.3184959665880297
47,-1.029587940810202,0.7265426997931261,1.4223305555668215,1.364873887108966,-0.1540048745745391,0.658521180661352
7,-0.0604629493456439,0.311353480526629,2.180546206482921,1.7835659893465383,0.1999661981675453,-0.1377606798069739
36,-0.6742023386467152,1.5346719384797105,0.9471804993834834,0.899794184722321,-0.1999999145449494,-0.2608311111266707
35,-0.6132008562829793,1.5768969936320132,0.99245518917707,0.859921699469653,0.2000000094518337,-0.0883617620731835
9,0.0754681904631469,0.4968222688488339,2.079959001928425,1.7842620010276011,0.2000000099609982,-0.1528808694810391
16,-0.2805261427831934,1.1566508076980428,1.625579712041889,1.7952586607392145,0.1999690326460245,0.1610567552929841
30,-0.3457786844390231,2.005768256521653,1.464060933389936,1.1453818256576431,-0.1999958875004821,-0.0622281339691275
35,-0.6183581184222757,1.5701304956146027,0.9789047996189932,0.8638170930794387,0.2000000097949956,-0.0394683209705105
23,-0.381450076048307,1.6483358713941818,1.4418458538737635,1.600630734007359,0.1998227656966762,-0.349060726257704
28,-0.313841331910709,2.082161494710596,1.403789040693317,1.279248757287631,-0.1825708623546377,0.210187670191381
5,-0.0563576408802997,0.1440147696105094,2.1320669586446623,1.3720441241356869,0.1997604949564541,0.1531781732802739
4,0.1005669860324801,0.0345908539680601,1.872831040799508,1.455016343570852,0.1999803898706686,0.0872865840950445
25,-0.3279485089963072,1.8557442655436065,1.260082338997398,1.5487691758491955,0.1999927773637457,-0.1700422391478925
36,-0.6614130659866562,1.5194103667832988,0.9017342562463622,0.873303847253136,-0.2000000078308535,0.1047101028454692
26,-0.3622034151970444,2.009560340313441,1.4454788948085646,1.268156205916173,-0.0520185122925629,0.1556979941381938
0,-0.0777777777777776,0.2166666666666666,1.5707963267948966,1.5707963267948966,0.1999402739304818,-0.1524899648880527
11,-0.1316289799668621,0.684453386192298,1.856587135293756,2.050335855367281,0.1999912978096843,-0.0562870862725779
10,-0.0945803164745111,0.631696916549256,2.081719634183917,2.038824306313184,0.1998886806040205,-0.3746938125677639
47,-1.0310685610910408,0.7724276606331827,1.647270171971627,1.3166695795319598,-0.2000000099780997,0.0406667562648925
10,-0.1013246863505662,0.5661884939939067,1.872976129004036,2.0604884810046946,0.1999846868344908,0.0234962132570575
26,-0.3674298399495647,1.9574949176078345,1.1669548095292024,1.4661470858213166,0.1999538944018401,0.0325118879118984
28,-0.357765358323229,2.068246480881754,1.2278063530710082,1.3601691117457957,0.1398509320226267,0.3038151342296431
14,-0.2988540655615199,1.1291642302556395,1.6715247268464903,1.804412737327534,0.199965349350988,-0.1755508360042942
23,-0.3876201300317551,1.7447169522590569,1.3871389115836958,1.5623489170876068,0.1192998939897077,-0.1095187671969569
4,-0.0387072156880117,0.1221514855634025,2.115100481608186,1.3250933578822712,0.0655996019429967,0.2076496159677899
6,0.1003632242098303,0.1244792240283764,1.5682564797487597,1.5754783162654369,0.2000000099759888,0.5630770235609512
26,-0.3227851839342976,2.072599371782238,1.45542911328095,1.3029933876171125,-0.1795900107395406,0.1691344422861598
4,-0.0440093912832346,0.0794135821040055,2.133616046109472,1.25176711311626,0.1999395664985049,0.2185776966238591
8,-0.0737256890105256,0.3899468208314279,2.143861544379268,1.6814939964042803,0.1999721681119591,-0.052426973296274
1,-0.0778574436753904,0.239065099804719,1.5471566403892378,1.5775288273461916,0.1503001167425992,0.0287298438056747
40,-0.9078087988703476,1.2298146905263403,0.7024953437121138,1.1722785721892526,-0.1999998511099817,0.439591956368435
18,-0.3387998088660111,1.3221138419302538,1.6108223654789855,1.720114319148579,0.1999467691352249,-0.1905027890975705
1,0.0109315153577692,0.2834461732464434,1.615194552638803,1.5537554880113098,-0.1375666008479268,0.4104815092253647
4,0.0356545876648075,0.0809202703561303,2.169846237697873,1.4154933556957707,0.1999512258312171,0.2218219648896711
4,0.0556511048012148,0.1676599267108754,2.072226465740476,1.3952742143430386,0.0717467282849076,0.2110043500611712
8,0.0046588316818658,0.3717939884995213,2.237346821525369,1.9066204553492492,0.2000000099560877,-0.4981524300772351
20,-0.3364917560481397,1.4852679432307143,1.4918709332731108,1.6780548978372696,0.2000000095581218,-0.5693536125831513
22,-0.3802710671510004,1.5617392479316836,1.4504405714993327,1.622523300114546,0.1942046364970687,-0.2443847882780017
10,-0.0689385950176638,0.602123744889919,2.0100430036571364,2.0264342656355594,0.1999912544366661,-0.091282737326448
2,-0.0567494615182714,0.1708601516723866,1.784622394540582,1.483743608956258,-0.199948902709933,0.2844193467756799
45,-1.0245353255738845,0.8157961467734522,1.3713950810259818,1.3547681897332498,-0.1999999849332825,-0.0113586330810008
43,-0.9747730812504144,1.0646588687263063,0.8210379509863,1.180531625353275,-0.2000000092227862,0.0082198272715755
24,-0.3997258424492779,1.8033007921548807,1.3567122156408171,1.558785070869057,0.1604867563413349,-0.2749439965578503
37,-0.6535974111357581,1.5884965989268602,0.972199123884058,0.8332472631942546,-0.1324303019605591,-0.259879228253437
25,-0.3027502309903005,1.89265913693962,1.2547601471331458,1.573167219483016,0.1999999322273115,-0.1656439758342827
25,-0.311431452062854,1.897865282255109,1.2711685309794287,1.6354654196465523,0.1999997756112622,-0.2347905318080099
18,-0.291760022419973,1.4142009384604732,1.6626421074059348,1.8831183560184936,0.1999386195420574,-0.3984372041526453
47,-1.037680940108971,0.6938497749624063,1.612041016170059,1.2798217964556386,-0.0120655372546469,0.1118925844789427
28,-0.2943995726639766,2.1514499893675034,1.2733955840256552,1.338932326928766,-0.0344988968318719,0.3611003115464619
9,0.1025067674185937,0.4872239377072564,1.7792944694545607,1.51277151625615,0.2000000099626073,0.5291798792492446
37,-0.6518529231490772,1.640742932479904,0.9399415264513832,0.9076429305547936,-0.2000000098241659,-0.2947571786389541
3,0.0509444543079126,0.1505158274817016,1.923812278607164,1.3953960454685153,-0.0843872490702109,0.3275200656733287
28,-0.3499112679068238,2.158122496071237,1.3029421056297164,1.353835791523339,-0.2000000082666964,-0.1409545009281713
25,-0.3816841686786812,1.8709727104442408,1.2458183440056183,1.525368297629055,0.19994805369194,-0.1754861717185295
8,-0.0378573928046183,0.4268612723323532,2.208471794306451,1.8878653781173265,0.1999605013604812,-0.2114749854131183
30,-0.3709638110394788,2.0841336584379104,1.489065752425466,1.2669415161331363,-0.2000000099386838,-0.3159687791573269
0,-0.0333333333333332,0.2611111111111111,1.5707963267948966,1.5707963267948966,0.116202589184499,-0.0235042319116032
39,-0.8299332379426966,1.3411458074960303,0.8513018134416588,0.970333091080238,-0.1999999178420871,0.0055230053257321
30,-0.3778452133984774,1.9278334550604788,1.5606693604935222,1.099394744635585,-0.199968029562899,-0.032935300539205
4,-0.0156916277911764,0.0775188566730914,2.185773724019697,1.3124220778616422,0.1999823638972836,0.202491615794801
46,-1.0511921991146898,0.7967234915383389,1.368150015422378,1.3958009544454677,-0.1229003492566104,0.066490825504363
6,-0.0215026747337603,0.2787980001625978,2.2667442532863955,1.844742995609532,0.1999404846459938,-0.133809642537847
19,-0.3283151060500249,1.3672517083984683,1.5815613875773291,1.664926311752163,0.2000000099944461,0.2731658116409118
8,0.0805205265929441,0.4754715998320872,2.0738710733738284,1.4351391163578968,0.1998454471022781,0.0338503635387258
0,-0.0555555555555554,0.35,1.5707963267948966,1.5707963267948966,0.0335016222349896,-0.1714308431027077
45,-1.0031643312693794,0.8740702187578866,1.1458427915957312,1.4037387126321583,0.0497165515436887,0.4284603358511991
4,0.0145806955964462,0.0724297853451882,2.212842197218213,1.4572626946848823,0.1997249043733049,0.1337321300875193
6,-0.0936711428733886,0.1972666502528992,2.146735564866338,1.60568997609971,0.1998398998400962,-0.0369432877721684
46,-1.0306502102324833,0.7218015892122953,1.4362190636482577,1.3595719908169055,0.2000000097613733,0.1992002591378857
24,-0.3010827243317068,1.8233950930695475,1.321472697952066,1.6254657674346742,0.199997143073152,-0.3189191994657708
37,-0.7104806800489698,1.5737254992249785,0.948547297218118,0.8920049966683962,-0.199999886487017,-0.3184136570465902
13,-0.2156694363532341,0.8505186884693227,1.7190613092939593,1.9733657600719123,0.1999812255018206,-0.0412624497979852
17,-0.3467333185477638,1.327801783062344,1.5969143408027031,1.7384717477711662,0.1999536595481885,-0.0492040000000588
7,-0.0567076364595869,0.2787043103488167,2.130548426010881,1.749252176264373,0.1999888425103241,-0.0287440110443544
6,-0.0053145150033087,0.2674902552435557,2.2525625164296965,1.61091448037146,0.1999389872484451,0.0053460227831192
49,-1.0423920091735135,0.6824666804662627,1.8747031288829188,1.1456129683995129,0.2000000099808732,0.5421657227363836
22,-0.3455093400558974,1.649848830929663,1.425585971274648,1.6225302528552386,0.1999672230039481,-0.1919715573788715
28,-0.367138928744608,2.0940835433635403,1.4959945129838328,1.2637786473770425,-0.2000000098843396,-0.4400037545063094
39,-0.7634134050184412,1.4496504572858118,0.894486159706879,0.8502891200447232,-0.2000000099573049,-0.3081485895747965
16,-0.3295514489363693,1.133184385457206,1.616683688152071,1.7438883257798918,0.1999557536794963,-0.0834235471031359
16,-0.3313607641239087,1.176684086269472,1.6309966082361085,1.7574316011866424,0.1999656466358694,-0.218674939138233
24,-0.2883624219044705,1.7808317011314188,1.3796678456154208,1.7628491593305462,0.1999999727850581,-0.3570309659116916
34,-0.5855517878911455,1.6445839282362993,1.042780392864023,0.894919775282311,-0.1999822743671654,-0.0464790340355656
8,-0.055221645784642,0.3820971628906939,2.194789071027702,1.8798291523338089,0.1998107519025148,-0.2706167128139302
11,-0.018129671843466,0.7125852055824843,2.1674494760241254,2.0985031870072506,0.1999558210706837,-0.4299772430306807
24,-0.3766438557540056,1.902760040380962,1.2608566182341914,1.4786701702448617,0.1212803670537446,-0.1445091528313907
6,-0.0056661021669658,0.2340678033518186,2.275662371018205,1.4940634654965532,0.1999669485220289,0.0260202106687964
15,-0.2637999555778297,1.0403712312204705,1.678106122710977,1.883775018505829,0.1999777205999341,-0.0987483617096523
36,-0.6538039945065591,1.572818734491452,0.9655954684337452,0.8684704610495836,-0.1999999100881698,-0.2453552014549885
21,-0.3735082690894516,1.529225470099311,1.513059881576572,1.643282709849786,0.0545797336245717,-0.0951775852127718
31,-0.3884402464255853,1.9224612372836385,1.4586127373066289,1.0109499620490283,-0.1999957655055797,-0.2920342335122045
20,-0.3747116669999444,1.5542044296451925,1.4854505034771304,1.6555078192265498,0.0449272271859256,-0.0149315093290347
8,-0.0538137953620563,0.2873088453128993,2.115483316653643,1.4021988142793873,0.2000000099970616,-0.3695337608639689
2,-0.0074580862565375,0.1556511185057993,1.9092007736351828,1.2787293034205582,-0.1489374888222752,0.0669218614863557
24,-0.3764077316183989,1.8865737996735537,1.2668876806881766,1.4863095106882915,0.1267017318015715,-0.1463147411649119
24,-0.3843298074974579,1.804712282277401,1.330995679893766,1.5310781402769509,0.1998093216591062,-0.0991859285630712
48,-1.0612307392612452,0.6802791666286326,1.644295543884811,1.1840435237642666,-0.2000000099625678,0.2598785874275957
10,-0.0685686892831365,0.6050772197266392,2.019744850963272,2.104784858687702,0.199956156030714,-0.316419472991002
32,-0.3945048875378951,1.8917627436415647,1.5019822205093245,1.5596942951315187,-0.2000000099490037,0.2124142679018806
11,-0.166711387711074,0.7915085024670497,1.8376763547447064,1.9949217974654043,0.1999760797221982,-0.2076776650383227
7,0.0775160343012303,0.3592025778043595,1.5684330920365197,1.563152372798806,0.1680521628614392,0.646597234718945
13,-0.2282396723394025,0.8071908031006039,1.7043067599323134,1.9099142662058195,0.2000000099613462,0.0797313641450951
5,-0.0101959256933904,0.1234074176718497,2.2743557626989226,1.3957399812881437,0.1999611212913067,0.0312305517575964
4,-0.1011033837891166,0.3286686061413789,1.477469024309192,1.5738322603894923,-0.0070692024597546,0.5606361642605998
1,0.0775795474308245,0.2306567966943357,1.719330803551946,1.5183648989637566,0.1820795881703721,-0.2556610082870733
37,-0.7232510163454358,1.4578508199129792,0.9045646796610692,0.8626906047901243,-0.2000000054513815,-0.0476149473504412
37,-0.7496841027389075,1.510126886258988,0.8057818385448794,0.8129718502643036,-0.2000000098233198,-0.1507186095361752
10,-0.1008733009707978,0.6345580274432611,1.95902352506784,2.0697282162013733,0.1999240238316597,-0.2625318337469978
3,-0.0177293475803524,0.0605914733653343,2.0757679949190955,1.3284885529771655,0.015560065559043,0.2277312777538225
30,-0.3661754090677049,2.035530127397897,1.3634435767915587,1.2957002385663623,-0.1999999213051485,0.2554048845262288
18,-0.3540751676802806,1.3528471811318037,1.6145594131299297,1.6822246644656458,0.1903475808796789,-0.2396404469898345
25,-0.3666361750936788,1.9187075328417804,1.2761248295259162,1.4687605463818354,0.1997206815267991,-0.2013860639604559
13,-0.1668328943562291,0.8307644453915617,1.7571255276587348,2.009032547233753,0.2000000099467376,0.0927362381206716
36,-0.6610589032135608,1.5214141323445252,0.90251470456389,0.8710538303866587,-0.2000000074976741,0.0945161345562877
36,-0.7039545390120163,1.5373627530651968,0.9379124587671496,0.8357898785507222,-0.1582982414821038,-0.2897903000599106
20,-0.3581326202966139,1.6104631808579677,1.496726126470838,1.685782181261864,-0.0673415108273866,0.0650419914300357
34,-0.5270029180716642,1.7418125092050092,1.0926143387940268,0.8302648053952894,0.2000000098044403,-0.2843078247276281
23,-0.3884317684966183,1.7227884850174564,1.4027349362757544,1.562070035844389,0.1067071972538124,-0.1303081855920893
7,0.0554977416467311,0.3519398405261814,1.5688840421524386,1.5704045655821286,0.1996025738948805,0.6209069728360865
0,0.0777777777777779,0.35,1.5707963267948966,1.5707963267948966,0.1440783705221283,-0.4107504781903857
5,-0.0037518310580843,0.1522290122082913,2.2812865833428244,1.5763207753525528,0.199958896857093,0.038400404695755
28,-0.3543591848330377,2.0909544297321765,1.2339119064298014,1.3477314603838482,0.0488067262249917,0.2839889089749228
3,-0.0483661599999051,0.1181965025211788,1.9412155459311349,1.2913109557365272,0.1263616632349832,0.3166199604712429
26,-0.3705834682620046,1.9413650460594791,1.179537915685449,1.4773328196269562,0.1999808844608463,-0.0362518871973157
23,-0.376734189785914,1.802562144969177,1.341550306477819,1.5745805375210185,0.1998991933479826,-0.0667053556992797
18,-0.3647174517740999,1.3520565109981937,1.585336116203342,1.687060526764049,0.1994369426939636,-0.1614238142146389
7,0.0020660476743809,0.3549106355792165,2.2730764277564983,1.783296698212449,0.1999355330932922,-0.1028426072537381
27,-0.3438838711650822,2.0559401384376,1.2963781274128814,1.3340867623963384,0.0010763444062431,0.3125183007662953
21,-0.3545098329732453,1.5566597009880032,1.4418392340329031,1.5970110649940648,0.1997419056463344,-0.0181603603753533
38,-0.79491418009012,1.3753638003682442,0.8505852567639689,0.966976769125879,-0.1999999088849415,-0.1195720653984033
26,-0.3304058519892311,1.995017568017944,1.1532705957677702,1.4034180450782414,0.1999517795505483,0.4039345257187264
15,-0.2520021916675308,1.0006794185944083,1.6696081096914153,1.86733215349848,0.200000009946806,0.1076181598167887
0,0.0777777777777779,0.3055555555555556,1.5707963267948966,1.5707963267948966,0.1980580779340769,-0.4044003507504034
32,-0.4609314824394505,1.8535989593516105,1.3933812263119192,1.0346361083632074,-0.1999929876549021,-0.3019996567565865
14,-0.2869957866511929,1.040263568446183,1.686279994496379,1.8327391988404809,0.1999734502068012,-0.0933127432517203
29,-0.3685103611668175,1.9963427813109391,1.462623669253968,1.2173547999965513,0.0177532578977162,0.0594212890006801
5,-0.0189556060921763,0.1523478423043354,2.152813942232404,1.3258791123302656,0.1912128210522632,0.1741717691831728
43,-0.9133788353943344,1.1851456061360142,0.6874403926220278,1.1188190937757865,-0.2000000098856786,0.4182617770803444
1,-0.012051715816363,0.2302026181533691,1.7343520234015326,1.5043465078969445,-0.0311962786808159,0.325863134471715
29,-0.3660227332163568,2.1174696750458115,1.4348586882140977,1.3030855853725916,-0.2000000094084874,-0.2837636266979215
10,-0.1365007229308693,0.5851515511087059,1.870728516080652,2.037776104135184,0.1999614138788313,-0.1300093266707248
14,-0.2409632001920033,0.8962928052089792,1.7143595265832283,1.9207299058626768,0.2000000099668485,-0.1782092698833835
34,-0.5387218112972648,1.7298726905289992,1.0794391418483595,0.8256049740619861,0.2000000097847869,-0.2680415435554377
5,0.0643519481090106,0.3808099978924827,2.263733835020337,1.543896110459592,0.1999492676502872,0.1431370098947948
2,-0.0336596607670618,0.0878343071914624,1.898384206989084,1.2547152004970108,-0.045032991066831,0.2016928256749484
2,-0.1004814391249797,0.3140583668715859,1.5185705358770232,1.579484553448825,0.1749501946338087,-0.2317227842913273
9,-0.1174243315436004,0.5363578744634854,1.917093456783567,2.0446879964745293,0.1999611758254884,-0.1743508179895058
42,-0.8873804569822072,1.2199206596799523,0.9500755760888236,1.1606894254744198,-0.2000000099644237,0.1696113015872853
17,-0.3586781840091592,1.3106935919939822,1.5756502943721156,1.7162517224906504,0.1999653307771686,-0.1135247023919
5,-0.0806262573592566,0.1457522276287401,1.8120635087278227,1.4558000378825326,0.1997122892194429,0.3732888530156203
47,-1.0364954576727048,0.759032187000488,1.3938619522985558,1.297859249795836,-0.2000000099934476,0.3006090035205972
1,0.0088999491219544,0.1946362214412649,1.7243451038983206,1.4948014941661192,-0.1999150270413367,0.254404564932692
23,-0.3186955424836317,1.6858103981889374,1.4284625882890565,1.7474947391589133,0.1999851223299601,-0.2774014270273255
28,-0.2958377528021115,2.1322203779490185,1.429147214689527,1.274274941816457,-0.1999884620873369,0.1822122280837457
23,-0.3484645530452066,1.6909575329056292,1.4178727130081992,1.5995762991962168,0.1999812856040644,-0.2328292143712765
25,-0.3292591282020187,2.1199574084108788,1.3604988800969462,1.3225323659347197,-0.1844076155797104,0.0719452161927067
28,-0.3445235760777322,2.083320777840145,1.4051746503723823,1.2863611768505605,-0.176729087180755,0.0664398594723136
21,-0.357115224644788,1.6708484731249802,1.3697347617978273,1.6012241498846824,0.1921060233899969,-0.034039099068324
48,-1.0662418300627894,0.6723801839327402,1.496706917936396,1.2631985504053298,-0.2000000099276041,0.4443399356879051
17,-0.2896217338474824,1.1743538831344764,1.6158152493324618,1.8012967269563962,0.2000000099603139,0.154309982905608
23,-0.3817920899821013,1.718340761623539,1.430313585606554,1.6007295764012486,0.1367144501271604,-0.1657431571464931
22,-0.3820615076190553,1.7716151196258794,1.3773318948831896,1.576177255477596,0.1891009631398292,0.0181557631474827
12,-0.2137734303846263,0.8084414205825495,1.726051190579829,1.9767200901327229,0.1999707453954772,-0.0725974785963389
32,-0.45634212949465,1.7721931317992523,1.3451166609909873,0.9424548325220758,-0.0553383901374027,-0.4721749087530701
26,-0.3636745652546132,1.9903986608757105,1.1576439400857204,1.451323198771851,0.1999388948325929,0.0720781915437459
15,-0.2620328680795674,1.006905147405675,1.6573001007225852,1.841085402409744,0.2000000099674054,0.1230509621800458
14,-0.2147887741907342,0.9398592580002952,1.7218578044905,1.9731324917657835,0.1999929059072479,-0.0472114979365357
3,-0.0979134894069392,0.4235257607328831,1.8830263028529028,1.501115821965426,-0.199916023473723,0.1515964611402632
49,-1.086768721019117,0.6209675646042201,1.8125906037774424,1.0734228442419564,0.2000000099581851,0.5828039385602279
8,-0.0307855249863295,0.4188100600676448,2.198786859416425,1.97182244620364,0.1999518280309568,-0.3016198969116253
10,0.0568892196481596,0.5078345731741873,2.193521770709429,1.9413912195619432,0.2000000099752888,-0.4159486842444365
7,0.0599694641711875,0.34822355032749,2.2438886846092085,1.681320350615826,0.1999584183824898,0.036521231317993
25,-0.3358661619474271,1.9137596985740413,1.2349496046688897,1.4544448411076094,0.1999820288529426,-0.0475344278485778
26,-0.3427979249884215,2.0946689595294377,1.285660148659025,1.3389660103964407,-0.0257455439022261,0.2381173144888649
38,-0.6766493802445498,1.5056517844072792,0.9322624570366482,0.8788344621670334,-0.2000000061885076,-0.061943357958448
46,-1.0283957477809462,0.7896706478598142,1.4723706905968663,1.3540402052615743,-0.096287272494062,0.0984391642003375
48,-1.0684727225831938,0.6636558973105523,2.0660887072470526,1.0397079464373005,0.0345573051702417,0.0787847070763912
21,-0.4036925823686751,1.657736506723196,1.4509749273445944,1.6263163225384256,0.183126878739457,-0.0642959302377732
3,0.0284834278815593,0.143898416943435,1.875887696692024,1.4116758614310918,-0.1306794016069508,0.3009115269282594
30,-0.3719085234309435,2.009564013062921,1.4048252562668662,1.282893071432358,-0.1999783806427396,0.2207733045366461
4,-0.0284116003163237,0.1992409137235109,1.9913469264891488,1.2502919616510306,-0.0023042554657822,0.1471111963469588
2,-0.0345798970884051,0.3346394356295318,1.8449538956072669,1.4614305717317997,-0.0633616742990017,0.1992185960004125
25,-0.4074311696063185,1.862825273645053,1.3180468837406971,1.5275588916741416,-0.1356474780681347,-0.3506306839423048
46,-1.0474235424076466,0.7095167477544275,2.3030252969500165,1.0377018763163497,0.0832580278329896,-0.2022893380467645
17,-0.3217066418560961,1.2322490009135136,1.6534189219262938,1.775292992662589,0.1999780968772248,-0.1073162376692227
40,-0.8867747200707714,1.2520051944285753,0.8686470037549405,1.0346188460912602,-0.1796680761265364,-0.1871273637413455
22,-0.3643165543489222,1.6573944514497054,1.464722836193464,1.5971069493180956,0.1724767856479327,-0.1912844704930526
38,-0.7583538347746649,1.5030702972765575,0.791310248025928,0.8108452312919623,-0.2000000098207791,-0.2281762393281494
23,-0.3739980638983136,1.794488410659565,1.291058032678534,1.509112834492673,0.1999362796997741,-0.0231140312801763
24,-0.3814789278143176,1.8490699965331807,1.2961310493436198,1.5071644754456108,0.1647442210582677,-0.1504506609931712
23,-0.3677667935250329,1.7362448166775768,1.335091664989883,1.590269255585115,0.199744945143588,-0.1572898176749349
24,-0.3484561639694954,1.7942680488489742,1.2970554950323443,1.5323574331328509,0.1999903675507817,-0.1848177562281179
46,-1.0329627135496628,0.7670486870458852,1.4988663974573375,1.3349746547898902,-0.0144642389316256,0.2153866253179592
36,-0.6543346399645035,1.5655885987728824,0.9826333505791828,0.8646211704951179,-0.1999998833538297,-0.2529371773824101
13,-0.2707202903267245,0.9199434200455088,1.6875837194409709,1.8883273919235173,0.1999510351508611,-0.0683317197115919
22,-0.3701610140708671,1.6495262294704602,1.3653730042979997,1.601565251162416,0.1999258623830715,-0.2745588311787813
22,-0.3835217386386912,1.6740327093754432,1.4390328610923628,1.6172901916400693,0.0319000728786802,-0.113555121758146
38,-0.7387269601013852,1.4315484214455525,0.8937542560186724,0.9045204694783596,-0.1999999757275043,0.0783673481110901
33,-0.5228923611857932,1.7330633657998489,1.080941838777544,0.914751049102807,-0.1999793315711427,-0.0369104159063879
41,-0.8977141768274631,1.2207896743021522,0.6964964094248156,1.074761374029476,-0.1999999758191714,0.3053198389785334
9,-0.1269637790369744,0.5041903364561322,1.9396347748723368,1.992279464790497,0.1999500284818387,-0.2459720442207493
18,-0.3694682308790458,1.5262507125690936,1.4731999422099928,1.6661225765221437,0.1997736524368793,0.0373432543671705
28,-0.3326467521375528,2.012802356569636,1.4282839010146002,1.2428119792786132,0.0604353773118238,0.1906765119345242
0,0.0333333333333334,0.1944444444444444,1.5707963267948966,1.5707963267948966,-0.19987751810821,0.3680978232686064
0,0.0333333333333334,0.35,1.5707963267948966,1.5707963267948966,0.1701249690463026,-0.1804546014700145
27,-0.3352504661685103,2.016271142035958,1.4942049282279353,1.1468588814022598,-0.1296784301907943,-0.0061185439636856
3,0.0224592807766716,0.138162169377633,2.021042571463857,1.2974801141842058,-0.0182432659093321,0.1304645217062069
39,-0.7679431954779381,1.4653084970861432,0.8264623005798106,0.8736922678389534,-0.2000000099581575,-0.2044679522034459
21,-0.3751620224200053,1.5343637143557345,1.508520827689443,1.638256629922519,0.199939552218391,0.0049283940251691
42,-0.8944277327534383,1.284174776001065,0.6553484865804646,1.0930385043286637,-0.2000000099129393,0.187538431506446
46,-1.0561600361592012,0.7037696064293384,1.542485716813479,1.208209208683986,-0.2000000091101167,-0.0361207426303915
25,-0.3567076958485959,1.9763034264465904,1.2145765624664218,1.428421993656705,0.1999647858104133,0.0615345289523843
18,-0.3702563142704612,1.365103212002626,1.5769386189666132,1.6813800094654865,0.1943255170780839,-0.1170116050549789
21,-0.3888873481862224,1.5934665238111545,1.4728315557029583,1.599976979810471,0.1064460638073914,0.0622833279206882
3,0.0777357300922848,0.2947982776676779,1.5644945437696318,1.5721054369160825,-0.1999191753088282,0.2082852156971463
24,-0.3491291495977091,1.776189502851589,1.309352551647697,1.572623366229708,0.1999861025623052,-0.1868716082374242
34,-0.5267380774669709,1.7424466764976938,1.1180677423861365,0.8409358400805322,0.1416386612126824,-0.3246052139123619
7,-0.0723249665958428,0.3397773263835646,2.130917084464107,1.6371345843812597,0.1999526597273785,0.030163531084825
23,-0.412725672984488,1.6745890495236175,1.494678103425775,1.591178932333039,0.1645664097784892,-0.1173194738772163
19,-0.3564353818521384,1.5216888839448148,1.5458846623685698,1.7195906485228774,0.1997929327974023,-0.0622103508355846
30,-0.3695855554323982,2.04324956087926,1.394717958816562,1.2732407501104417,-0.1999999386765397,0.2006497793892865
47,-1.0219147048119466,1.027269433777109,0.9782677749779564,1.3594162812178932,-0.2000000099990107,0.4805350231445113
2,-0.0337688096690549,0.2723679021765222,1.7116640518095831,1.518004086908579,-0.199796730332724,0.3939000900598383
47,-1.0317414362085744,0.7179728415024229,1.454029538729463,1.3475149190842604,-0.1199498614560305,0.6190874212673395
16,-0.291475965918112,1.31560039527264,1.6238220216816477,1.821394505727524,0.1999904145517746,0.0124903040207215
38,-0.7471172737568016,1.513008855774119,0.8078545043852667,0.8119112330467504,-0.2000000095070113,0.140959953775499
1,-0.0332392176111028,0.2658770917042751,1.5806111147978903,1.5693704349146311,-0.1994529248889432,0.433077286271712
0,-0.0777777777777776,0.3277777777777778,1.5707963267948966,1.5707963267948966,-0.178447500269946,0.1018413723937474
11,-0.1579656535780773,0.7291621933136035,1.9315399742361643,2.025167856949408,0.1874389589382717,-0.3072948144832003
12,-0.0515638553525868,0.7575149361526583,2.015125782289777,2.063556980829807,0.2000000099508686,-0.0646959598772396
19,-0.3631037735743337,1.5289770504989997,1.5093936632063727,1.6680183406948337,0.1843070303664225,-0.2125057235311998
6,-0.1141214471366256,0.3549336035394541,1.9986951430112088,1.2847596214335864,0.0283536091252157,0.2722077375111816
15,-0.1779437115165316,1.0036067962493205,1.7678234512594084,1.993351818537617,0.2000000099485429,0.0487623802107367
24,-0.3727704638570905,1.8013538959767406,1.2851092049015964,1.5038523437305185,0.1999749951202663,-0.0217745031533374
38,-0.8420467237276222,1.409997719092804,0.6840623478081564,0.8925952107273901,-0.2000000099130509,-0.1234649113934344
26,-0.3609954274046785,2.028140440118744,1.4439835819092135,1.261272475077466,-0.0977003505486901,0.0971771214949707
31,-0.4111920659885936,1.842518630845993,1.450689454623733,1.0240107627341903,-0.1999915581583582,-0.3444831307328632
16,-0.3267037260169086,1.057703502112523,1.649294481673513,1.847266700087137,0.2000000099434057,-0.2234366352858492
46,-1.0580135613350046,0.7039039703110386,1.541428410508905,1.207915574627786,-0.2000000090496257,-0.0375334203740318
21,-0.4072826790916145,1.5881797005137603,1.496859741457973,1.6221370784896565,0.1996859863131325,0.0163945499672204
38,-0.7906881181844153,1.381738886433197,0.8531989763167243,0.9673191928427588,-0.1999999070692321,-0.0399194726745413
39,-0.875412766794973,1.2936010198005965,0.7477497446434789,1.0171623242034198,-0.1999998814857021,-0.10034425581152
47,-1.0340925789403237,0.7627061861463764,1.6065597101163176,1.2944451741802678,-0.2000000099620606,0.0700090339225281
47,-1.043387166625937,0.725899463833459,2.247229312607322,1.1275622455311145,-0.087476143314126,-0.1785687768538082
43,-0.9658895867452546,1.0439540839332184,0.8710329430785517,1.292769921166148,0.0527960586711252,0.3456886994798967
2,0.0540840005478245,0.1991253983772946,1.7254878441479544,1.501607326987196,-0.1999096421182233,0.374103288321257
27,-0.3342731659778261,2.116433603964917,1.2549715248289832,1.3443180765950773,-0.0501558482361651,0.286909453056629
15,-0.3227719442775059,0.969292600360764,1.6527945856240134,1.821358129484925,0.2000000099467373,-0.2216498572798364
13,-0.2206508572200076,0.9304713484412548,1.7450558702137808,1.979112918765592,0.1999052538580494,-0.1048396773708195
5,-0.0748495988210719,0.3019709281021776,2.010577854761157,1.4643277650698885,-0.0921048165198916,0.2871561331923433
5,-0.0317756329182821,0.1120999349002736,2.189048239090715,1.4348940232599756,0.1999233516328198,0.1179570106368368
3,-0.0446861997470319,0.3809203456166566,1.8335870236146727,1.3615812733332142,-0.0497440404347257,0.0878196391525968
6,-0.0070884651892223,0.2756952251484883,2.204253808656011,1.5948189407997213,0.199866486443877,0.0727616929544293
7,-0.0567504883392573,0.5330236668321735,2.2266964438047747,1.75547825661211,0.1999347974172407,-0.1629474222044737
32,-0.4650365907014877,1.771449151453957,1.3029173436251025,0.9381559462929144,-0.1141700164379377,-0.4498796038284826
5,-0.0383769649608043,0.2232909994636624,2.1054576272752623,1.3188422675142613,0.1999734762349348,0.2680452502239735
5,-0.0978306568548658,0.1872719694324971,2.158703053914439,1.4414311596403402,0.1051446866689443,0.0658721495051442
23,-0.3891234568703658,1.8132073466136207,1.3519383865084986,1.5594463679681116,0.1449757697784288,-0.0018175188109772
11,-0.164722208657107,0.599815506176747,1.826114938655172,1.985184301086422,0.2000000099564281,-0.0765548347946257
29,-0.3515069071356155,2.036714612747917,1.4994536654870674,1.2410244492280864,-0.1721349833640592,0.0947197509987835
16,-0.2801575057651156,1.1255747970768262,1.6344888738530503,1.855307604450576,0.1999821715531174,0.0316899721341936
49,-1.0450262160594204,0.6740489638023668,1.8395084562387805,1.1514380469075085,0.2000000099928698,4.777103315895217
23,-0.3821421928188236,1.7792438008794156,1.3607498529043536,1.5585184149411162,0.0979778936530771,-0.1820670250285373
3,-0.0496481561682562,0.0895460146755448,1.9739219481733183,1.2645685314276476,-0.0344188725105641,0.1444996322388933
0,-0.0111111111111109,0.35,1.5707963267948966,1.5707963267948966,-0.199681905421993,0.3561175064565777
27,-0.3230494959308585,2.1454948589902565,1.302078904753556,1.330787411186581,-0.1606718284167494,0.2211214433658913
18,-0.3742493248837392,1.3299703229497342,1.581213419386421,1.7238800416447224,0.1998342722224126,-0.0368966228247231
32,-0.4613923583359623,1.8092753306746487,1.4291653961632251,0.9208261844128832,-0.1142319330077163,-0.5552486231228309
22,-0.3905585734525914,1.7082380446778445,1.4191310043123109,1.6036433415706424,0.1026701152172906,-0.0441791854146086
9,-0.0173870088692263,0.562171333611741,2.1519515673306326,1.9675924799965232,0.1999676376799271,-0.1244086679627099
29,-0.3512196657167726,2.0936717972234926,1.2818801897254328,1.3262559512683822,-0.0854575870805195,0.3463350057505538
20,-0.3424332829383231,1.5332944362588636,1.490508821307535,1.7111291925951997,0.0635623661299532,-0.0284873081380468
33,-0.4990152474187349,1.760108919428712,1.167247953760984,0.899914499892135,-0.1954808978907958,-0.3777294576058282
3,0.0519499018960922,0.2365081626393572,1.8210604871299605,1.4446189674318843,0.010750565764677,0.3786249385735729
10,-0.1622166687259746,0.5316084237055347,1.898447365560804,1.9492762945675304,0.1999860173202645,-0.2499263648897939
8,-0.0557525527243642,0.470054440713834,2.1647516349938254,1.729424543392681,0.1999821242659782,-0.062984387484516
27,-0.3304753348169295,2.102398201651488,1.258585191274914,1.3551105299622648,-0.0546415317775639,0.3614067840789312
0,-0.0111111111111109,0.2388888888888888,1.5707963267948966,1.5707963267948966,-0.1997852141949948,0.3683506733458357
33,-0.5387256994402172,1.810408037598381,1.1792601766672473,0.9256556942242172,-0.1512212234478669,-0.1992569396806261
5,-0.0993312795645945,0.2948492479915162,1.7532003662225346,1.5198560641365435,0.1288778365064996,0.3734001609905543
24,-0.3881180953907691,1.9197344394780385,1.281976104774747,1.5052946055484038,-0.1566133653479294,-0.1963977851890143
34,-0.5688566349541166,1.6578374332377943,1.0389255313810448,0.8880859182160317,-0.0433057344423243,-0.2176783206629526
49,-1.067172793106264,0.7559155973941092,1.4856742108848433,1.3643642282391677,-0.1071252693367566,1.0440210165187622
41,-0.8858286325178379,1.3291732053684004,0.7726163762297968,1.0238101080079047,-0.200000009925722,-0.1241753513174237
18,-0.3519890560596084,1.346862294446112,1.6331372135011388,1.677994247644458,0.199786625431305,-0.1305965389533891
39,-0.8340488158675714,1.3150208354469275,0.7530003982272486,0.9315047277695346,-0.2000000095432099,0.070544087641458
22,-0.3538140351370618,1.7698374268472994,1.4238896119084696,1.6641606858659914,0.028939462473826,-0.3237541806348509
7,0.0621176139635041,0.2483497008836304,2.2994146654990057,1.6672842524619758,0.2000000099942319,-0.4919293226836442
46,-1.0500938801393624,0.8108752138823956,1.2960253516819815,1.4234478717135035,-0.1048999914457478,0.3841824642464183
19,-0.3702449710187955,1.4964410245758812,1.5041570189085345,1.6804379056556062,0.199608070850184,-0.2320946051341732
8,-0.0645681689768902,0.3873430963659603,2.128963933387075,1.993810232616044,0.1994770396167833,-0.4231677200173422
32,-0.4632461191842627,1.7638326963867417,1.3299006270852427,0.9328695472531304,-0.0292572709600889,-0.4631742073017088
16,-0.3250305170680075,1.1229305045201332,1.6603833670404295,1.7829364502787988,0.1999721509355195,-0.1235684251722522
6,-0.0995824104892279,0.3567481630387152,1.604402040192161,1.5567720181822366,0.1686375212144977,0.5216418473524279
26,-0.3640347067467406,2.017899316617195,1.149434388675962,1.42508835198714,0.1998910231376248,0.1298220547830038
14,-0.3112765180129435,1.167400041935343,1.6438891376045088,1.7960594080186314,0.1999885274030895,-0.190619471532945
23,-0.4095965949174351,1.6968837936147223,1.4926736588266234,1.5707165432195516,0.1762410732687268,-0.1101901534932993
18,-0.3634186787071559,1.424346919389056,1.5343799787249903,1.7054800954505285,0.1999456035515698,-0.0692125870551279
47,-1.0515969767332574,0.7991360908481582,1.3866752023485045,1.3916808257390552,-0.200000009938715,0.2109702572147613
31,-0.4125298741457268,1.9035975746839195,1.4720191806482654,1.0685034013465091,-0.1998881110769962,-0.1306147207345957
4,-0.0944716370639481,0.4254721078926858,2.0875200341132025,1.4919513326584986,0.0710107299875007,0.1531289481198848
15,-0.2506620295832082,1.0069115110161986,1.6708288686957695,1.8766064812496064,0.200000009950962,0.100888996682976
5,0.0579170532671045,0.1468030477884029,2.1306643756714205,1.4150906629625482,0.1999417049194375,0.1966456922722735
0,-0.0111111111111109,0.2833333333333333,1.5707963267948966,1.5707963267948966,0.1193790211321792,0.0225090814272034
18,-0.3567630178557044,1.4815451018416483,1.573613534610213,1.681028989953281,0.1440490710502405,-0.1331601195632507
39,-0.8398760557867351,1.3048448972205846,0.748491489389215,0.9457750957839488,-0.2000000095454504,0.1343102493456149
8,0.0396529445358824,0.4192572249573555,2.272579994781532,1.8514397458047749,0.1999932721799455,-0.1085960900967742
22,-0.3488909295169698,1.642437627736115,1.41313245246676,1.5877682793221295,0.1999771597279193,-0.1017668468990333
2,0.0051222283560788,0.2605769918243842,1.8543178300049643,1.40990207673951,0.0202497562303062,0.1847813548133843
17,-0.2566448192005262,1.3159900152957589,1.712979414561067,1.9459910478878448,0.1999863027347926,-0.3200095474597906
38,-0.7850980671600978,1.384338655015665,0.8336675288763384,0.8870397727499405,-0.2000000090383509,0.082418216125709
0,-0.0555555555555554,0.15,1.5707963267948966,1.5707963267948966,-0.1997542636124916,0.278074191517087
18,-0.3296186982650881,1.3252258038639722,1.5656259740379197,1.7024367665586606,0.1999873776470159,0.2040158140399918
32,-0.4104587323335256,1.9058153261235375,1.4855679209020476,1.1451838174647988,-0.1999595782763222,0.0278182921042028
12,-0.2298986554337657,0.8042530509872906,1.74368525395659,1.9472238495307648,0.1999685204762721,-0.1349538626765045
14,-0.1011939874378146,1.0039900998951166,1.9408079060402248,2.070559203577204,0.199993394701891,-0.1889651283486093
1,0.0778773368731777,0.3312848160092169,1.59692578116921,1.5635380184904968,0.1723344848333828,-0.3480849152420321
22,-0.3275435203061844,1.657507668192902,1.5506598260332805,1.7458524997062732,0.1375069210235288,-0.1926011886440558
28,-0.3371073789820973,2.0056595586797563,1.4172949316587786,1.2465458106875835,-0.0037145085362462,0.2088794000804306
0,-0.0111111111111109,0.2611111111111111,1.5707963267948966,1.5707963267948966,-0.1997879936095705,0.3904692733760072
5,-0.0135183964486655,0.1552996740135309,2.2208491126683096,1.3462015195126644,0.1999281895517944,0.0588686365474521
17,-0.2285976255236674,1.268165356766701,1.7350060800698142,1.9491927697648104,0.1999774250092385,-0.1581354596123408
46,-1.0582755330272102,0.6886065960533485,1.4002728956427912,1.3030826647210916,0.2000000095218369,0.3416147057164214
26,-0.3159370391180734,2.060747092956817,1.2009900147703032,1.3591905815526868,0.1388465041050602,0.3975908795950055
25,-0.3085860982571849,1.961423908235296,1.177433849373136,1.5709675950116735,0.1999890361006687,-0.0679983790080339
21,-0.3743752328598805,1.62883191867264,1.4737575138595442,1.65179279980438,0.199557434492808,0.1452740508224719
18,-0.3660564745806492,1.372597189206796,1.5509049082782609,1.693546144803019,0.199677430802971,-0.0358570134055677
0,0.1000000000000001,0.2833333333333333,1.5707963267948966,1.5707963267948966,0.12651627597895,-0.3828280666923332
20,-0.3761485811870834,1.6230684487533051,1.4596410366382937,1.621416239734903,-0.0608281651377015,0.0668940267680601
2,-0.0088499630424651,-0.0218379876714645,1.958926150893124,1.2460347590691492,0.1998869965099788,0.2333907445517408
13,-0.2180878679435605,0.7991766681571482,1.7000841657307486,1.8942483143858624,0.2000000099631077,0.1370606701076689
6,0.063559691774046,0.4033027194166324,2.205924221375261,1.5546060869936984,0.1995284529301456,0.1595668865076937
6,-0.0267416057839891,0.1716854392076571,2.295273509868656,1.6240350673563375,0.1999987264825543,-0.3388014350002583
28,-0.3598526964263819,2.1133651868420245,1.4255134175207953,1.2974222077295228,-0.2000000095813042,-0.3799125228044429
26,-0.3853803178475032,1.9543850779282324,1.5106315864857771,1.1728182475046656,0.0045967028714465,-0.014371411991414
9,-0.0397473327493958,0.4349487698214922,2.1187699819591383,2.020542987382781,0.2000000099488529,-0.4326897795890739
49,-1.110020322938319,0.6015166182655318,1.593116114908133,1.1347836691134343,0.2000000099383879,1.0025645949337498
21,-0.3779791156337313,1.5959520350639411,1.490058803060327,1.659555802617607,0.1999334982324926,0.1264855529965274
27,-0.3413552511419826,1.9187374841364744,1.159171742447887,1.4776452464449104,0.1999848568023729,0.119346433441087
19,-0.3443568273955219,1.4472421854756148,1.5365512192049318,1.7239171202719803,0.1998542631110222,-0.210697575480999
20,-0.3778687291753315,1.5620060661952069,1.4803576665606837,1.6447003481987443,0.0309146682282606,0.0299402723643604
2,0.052260632839012,0.2884392061083093,1.9141410897162296,1.4119185977859043,0.0664238888351702,0.1473493726216345
4,-0.012432694510595,0.0911966503593661,2.1336584026601653,1.3840377274049585,0.1467549931425562,0.2098000663259743
12,-0.165156950322879,0.6491834562139741,1.924524319418941,2.080435589539685,0.2000000099967236,-0.3507827530290664
32,-0.4644414963087447,1.807694618439428,1.4008732057519593,0.9185588995678394,-0.1429163167432468,-0.4646239304843633
1,0.0322843357367541,0.1057715513203685,1.689972394206796,1.5186270309833996,-0.0581517466650891,0.4721413003410492
14,-0.2540366357113773,0.9101966991546996,1.6531726057317595,1.828531782016913,0.2000000099674209,0.1699303573040014
16,-0.3332032314396508,1.225303176607673,1.6264522718873362,1.7630218721988036,0.1999672659580885,-0.2237360866994783
30,-0.3749704748745953,1.944056367303634,1.522964845358194,1.156256248947548,-0.1997644730185139,0.1032478399457845
25,-0.3444797950874164,1.8769998108546728,1.2610648098078112,1.4512324662399614,0.1999851452067586,-0.0962440582195366
23,-0.383807092732649,1.7469395887178714,1.3756075436857085,1.5654847327996806,0.198756162184392,-0.0743998871828907
47,-1.0367919505179075,0.7491780534767869,1.5722836634852526,1.3047525615011644,-0.2000000099615642,0.0889570968896439
38,-0.7832913192844291,1.4893149945622797,0.8979964489724974,0.9338447571607644,-0.1999998874539135,-0.2778655120400422
10,-0.129937820325673,0.5927293406638758,1.8708415376630168,2.037897143856093,0.1999611191651274,-0.0724026428657485
48,-1.039318674550289,0.6904813879097996,1.6714091497149806,1.24480173807357,-0.2000000099611345,0.2337520857291843
35,-0.581765621232488,1.6514198138150475,0.9389636254509828,0.9123218108951348,-0.1999999186890288,0.0903467013081404
10,0.0778923812594026,0.676230988187121,2.179991931715284,1.8210439133366096,0.1999835815258582,0.1192581488289474
31,-0.400369573057113,1.933860637388868,1.5183430831601503,1.1100225163851318,-0.1999619613870991,-0.1361428663689214
13,-0.2497311792702623,0.9565425742080912,1.7039103443410737,1.8941682763059493,0.1999403319515041,-0.1178799021218094
6,-0.0290220825936734,0.1844603483064932,2.2002272541311125,1.4851239629803787,0.199992534486374,-0.0385730836215052
3,0.0212780460268795,0.120510938932096,1.9869541386750085,1.298246195369241,-0.0143096143872573,0.2051572447255082
15,-0.2765781331963177,1.0478592865607468,1.6932365829732756,1.8497587198852992,0.1999716048708777,-0.1027543443649868
5,-0.0283032422642493,0.1833766582799723,2.215256684520517,1.4771015332375084,0.1415080895344043,0.1098681773112025
41,-0.9555704272612828,1.192473140248398,0.8129371600833277,1.1785975044715742,-0.2000000086369655,-0.0665287471203224
1,0.0781162373112998,0.3598712789027145,1.644037657478128,1.5514111012287173,-0.1986805319529362,0.1048031335216729
49,-1.0936695541245898,0.6318024536593846,1.764886817405507,0.9556742560706244,0.2000000099685384,0.6670218301970016
33,-0.5533500685722749,1.6551027923039758,1.2215360468861205,0.8985529548572889,-0.0723331107296484,-0.4107277726467491
0,0.0777777777777779,0.2166666666666666,1.5707963267948966,1.5707963267948966,0.166616393542449,-0.2358987546897114
18,-0.373022979634875,1.3981005392475525,1.530834385254655,1.680203671545229,0.1996711293950765,-0.1334768678606288
0,0.0555555555555556,0.1722222222222222,1.5707963267948966,1.5707963267948966,0.1991419824164819,-0.1458217832139876
5,0.0175030283317624,0.1231374729924588,2.330008612075124,1.4995415825064335,0.1999749179202101,-0.0071132315052018
49,-1.0775300589745147,0.6803152201377234,2.066202820339475,1.1591597616853464,0.2000000098466002,0.4636877809398706
1,-0.0779134276820927,0.1960060868380621,1.5487730475750308,1.5759969795334006,-0.1997840582063843,0.3315702761231497
14,-0.2313541793110993,0.999234999329908,1.6955251219358782,1.9082682646104951,0.1999596473070379,0.0587383674870809
0,-0.0777777777777776,0.2611111111111111,1.5707963267948966,1.5707963267948966,0.1999151556821059,-0.3097760448230235
25,-0.375119303026897,2.004921534945262,1.2307036156442503,1.4598294514315495,-0.1246698776100441,-0.2260753635913977
20,-0.3420140598513178,1.5704606905985798,1.451930278041635,1.627370987728428,0.1713879465407551,0.0549804714485856
1,-0.0115127687060228,0.335584044594431,1.7350479374316077,1.5104416977084874,0.1998958097552146,0.5246142739872208
8,-0.0804451175348475,0.3527256320336747,2.135574343675051,1.7606799166787466,0.199987305058021,-0.1151329595537294
22,-0.346616484540447,1.6343094346853777,1.4399100999024252,1.6166133381371124,0.1999417280479236,-0.1230790699048904
9,-0.1197907044145225,0.6340470238341211,1.9694468165424208,1.9546635724889505,0.1999851052340994,-0.1813583059953208
29,-0.3622143342606473,1.996961581794224,1.5456143586054556,1.212413055478151,-0.0864163944732933,0.0840217391094138
31,-0.4286851918591088,1.876206028295674,1.4667897401985268,1.0768286349310652,-0.1999745675747526,-0.2177409983618018
10,-0.0996147254194545,0.5487943306976815,1.8927618722107749,2.0376238911883964,0.1999973427133844,0.0141124685634164
26,-0.3255275927231284,2.045918523518385,1.2024280625071864,1.3624498191252088,0.1272655329929936,0.3946996924831088
27,-0.319779942906039,2.062129936849709,1.2153422060098986,1.3392482034100628,0.1842839564517717,0.3971191373678426
18,-0.2229363100303137,1.416371574433843,1.6477650488403182,1.8863121695140928,0.199987389716595,0.0226156998313545
17,-0.3615187910031853,1.1650413901226424,1.6438287953522543,1.7538185886105584,0.2000000099630502,-0.1732084118970182
21,-0.3585827622869367,1.473824272264438,1.5482264245536663,1.6805615815436878,0.1469331858409791,-0.0628250672843373
13,-0.1603446962808331,0.8789954251586192,1.7672826098885874,2.0204479824966426,0.1999834535412208,0.0696701961196511
42,-0.8363124784240763,1.2982656221837454,0.8036485547807555,0.9341710388574272,-0.2000000099064744,0.0431725867913743
29,-0.4368622550866977,2.0258744775351203,1.3223847011711936,1.52378157368766,-0.2000000097197189,0.1785072117436404
11,-0.1449938525103604,0.6564393662868915,1.8269374007966857,2.047144866471844,0.1999938990833136,-0.0454210979200926
23,-0.3988610970156371,1.7768056676677904,1.4927236000683646,1.5853761518944114,0.2000000026203399,-0.466266183716066
20,-0.3379916824112657,1.5558826038535625,1.4183040129429905,1.7325098543235231,0.1408686331382341,-0.0091129277852815
46,-1.0573282853812742,0.7010772463607303,1.5636469768967969,1.2009202765232416,-0.2000000091251031,-0.0475463704289381
6,-0.0085529586347426,0.2493148783348866,2.1814162964609007,1.4645271665005557,0.1999643752289806,0.1408580909615633
48,-1.047634437519487,0.7141380931275213,1.5959309029771438,1.2604867864710636,-0.2000000099652386,0.3106288750199062
1,-0.0779172982697887,0.2926329132258591,1.5506087812271456,1.5752524558729923,0.1108260564571944,0.0276137508783781
29,-0.3526620199940151,1.9872928561645355,1.4795177886870243,1.104104760960368,-0.0668327313042426,-0.0450387199103577
27,-0.3550608044074839,2.118502181470755,1.25785851577786,1.382677333508436,-0.1999999314118567,0.1447420551421202
41,-0.9302770382732292,1.278263481815109,0.673289687433515,1.0669878262014358,-0.2000000096549025,-0.0054887964304492
10,0.0306734355295684,0.6432894348683893,2.193314287725711,1.9674582864057035,0.1999926501014608,-0.057516103504683
16,-0.1908180264625565,1.197701492628782,1.743760187565479,2.0155169339082346,0.1999763020841218,-0.0339599530136613
26,-0.3466430460575372,2.044253670756789,1.1431835680009534,1.4432787699624907,0.1999449698730207,0.2007517417243569
36,-0.5920835257798563,1.600496951380152,1.085814663269792,0.8859948937275591,0.194708973828971,-0.2548653721585228
3,0.0057746923507683,0.0209218837524947,2.09857772389916,1.3457900943365608,0.0540099525801229,0.231900860421382
0,0.0777777777777779,0.2166666666666666,1.5707963267948966,1.5707963267948966,0.166616393542449,-0.2358987546897114
28,-0.3506367780749774,2.0586452252885103,1.425108505539168,1.268486208918744,-0.1063727050703586,0.0802614204067862
40,-0.8958609105606273,1.2185726254539868,0.808757678666387,1.080060103304328,-0.199999834968101,0.0090630631551682
41,-0.9547063723906724,1.1219754845235324,0.8526577998706057,1.2373168924935158,-0.1999998795304941,0.1177165732674476
21,-0.4070502109894419,1.505904867676559,1.528654390075479,1.6674805252393,0.1546182919324163,-0.0509011402708095
40,-0.7749769436075691,1.3656395842389992,0.9424838508155684,0.9565635960601746,-0.2000000093924541,-0.1460907965552496
26,-0.3421322968899466,1.9447556894420217,1.14127974311379,1.4699907603632938,0.1999933095473308,0.2570597946027803
4,0.0020719413510457,0.1147882287208335,2.1425191024926047,1.2949935920153788,0.0746102603128808,0.2507020024253801
2,0.0555422432713246,0.2962136906881651,1.5642445209112503,1.5727947838677143,-0.199856727546285,0.3866450043185029
27,-0.3255672032577342,2.070460729080584,1.4464093605664117,1.2932424565848482,-0.1329540109859424,0.1779406276729429
23,-0.3757935894735817,1.847089650523175,1.3016927363958697,1.5539269115304566,0.1062959964190359,-0.0720482967927515
3,-0.0751550642072249,0.4147282115103221,1.9484133283284049,1.4836008511348302,-0.0993659438328248,0.2318958821634092
21,-0.3747024727937451,1.602229136226823,1.4653392108764989,1.6496690559383094,0.0810390345874618,-0.0895573034281991
45,-1.0008901954432674,0.8886500359724151,1.128419772782598,1.402416259881638,-0.0092561737180771,0.4632721255756072
41,-0.9407352679334902,1.1223703178177924,0.835468134903584,1.1781560712339905,-0.1999998955387192,0.1158821243849975
22,-0.3801415373037286,1.7528199366798165,1.3362707505610327,1.5531152120424572,0.1995084046011917,-0.193741842225431
16,-0.3329755467639039,1.108754620882529,1.6279037753727774,1.7479171441403063,0.1999758012614655,-0.0999426724143179
12,-0.2093716868595591,0.7667207969297155,1.7569586085763316,1.9536849520161568,0.1999887529863705,-0.1229347247531855
3,0.0288879001001171,0.1037166618753778,2.0830451707032065,1.3372775026770378,0.0930223313792266,0.2551689972973749
13,-0.2701902883871424,0.8114808666675147,1.7207645727929215,1.932976498930273,0.200000009969498,-0.2598187868609182
29,-0.3597105910201862,2.0840297116790127,1.3703947956672202,1.269349077526845,-0.1232242819064845,0.1276300326633682
41,-0.8960502115750002,1.3344114150545987,0.6564784357931952,0.9868208273509336,-0.2000000099398639,-0.0697763727233553
32,-0.4649912188537218,1.8088293695877244,1.4103318462756018,0.9831948729611238,-0.1999902228225216,-0.4189439683390061
48,-1.058192503826301,0.6750371619558135,1.633680657357175,1.228326962190644,-0.2000000099504024,0.2751845515681101
29,-0.3696713043401976,2.041634914541364,1.3985273810711245,1.2694699036925532,-0.0082440402141682,0.0281593857655703
19,-0.3707491050521674,1.454774066858508,1.493121629369662,1.658276318564886,0.1998084149690151,-0.1567098966645452
34,-0.5668457495168061,1.6323252189376765,1.0540473694589476,0.8771082276389168,0.2000000089002168,0.1115652707214671
46,-0.9954913190563685,0.9403878362897824,0.92255320871738,1.304552814062862,-0.2000000099906026,0.2538443571559328
5,-0.0515677254294502,0.1536664377625395,2.1819719905641417,1.4400852848556065,0.199959018472921,0.1228014627903728
38,-0.8335808583372236,1.406611400276461,0.8295297222819666,0.9503465051070844,-0.158146446508626,0.048845696975858
8,-0.0718010621988459,0.4938855679721489,2.1987659289177994,1.6388818600795112,0.1999770609833162,-0.0755071877255357
49,-1.045570358794992,0.6735493346490662,1.84702175954846,1.1428457184596537,0.2000000092052496,0.5765744941361127
32,-0.4152471031278796,1.873731818434448,1.4297539396819214,1.2066067349835718,-0.1999999903458556,0.1039341895400122
1,-0.0776076626032658,0.2193301793353526,1.6167162666704993,1.5579567153588674,-0.1998392626090936,0.2512945329812181
8,-0.0976740760858056,0.570694973926376,2.175009119385157,1.6862354102836468,0.1999069766761822,-0.1451372620387911
16,-0.3354992820013354,1.2123547162731665,1.6457377011564116,1.7536288019978146,0.1999892564556147,-0.2851116406034557
19,-0.3156183466677916,1.4117863902667205,1.6685186582089169,1.7598716149198783,0.1999378693477517,-0.3533658982451355
12,-0.1821959139273391,0.8315475619495847,1.7668599198248724,1.9489747262145345,0.1999754173941082,0.0571884385032995
13,-0.2165887813315063,0.9310672885676464,1.7454684945431094,1.9490617022533543,0.199945769038863,-0.1058532352566598
49,-1.045211790123205,0.6738808167471332,1.8431497114386897,1.148281484246937,0.2000000091789115,0.589382120242568
10,0.0524168989565424,0.7071005497541158,2.251007990041052,1.8909020681590305,0.199980374473847,-0.0471068401195276
49,-1.1018620115566689,0.6278079662540622,1.8071285235371928,1.075981216515462,0.2000000099975044,4.841863181205126
8,-0.0770291854216663,0.4387544827212198,1.6315285871413092,1.5562353371541748,0.1999301651618637,0.5243549652040933
22,-0.3456400775948265,1.6232926146025115,1.4257065328445773,1.589097490758364,0.1999864732431326,-0.1005461075366915
6,-0.0717601703727381,0.3139082111402959,2.069328415268336,1.5278855904545938,0.1600279705977789,0.138671615274393
2,0.0284249324890644,0.1013737612763526,1.903816973685693,1.404677375477597,0.0924623553461783,0.4264419935269626
30,-0.4060121189928937,2.0135196076603687,1.564321463057075,1.1390317857536512,-0.19996474414617,-0.339472771387251
46,-1.0520160079151402,0.8129832248656176,1.3064727569606642,1.4257208006729978,-0.1138273923839571,0.384170985365651
13,-0.2367539837817471,0.8852433147638756,1.724062499650989,1.9109961148826355,0.199974874606767,-0.1256719652585878
30,-0.4100156076985942,2.0122296657531886,1.5626627030458788,1.1326999188902789,-0.1999643117130373,-0.356243508020563
15,-0.3013781586590001,1.119654494810668,1.6612886181708912,1.8168297784098464,0.1999795917522603,-0.0990820128905359
0,0.0555555555555556,0.2166666666666666,1.5707963267948966,1.5707963267948966,0.1494447317461191,-0.1330514787925186
17,-0.2761594919990486,1.1661495342474966,1.6292876164105277,1.831122473817933,0.2000000099663073,0.1437112171651972
39,-0.7091822136376811,1.4825406504278142,1.0227809261175826,0.8870716728892131,-0.2000000098745219,-0.3810698218761828
37,-0.7577583290203108,1.4709151062509302,0.8988949299845613,0.841026546865511,-0.1999994047664438,-0.2696067340285636
37,-0.7202019771616226,1.476305140824519,0.9225510294225554,0.9148456075586434,-0.1999999244832183,-0.1713200065620621
4,-0.108938547169329,0.0584174182651719,1.987023088860183,1.1490294398270828,0.1148733470766145,0.2626465411043277
2,0.0279860046910031,0.2045767962708182,1.755912655093942,1.454958717834021,-0.1999610374475244,0.289436712850434
47,-1.0398672226843262,0.764143196607467,1.237158210077558,1.3522948732491036,-0.2000000098564353,0.6695794475999769
22,-0.3875359673639733,1.66437152863074,1.412435875335012,1.590068855712372,0.0323292204030525,-0.1379485699102733
45,-1.0039539260003845,0.8696413380998436,1.1542880135264737,1.4047916772080322,0.0672689985812283,0.4183636971153032
7,0.0552966835391004,0.300707392274235,1.5368076721814017,1.578114428703056,0.2000000099545872,0.6179672221168753
13,-0.1978097153047527,0.900549459232755,1.748001624890838,1.968085236720916,0.1999297268236779,0.0021957183964173
4,0.0006873216466587,0.0968243708654817,2.0784169072893004,1.2883374109798962,0.1390395769351118,0.2564138313436734
15,-0.2718646521560168,0.980368820271988,1.6379402178016047,1.784927561601848,0.2000000099933295,0.1821285694001293
35,-0.6440698764166353,1.598045774397398,0.9885751468391332,0.8345721228244207,0.1695573524324487,-0.1677976896797856
24,-0.3716863571550453,1.8569565659328575,1.29059545049933,1.525661350242734,0.1994384513233457,-0.1543248984682858
39,-0.8348800401355008,1.4070566713288573,0.8240488591280322,0.9494632927183444,-0.1374391396940346,-0.240217146683806
37,-0.6759917743594462,1.5074200914696725,0.9756278442826608,0.9336113894366672,-0.199999980417832,0.1145434219135837
21,-0.343177588692525,1.4913946091205172,1.4768855469909052,1.6330801172442555,0.2000000096180862,-0.5268522683823725
1,0.055687837955465,0.3535912892391988,1.6054008538511138,1.5611892507666243,-0.1998661156559211,0.1842261079697547
4,-0.0216181816481747,0.1625275064391826,2.082072862484728,1.2835876484741795,0.0268402117348661,0.1734477029859262
14,-0.3024049450016624,1.0188422475146384,1.6376767363537277,1.8047307215961288,0.1999692147119276,-0.0556011129847467
29,-0.3819220546092865,1.969038742220718,1.391687692203794,1.2711302651694467,0.1501322557957126,0.2575555622886805
29,-0.3638490173580936,2.0472808483038336,1.2042839611556868,1.357140552223013,0.0804241182007407,0.4129621699736688
39,-0.8339992872276842,1.3212610483529232,0.7619814025845866,0.94143669337121,-0.1999999830721371,0.0955509233380373
45,-1.0489498021088737,0.8629852564463357,1.2743877294149737,1.4254712415602455,0.0846528210521678,0.0578377188617679
47,-1.0559086471255956,0.7014550591278359,1.559879339360867,1.202215995349506,-0.2000000097838875,0.1466593105095856
17,-0.327856495582104,1.2559733526825485,1.6489942530777792,1.7689519779523508,0.1999914895074759,-0.1373896222804162
40,-0.9088340879938768,1.236118395663028,0.6734315592577595,1.1032633979163375,-0.1999998894221179,0.0891081984861066
40,-0.8898953591549701,1.2314693754721444,0.7057768302646021,1.0526493110100468,-0.1999999894488123,0.170722900652131
40,-0.8823641329642462,1.2417636022074774,0.7079425948348383,1.0351271964399713,-0.199999940846463,0.2282630736397094
25,-0.3812856934935695,1.8949725473387733,1.2129383511353369,1.4816794805533196,0.1998450116057524,-0.0824499354088125
10,-0.0838431095217917,0.594993002547199,1.9600905338909964,2.067588503476915,0.1999720761744114,-0.0984429776825127
28,-0.3593663504425229,2.050021664950315,1.3515205132451396,1.309236283805914,-0.0608190298170992,0.1350480048771547
1,-0.1001809675118064,0.219618759558572,1.5420765290644507,1.5774985442371448,-0.199885805645262,0.3595653680836009
33,-0.4803237011070377,1.750620328603503,1.2881938415255885,0.9248369637617948,-0.2000000062415951,-0.0010984037011806
48,-1.053964612004376,0.8285608126417481,1.3256237926569323,1.4177029974516344,-0.2000000099722668,0.566046371736903
10,-0.1181093211016766,0.6012072796309356,1.926202514269624,2.048030870995667,0.1999525866504181,-0.2351005877297683
7,0.0605669873344573,0.4249306617467191,2.2456755648043494,1.6774524381796196,0.1999619907616536,0.0269316244898114
26,-0.3512671414039557,2.036314242106422,1.1790124108164353,1.4134061869252403,0.199912830169949,0.1850119660818398
7,-0.0338149254513186,0.2478108469799885,2.223272585370813,1.746543987301041,0.2000000099509769,-0.498824387208301
11,-0.1807648021454783,0.636331501605881,1.812040784457002,2.027486852231269,0.1999879398404404,-0.1818798071662641
41,-0.9728496810091976,1.1919690883903584,0.7264915826406817,1.1988002737422396,-0.2000000091505653,0.0139594640780361
20,-0.3802706245079624,1.559206395286174,1.390820548363576,1.621969091498413,0.1571367732949151,0.0662951018175593
36,-0.6083501829779154,1.582596179693175,1.001672920831714,0.8638288095664565,0.2000000095305855,-0.1233600617516311
49,-1.0770027498141987,0.7138548093794033,1.623062660047088,1.2867973653048412,-0.0065545728567425,0.7789477501793928
32,-0.4965990833993274,1.7433099988833738,1.2094050842013695,0.9244606722934752,-0.1999094186267641,-0.3968566918450517
3,-0.0621134574275301,0.1128708633421862,1.9539423594858985,1.3611532227252403,-0.1322560966349429,0.2094220326009515
47,-1.0303705477363767,0.7233211953322906,1.4255300956454615,1.3605149222368855,-0.1401278774375109,0.6575277423335744
1,0.0065359824573526,0.1436072934469691,1.770704212851407,1.4559215059493709,-0.1992330805112334,0.3046905162886284
41,-0.8264404964747415,1.3148890515042624,0.814554757499371,0.9221839674827408,-0.2000000098973137,0.0005457212879655
29,-0.3632467903677768,2.037548124901763,1.3792838575926163,1.291884454273358,-0.0732098716178978,0.2698411104721038
35,-0.6340499882146453,1.5607861663669595,0.9508332135763506,0.874838811177995,-0.2000000082295302,-0.021719795808961
42,-0.9599819562812626,1.070282726378191,0.8476348491993289,1.276180528757732,-0.0381290303852226,0.4150166888923401
1,0.0314569674499003,0.1763062373168332,1.711092204847608,1.5028275250177512,-0.1092155093702745,0.348617082796117
4,-0.0813366630431849,0.1441648456316975,1.8496940257635448,1.4354804326973871,0.1380989154374364,0.2182761112843234
3,0.0783219450217686,0.358207063957632,1.6996322880175452,1.5361607037054912,-0.1513551551617313,0.5593907087185831
33,-0.555505177262644,1.7144322328734536,1.047683504470859,0.8202210142075214,0.2000000083699758,0.1005383020416585
9,0.1006907323759587,0.5103243472670909,1.5909758369114737,1.5574723366288674,0.2000000099944512,0.6586343905134594
34,-0.6138702308731647,1.710273340266064,1.0343118021872382,0.91963302947779,-0.1999633624090753,-0.0358837333096062
42,-0.9604924484763354,1.1032167965039286,1.0032809488853274,1.2454628824161924,-0.199999712966948,-0.0356738550811927
16,-0.2852583586534297,1.1834652493116689,1.6195330890503268,1.8039872668829613,0.1999889959543375,0.1406005143072599
26,-0.3756688536765284,1.9033614269827637,1.215028584995542,1.5059301095667457,0.1999895039017387,-0.1276938803186018
47,-1.0663555186152829,0.7318381666457324,1.3162474251028635,1.329507135244715,-0.2000000097420665,0.2771307952837661
23,-0.3843810041904887,1.8853521254070225,1.3081928277995925,1.5315637280921524,-0.0778566911993603,-0.1143766901231508
37,-0.7017824460442851,1.5829291222793616,0.9446388194945196,0.8854621709652571,-0.1999998873116965,-0.313796650880053
24,-0.3522373535317051,1.870364310618162,1.246190765002046,1.5086866830920491,0.1999324102040147,-0.0138314354615789
20,-0.3659633887619705,1.5116036233221677,1.4194276885154204,1.6482699179252949,0.0933987842926359,0.0573526877063945
3,0.0122309692395788,0.008602937400948,2.036899714111207,1.1882531491931412,0.1999329089475915,0.3454633768564949
7,-0.0269821285765912,0.2407305200104353,2.3098873580482344,1.504779793507201,0.2000000099930386,-0.5225075287305365
15,-0.2843440789055839,1.1624927272113443,1.6215038756516318,1.7868290405173215,0.1999777028558932,0.1715669533772091
4,-0.0026093369797285,0.104912045535776,2.152776093282972,1.232084279525034,0.139108724712501,0.1941731963003886
14,-0.0858291987028722,0.911831992021096,1.9251705157246928,2.066497335359885,0.2000000099672111,-0.0006084653740038
47,-1.0324483957653938,0.7151111780415842,1.4693976576116423,1.3390105671109285,-0.1091066575713944,0.5658009833936665
16,-0.2929197230387639,1.1073491775247806,1.6095219599690775,1.7577637074017962,0.2000000099449912,0.2027547794803763
3,-0.0421636138983525,0.1398512311705441,1.9572273875263075,1.156341806485635,0.0463397114422311,0.0582832964928084
49,-1.0990186429196205,0.6072165308587935,1.7867298580438788,0.911249788875068,0.2000000099754364,0.6420826179900017
15,-0.0865019781091954,1.1532854950856335,1.9937248984959464,2.094162766640308,0.1999874847784463,-0.3019003234554561
23,-0.3473944075470043,1.6948115136444006,1.3956082286920886,1.6093172641593154,0.1999897822768931,-0.2003469590677606
16,-0.3492363632662159,1.368405435097848,1.5700068260219435,1.7277132806057964,0.1999328649254941,-0.0655319282303464
3,-0.0897385677756846,0.0596813825754586,1.9959731633451323,1.2928840886774764,-0.0243407002005402,0.1858463847848459
10,-0.013205467663268,0.6127346488535604,2.1679526330515104,2.017222806422393,0.199975526983009,-0.1798980263847917
0,0.0555555555555556,0.1722222222222222,1.5707963267948966,1.5707963267948966,0.1991419824164819,-0.1458217832139876
19,-0.3814036776328984,1.400573273750785,1.578086850294147,1.695535341508282,0.147051928488397,-0.1851833830327199
10,-0.0298590831433922,0.5577525860452841,2.104147409149681,2.037763188471597,0.2000000099932846,-0.3841525071631483
30,-0.3764953775031858,1.9169622110960167,1.465500962981258,1.1114600641578516,0.1999714996699645,0.3004283023113756
30,-0.3319628207575234,2.014477340914198,1.423284241059099,1.2487666360321592,-0.1999997642227756,0.153960016769096
8,-0.0786803424543827,0.5887154834677787,2.108664051690374,1.9671840678403072,0.1440034257208469,-0.3124279029553057
40,-0.8214415119076135,1.3045524206638703,0.9035651619222502,0.9711073888551964,-0.1999999932349597,0.0359671240318938
11,0.08755185965144,0.7291874262442788,2.1402848410096507,1.8085432776141213,0.2000000099630614,-0.0529759458564396
1,0.0527578324515984,0.0825110678810243,1.7624680856850483,1.475173031968342,-0.1999393294258649,0.1361927222504323
20,-0.3769214987725038,1.5205962107589583,1.493518722304378,1.6481949407399454,0.0745013733494091,-0.055046881174075
7,0.0776819558711802,0.413674568234516,1.572452918687139,1.565233398121654,0.0551649737699904,0.3785837827678789
22,-0.3858602318977031,1.6807735062467293,1.425189753123794,1.5892576130102185,0.0289486604357058,-0.1625694252314269
25,-0.3636802996169487,2.0221029287741223,1.2243845770743231,1.470020797530269,0.1183145582726278,-0.2501905671508906
5,0.0294563518326331,0.2194971124914634,2.203079001107488,1.3377497972660053,0.1988427050260469,0.1408746068339296
47,-1.0429556003889422,0.8352022302897887,1.1138104843583445,1.3444778143071308,-0.2000000099974545,0.385832213253125
3,0.0777203806749331,0.15824203914503,1.6311929980900626,1.5499007872060937,-0.1840107399463562,0.339853125791248
14,-0.2126854507436018,0.9759063140223962,1.7481310861792905,1.9675200473456784,0.1999653845545847,-0.1440869118776999
30,-0.3711129354897504,2.0277892667842843,1.3512621196594576,1.2935563662929488,-0.1999992809405361,0.2595802908612433
7,-0.0296446909061639,0.2739507150091252,2.179322057464395,1.8659813125569655,0.1999850647762245,-0.1295453090852805
38,-0.7913226498881702,1.381766137524381,0.9147170461712384,0.9866798875223634,-0.199999910393179,-0.0754333862917209
42,-0.9535892046685291,1.1135576491653665,0.8549237402796939,1.1628493395810453,-0.2000000040332995,-0.077647312837326
7,-0.0550535951295845,0.3602958787961587,1.6654962385681014,1.5375922558531334,0.1967645456126368,0.5266724904036019
23,-0.356000020324615,1.7511067042410768,1.325743154683385,1.522586917383666,0.1999628218940924,-0.0748852527610522
22,-0.3844791637267385,1.6681560934243231,1.431463141986404,1.5975141989150927,0.1071453275172935,-0.0886628525222721
34,-0.5809803934620433,1.6806017478841746,1.1289309546502926,0.839361378939058,-0.0979953571071355,-0.4023940152690596
15,-0.3104262512650754,1.049922249456306,1.6330295637368557,1.785231116212473,0.1999725563164691,-0.0587717425325788
34,-0.6190648996814627,1.602849499465256,0.968255658694778,0.9099381188736329,-0.199968731093504,0.0424369746025496
9,0.0096495731029286,0.4957463346387497,2.144265986163308,1.982885058841929,0.1999914695949846,-0.0625610392421033
13,-0.2576398802588343,0.8891955558837614,1.7066105725851397,1.896895290512819,0.1999756228101503,-0.2156350081362189
15,-0.3230751874465993,1.2544758214252327,1.6495579155769686,1.7679932762580246,0.1999910292336723,-0.17521825017827
10,-0.1657065673972304,0.5901707659456764,1.8482008400049548,1.9912867143132569,0.199948796218269,-0.1754961326279087
40,-0.8861014344547188,1.3462334592119845,0.6633771891382079,0.9707311590019728,-0.2000000091074681,-0.1167723131085059
7,-0.0587079788041805,0.2609507639254828,2.0146452291545014,1.3733987897637918,0.2000000099546595,-0.1752932289360785
37,-0.7445833549605768,1.4455650020043331,0.8600248164173703,0.9307962728019922,-0.1999855598934492,0.1244852220753086
20,-0.3624409338913258,1.6156226416088344,1.4647376957025866,1.6841695213495342,-0.0244679000735655,0.0695709327384151
13,-0.2275068741069048,0.8233975667649769,1.7322186129775383,1.9265066748457504,0.1999800174960938,-0.1004501401595181
3,-0.013646266221621,0.1266700702211828,2.001652375855718,1.182625005388185,0.0546242901581653,0.1301254490524722
26,-0.3279370488630048,2.017662704692932,1.18931416148809,1.37588756045194,0.1998492972124161,0.3996823982897532
39,-0.8455898113101825,1.2899238980081946,0.7901639184590916,0.9475535213888052,-0.1999998326931522,-0.0009104100607293
44,-0.9846503514808482,0.971101541265743,0.9811551357295852,1.3539581270806782,0.0435567068809508,0.3931691044137712
46,-1.0687578675106066,0.7094354806761218,1.4893513518061976,1.3426685108090346,-0.1999999065378463,0.0023696601559649
1,-0.0332432418199149,0.2500703643480293,1.6213954026487212,1.5551661014773692,0.1999487414755227,0.1172850542867833
9,0.1060555846727324,0.6009106115541563,1.992463850477014,1.5600489649188478,0.1461100798355108,0.1614110225219906
9,-0.0211518272841187,0.5321336400686559,2.1400948214021067,1.98938737249682,0.1999819233621263,-0.1382979710703695
3,-0.0113349736734948,0.0976000305144152,2.0115560303118567,1.2043097596808428,0.0482348607208519,0.1845877468752851
29,-0.454785671197924,2.0411492503752715,1.3235029308733086,1.529641762262722,-0.2000000097446693,0.1793179315781058
27,-0.3070427403062497,2.0787809619663538,1.2225274490800242,1.3566674396829277,0.1999607154387966,0.4114529470224681
47,-1.048731468650211,0.8667545761859647,1.260992010184799,1.4247827547091871,-0.2000000099964934,0.2912574601448086
48,-1.0680246534346576,0.7120068537759223,1.4972784938898425,1.3423993765840296,-0.2000000099488183,0.4059947031513784
24,-0.3678703381833244,1.7748681932064465,1.3515523756530623,1.5829399404925772,0.1999091380702727,-0.2049107635012242
31,-0.4037316694842608,1.9104475445743592,1.551643137379115,1.0782992452583944,-0.1999852340075988,-0.1974567681827746
28,-0.3306437813903201,2.045127001039104,1.5428147103472178,1.2472390257145558,-0.156893031542361,0.0690557656420563
15,-0.2837084488597818,1.0050087005382256,1.6054684722297603,1.8395954690642773,0.2000000099931815,0.1522274548560978
36,-0.7199401374739108,1.5537892644048708,0.9366222220149378,0.888627631707945,-0.1999999028084277,-0.3398302824384743
1,0.0553611482502893,0.2408352182459491,1.6236681836333613,1.5507264476721772,-0.1999031305986126,0.2452655936415579
8,0.1003961418496163,0.4878953971233035,1.5829450721528868,1.557959190303388,0.1771105527362789,0.4956577735537291
48,-1.044383355735625,0.8167423721266355,1.411455320744461,1.3912000771886697,-0.2000000099677565,0.4860842178406231
28,-0.3307092925609907,2.020698343539301,1.4229287217047553,1.250238378997112,-0.0400791048208995,0.1975840567537073
35,-0.5929271377624852,1.611141982089057,1.0136982771244387,0.8703981308057849,0.2000000094086529,-0.1308690208167585
14,-0.2576519284021362,0.978720507551193,1.6920931796219687,1.8850184721440544,0.1999568580762367,-0.1681665557751125
0,0.0777777777777779,0.1722222222222222,1.5707963267948966,1.5707963267948966,-0.1998398960524347,0.0661424112394177
39,-0.8358243051655375,1.312251355741562,0.8217503055318178,0.9991536499248204,-0.1999999249514795,0.1474931759948048
29,-0.3252129752237896,2.051285924161568,1.4679873819139342,1.1905853234100017,-0.1999699099054206,0.0491150445523297
5,-0.0290692099499483,0.3394493615636544,2.1392528499153,1.4393082232841896,0.1991956567390823,0.2432874822173917
20,-0.3400557459168825,1.497464924380905,1.4810432801630835,1.6568475380284398,0.2000000093630332,-0.5603829867930837
36,-0.6536343375058239,1.573117596129544,0.9622994351539472,0.871031483498015,-0.1999999118833787,-0.2430688556542675
26,-0.3347388604053046,2.10975180747082,1.3613233240928988,1.323606410061435,-0.1999133886381568,0.1058021549606596
17,-0.30247737385918,1.236498168616747,1.6032041619208195,1.7436699728041878,0.1999847031855164,0.1983803873595446
15,-0.2148366603175819,1.0576161280597938,1.7280378673766077,1.9758890307090915,0.1999832156691517,-0.1031801286308052
27,-0.2853289906177755,2.1583525548410702,1.3541970635440688,1.3445808679872486,-0.1387377821312153,0.3206853187987759
9,-0.0627895128055603,0.534441735177046,2.019294605651174,2.047272233818359,0.1999902434537905,-0.1134079682852444
28,-0.333970221234685,2.133524312103351,1.322016424054426,1.3094831579992716,-0.1922334286790948,0.2063574826466257
19,-0.3651027053936062,1.401767834729156,1.58150485629705,1.705060292757879,0.1995037838147942,-0.2604647513300275
39,-0.8285514670939785,1.3341700437582775,0.7871906630139347,0.9712024233897446,-0.1999999124306929,0.1290212245850981
48,-1.0302975527697311,0.7993373085456944,1.1788252974536757,1.3482870361195665,-0.2000000099963354,0.7273026852186192
0,0.0333333333333334,0.3055555555555556,1.5707963267948966,1.5707963267948966,-0.1999049142638773,0.3136719650955606
29,-0.3599610421640822,1.940884932379287,1.4651746499028544,1.1676347386404924,-0.0371569949323245,0.0625953806004398
23,-0.3794505102498687,1.8261095379595187,1.2962271432068686,1.515883490259589,0.1998338676498755,-0.0313771271790667
48,-1.077104137152866,0.6885413458650936,1.6576947654273848,1.2644995886171606,-0.2000000099736736,0.2589218590214799
42,-0.942433193233886,1.251821459444344,0.689813413718019,1.0993773148245394,-0.2000000099391652,0.0319188595257597
19,-0.3306055146192442,1.4074680946709903,1.5269941995528082,1.6935180447956544,0.2000000099377964,0.3682435601364196
15,-0.3056294526197997,1.1041396378851631,1.6553506600346903,1.8159739867832545,0.19997995725271,-0.0795097332975823
3,-0.0533590356204265,0.1350082740483323,1.9696390042689185,1.2354269137957312,-0.0111905681504488,0.0858109023384122
42,-0.9527997700708826,1.2006068696920154,0.8129509660091738,1.174521951157035,-0.1999999335554843,0.0720829683498868
13,-0.2507040767578836,0.8620371414534826,1.6950121341108504,1.8867560950394489,0.1999755620711558,-0.0328226102464434
8,-0.0432175667768895,0.3869888865294691,2.2150659086790423,1.8398560503485573,0.1999802251782528,-0.1945822628966483
27,-0.3174832822684898,2.0697458965442213,1.2196635055032117,1.3357016623594071,0.1627842313178318,0.3919239918892877
5,-0.1000962617113031,0.3007983757244609,1.5675696144488196,1.5625320106187917,-0.0343262264788177,0.4503182516637364
8,0.0016976217097771,0.5141109207834696,2.215135124572788,1.9240062609839736,0.1999678792787515,-0.1274592002224238
42,-0.9426471208782008,1.1156629076229745,0.7582743587580065,1.2140346863091158,-0.1305255332465115,0.4390644009976924
1,-0.0777458686396247,0.2555411095340833,1.5831964994457106,1.5671133514585611,0.1894870256307549,-0.0789596661566008
8,-0.0479184271820842,0.4785017939343352,2.128074892857347,1.9996966817754085,0.1999112967740351,-0.2652725834476954
3,-0.1017436505170843,0.3261160754366121,1.4291679645564894,1.570036111249851,-0.0279371904537032,0.5906697316221292
30,-0.3793361986238396,1.962308555032036,1.5636660389512238,1.1528294943699926,-0.1997959748457088,-0.0650753264824582
25,-0.4147546507529772,1.8497896959712228,1.3292466486480574,1.5378110016038875,-0.0566128728058066,-0.3494212352716723
32,-0.4195835311797224,1.775953670015871,1.4639033759620528,1.6412960332821722,-0.1677822549462803,0.3378606106502547
5,0.0127672786144592,0.198557043184237,2.2324871952321867,1.434511654724224,0.1999531194342004,0.1270412216125939
8,-0.0081617119467153,0.3725415430218176,2.278420598306928,1.8695001486630087,0.1999984593152879,-0.4244289772468772
33,-0.5126723547089158,1.7579105123401302,1.2687868101822772,0.8721734278679129,-0.0883639878145416,-0.4852371102118915
21,-0.3732133564761637,1.4463662760396188,1.5593628036465983,1.716845294045748,0.1999999939031591,0.0150631721786496
28,-0.3464781143869482,1.986907950767335,1.436443061628614,1.2049775583129314,-0.0414793732872292,0.1905223775760111
8,-0.0920077567366272,0.4208467461738361,2.0792060243573527,1.933225375968548,0.1921460701774031,-0.3368920771495626
27,-0.3271567793842048,2.1378812577884845,1.2696573147379304,1.338746037104693,-0.1216817959732854,0.2903233928874364
28,-0.3473039797342205,2.109551792177687,1.307219487717974,1.3050088529240729,-0.1065779527976148,0.1745795558925498
14,-0.2946493743528953,1.0842948635097478,1.674029518910919,1.8046682316308191,0.199989998990843,-0.0862854416034291
2,-0.0382157573649836,0.039013913511426,1.9254326549217733,1.3964989312607796,0.0110442742527582,0.3438729175736423
23,-0.3820403676791299,1.687438979808642,1.4228858883169035,1.5898114748520706,0.1997814409378362,-0.1569991334060164
18,-0.3772756031053724,1.3815996350096682,1.5751842568304877,1.7285315394519971,0.1865072831483106,-0.1126619148343879
3,-0.0450317795864543,0.0864103428532881,1.978061359198989,1.1290571536331544,0.1996405485348194,0.2263850884968549
35,-0.6640598087922055,1.5258381980790172,0.9477974707868436,0.9193650605757367,-0.1999862599982537,0.0988367144817586
7,0.0207096932432475,0.2792277410562232,2.2324916208770613,1.840167216093407,0.1999951425576751,-0.1691221601032198
17,-0.3767656740938401,1.485948058397549,1.5391241135683398,1.7137048796325507,0.1998914779990885,-0.0870928967125928
32,-0.4532988928755854,1.8351980140997903,1.430028436349045,0.9633895938964484,-0.1999820785137371,-0.3224832523335361
23,-0.4083509734510204,1.7069164256556697,1.4933058294144017,1.580428100312571,0.1999534447629282,-0.1559444887377871
11,0.0112543939183935,0.6374421162953463,2.152006515362535,2.017477834752599,0.2000000099556313,-0.3371407798452077
5,-0.0383071837724656,0.1716111865094429,2.173110426464353,1.2907282513865894,0.1942788356060374,0.0669577012056757
28,-0.3497004575341061,2.136490662545784,1.4298064383354523,1.3073688623908148,-0.2000000096771689,-0.344178913607633
6,-0.0495252639242336,0.2711826305517246,2.2231098572399954,1.655970707104625,0.1999444639487771,-0.0277707764438521
3,-0.0340352113396314,0.0582758516820146,2.016420521834169,1.194557838539325,0.0557293651935106,0.1700624292238054
46,-1.040109540784407,0.749461083276342,1.4267188171532492,1.2909976020682254,-0.2000000083004428,0.1874966771962729
2,-0.0190796954122224,0.2495920205469987,1.9019691059973576,1.3721841470370053,-0.1382534515494625,0.0876466980476513
19,-0.3245321348317412,1.37357114787116,1.55525774235395,1.7165229990475386,0.200000009946301,0.2851364321118799
31,-0.4118723064132445,1.8416750275941032,1.5167362550881247,1.5410725485621222,-0.2000000099368724,0.2659512994533221
17,-0.3008230850739347,1.1740082388924111,1.6054860586908202,1.766705558350776,0.2000000099600543,0.1723674146746144
0,-0.0333333333333332,0.1722222222222222,1.5707963267948966,1.5707963267948966,0.1873025034042345,0.019629576024689
21,-0.3740255682310451,1.6758691142151194,1.4263463715323137,1.5410836563202048,-0.0504773708644006,-0.0074082188094698
36,-0.7394192445394093,1.471996183890785,0.8564336756462468,0.8919553324535409,-0.1999281259229675,-0.0681820040308046
4,0.0618720817030736,0.1478901448872485,2.2060147831824164,1.4635334915027958,0.1999410926614785,0.1846937761758535
1,0.0777229147246192,0.1914957948160339,1.6960433582451682,1.528123422169357,-0.1998811806984861,0.013062427625887
11,-0.0914262800835229,0.6486758887158145,1.9483991424229483,2.0780261769642223,0.2000000099587054,-0.2051199287108477
2,0.0035993725612654,0.056161919260713,1.940572635723763,1.363696606727253,0.0059234749082835,0.3133928692274961
6,0.0394795972372895,0.1838436655367699,2.379074909785066,1.6753111144056083,0.2000000099539745,-0.5808440780690234
13,-0.2100240973664844,0.8678499474441426,1.7214732426853052,1.9876240190790888,0.1999758110170096,-0.0345009251981363
24,-0.37790280831267,1.7639136645021671,1.2876751670130937,1.5103728567875427,0.1999866135886679,-0.0198046520082906
27,-0.2814076230394751,2.118219761405698,1.1987318779018263,1.3877241337244792,0.1999890423218153,0.430814458900806
32,-0.3929102960081956,1.898585410565002,1.5026607337084157,1.5557965124295756,-0.2000000099491258,0.2119699565395018
32,-0.4063547683017156,1.8628153978754465,1.5170051279154162,1.53554667939772,-0.2000000099282496,0.2197846528037502
5,0.0186529724844169,0.178959696645845,2.271925226846013,1.5868691796300742,0.1998073858096915,0.0105135598682821
31,-0.376632713441588,1.9801931122349727,1.2682926497098546,1.5557218181642174,0.2000000099051967,0.1183653823468235
3,0.0779464463336707,0.3353878885142994,1.5936412597682814,1.5663060292923183,-0.1607373893653598,0.3438603441669796
1,0.0999530367053829,0.3498053631899605,1.5629385570671896,1.5726795496328112,0.1319561568105837,-0.3265917665199138
44,-0.9839102481711725,0.9752087583086426,0.9765638942506653,1.3524548133091845,0.0269901321238622,0.4013296343966211
15,-0.3136548675784362,1.066832396358751,1.6412896933641772,1.7929390537244432,0.199966769786086,-0.0742774748248419
20,-0.3432385256298506,1.4619058210482474,1.490337529280458,1.653555969503778,0.2000000096238396,-0.5696377677593956
0,-0.0555555555555554,0.3277777777777778,1.5707963267948966,1.5707963267948966,0.0275446500877321,-0.1597308552689293
1,-0.0114964814774975,0.3376799157972042,1.7620021859791617,1.5013565585451196,0.199976727089064,0.5082458767322804
6,0.0623637057706594,0.2834184319911175,2.187982698031936,1.6318682614331552,0.1999188473542203,0.1361097892472656
1,-0.0554320606161094,0.3441506140490277,1.6194052482631545,1.5563254657895451,-0.1451616523860181,0.3665215462746032
35,-0.6478313124591984,1.655454117116708,0.9451483274486404,0.9091505802068698,-0.1999998883273124,-0.2869562192676699
8,-0.0822569595868091,0.6012141860784127,2.0734983096506934,1.883212961420597,0.1999755103345254,-0.1142322167725126
37,-0.7400785103694486,1.452004811524843,0.8761658603933196,0.9330108517868178,-0.19999781603178,-0.0359895176311996
24,-0.3522882056015338,1.8254476775960888,1.290496271158208,1.6075198136994635,0.1999429871078615,-0.1235786256956116
20,-0.3839148492186782,1.525067792726405,1.4935990768161158,1.6250154165270407,0.0683127885087637,-0.025729225468827
33,-0.5112502115713191,1.7061180768122444,1.3811840257283787,0.9287719763836604,-0.1040295102702978,-0.5201797040091146
0,-0.0777777777777776,0.2611111111111111,1.5707963267948966,1.5707963267948966,0.1999151556821059,-0.3097760448230235
26,-0.3677625961951626,2.0464322145324623,1.2174988957729678,1.442435814331637,-0.1999868230369531,-0.2303415587373843
22,-0.3482011313269507,1.6621093166472485,1.425836564102445,1.6108827720479677,0.1998426712217126,-0.1515729411378041
4,-0.0242238581293896,0.2068204308052545,2.0716281543162207,1.2503322387774534,0.1998414283463971,0.2132440066844165
27,-0.393019759767289,2.027909857537283,1.231517636277948,1.4371987751237436,0.1108066782090657,-0.2747478197688771
35,-0.615022050671313,1.609765357170293,0.9792513037708144,0.9081836701853804,-0.1999992976288283,-0.074446166568751
47,-1.0307593963288622,0.7750446664310605,1.6086245061785749,1.31065374889057,-0.200000009963077,0.0686356493626221
3,0.051177155786092,0.2755571952476556,1.9496267224338395,1.3863794541895962,0.0269329234885955,0.1719129815620627
0,-0.0111111111111109,0.2611111111111111,1.5707963267948966,1.5707963267948966,-0.1997879936095705,0.3904692733760072
26,-0.3369674325554147,1.9687885543087549,1.1247487376120429,1.4391668928167467,0.1999709503192173,0.3979275478996971
23,-0.3440011395618207,1.712152370740559,1.3714900510993342,1.5915390207841862,0.1999720312114513,-0.1909578968407644
27,-0.3553618742861916,2.0481755655081937,1.2169132385044297,1.3568752718851038,0.1114756721042916,0.261892715994254
35,-0.617997273451844,1.572035660570804,0.9819207499411444,0.8622614431768603,0.2000000092029501,-0.0519149419228028
10,-0.1185626255103078,0.5626924474111422,1.8878356191006045,2.0693531257034223,0.1999910754761579,-0.1169014258756758
48,-1.0525148643413968,0.7916422791452056,1.4248071248319487,1.386045592942279,-0.200000009994726,0.4728707193818521
4,0.0333060017292234,0.3417250315184583,1.5972570041802268,1.5616195765155636,-0.1388474006022796,0.5963894631147877
45,-0.93115328016252,1.1503454051784026,0.7778454004463295,1.0752899642663338,-0.2000000099985651,0.0898633090878136
42,-0.9476292092048472,1.1043911965253683,0.7847171622004847,1.2311563234584222,-0.1097769709154818,0.4308698244144602
6,0.0357752989692896,0.2315162809293096,2.284604420014892,1.7124231138424657,0.1999497975398751,-0.0372828173023641
22,-0.3814838451263233,1.5792204489885913,1.4776726300504546,1.6187334790693937,0.1568918749225916,-0.1502760884434278
43,-0.9619042438361286,1.0625472296564835,0.8569002161410193,1.2822754360370958,-0.0284335086283074,0.3747084230346093
13,-0.1481567728367311,0.9556887759092396,1.8185874308135848,2.0322891652921986,0.1999735422134718,-0.0151275225451074
12,-0.1868000476475395,0.7456257379575311,1.7342771338906626,1.9652195155545649,0.1999834195741969,0.0966558174123176
8,0.0846976888147322,0.4202663095030476,2.287302090678488,1.5655874107192398,0.2000000099498784,-0.4146861775001264
0,0.0777777777777779,0.35,1.5707963267948966,1.5707963267948966,0.1440783705221283,-0.4107504781903857
19,-0.3328089706140164,1.4958517269102098,1.5430312464621403,1.6648048267631912,0.1998607783560548,-0.1881767994772383
28,-0.3406240307836417,1.997497925571016,1.4743013391878943,1.0863528963844156,-0.0718512822760583,-0.0877860119928717
4,0.0252185392817859,0.1688344149584478,2.1665196726706366,1.27642509016978,0.0519232174276166,0.1396566543764297
47,-1.01433198009286,0.8081035563364652,1.293892745920692,1.398691412565765,-0.1980031621464637,0.2812329825197736
48,-1.0595389795066232,0.8002467634551248,1.3321558954801898,1.4169266158731486,-0.2000000099721298,0.5592019278414917
6,-0.0971375838327604,0.3305537335882756,1.916627719127808,1.5026773122447958,0.1614362890735547,0.3204800641933971
29,-0.3710979206229459,1.991156111390644,1.455263409581319,1.218476038363319,0.0445648885714418,0.0779508716417988
31,-0.3946237664458329,1.8679855654675128,1.4963240260866026,1.5633361225292413,-0.1684313410849908,0.2848235310699478
14,-0.231838465367408,0.9377591666120992,1.697919257977281,1.8947663423964072,0.1999836635718506,0.0714000509210476
11,-0.2002918926358824,0.6725132763129341,1.7568780239670685,1.986331220025536,0.1999854996809555,-0.1176670349230494
7,-0.1028203442463572,0.4024917366625101,2.1235313015666346,1.746994864144425,0.1999184434035543,-0.1345896024337484
4,-0.0307335555914345,0.1307587621537911,2.052982815602098,1.2097701814305657,0.0490356727495356,0.1930382751176648
49,-1.0807079597706282,0.6349954421898413,1.6155269193139414,1.1932799889123318,0.2000000098791236,0.7898644396203964
10,-0.1683580205151586,0.7934926150602001,1.8688712428000311,1.971606670111448,0.1999709425645491,-0.3324220094362943
2,0.0786379732228115,0.3434904541146467,1.797182665267263,1.5071689888889852,0.1999585016336722,-0.2824508920887599
25,-0.3247585808136486,1.8829667447204828,1.2425079318371155,1.5342509637168396,0.1999885529826962,-0.1607821152908468
25,-0.3786554772088233,1.848547280215112,1.3008037591960768,1.524734266009267,0.1999491580400659,-0.2534283290148769
2,0.0773849460352563,0.3116736458311317,1.5093374336746077,1.5850178810168123,0.0556579417445269,-0.202912638182055
4,-0.0426043578187247,0.1652369719809563,2.043725908794676,1.3039374960172965,0.0064483185147528,0.147678941537682
28,-0.3916133939565682,2.075710995828382,1.4946645806219916,1.2547439724996383,-0.2000000093309742,-0.4386942205461634
33,-0.4259597714747732,1.8474096533986,1.2162515166643932,1.034992582390072,-0.1999999921116078,0.0644489097537733
48,-1.039976197606833,0.7582059479817085,1.2475760477271418,1.3473802393750811,-0.2000000099956145,0.6533593798022408
3,-0.0252965375287164,0.0448384360143765,2.0270171175387244,1.2539962389940331,0.1999473616676367,0.3025139728986963
17,-0.344781885218214,1.1897993223082983,1.6495321551945548,1.7671522736899683,0.2000000099930496,-0.1759728716665831
16,-0.3056700652288312,1.1317887454389195,1.6162285687053035,1.8030948459214804,0.1999658647975538,0.0025774386111221
35,-0.6152790967957782,1.5858422819054956,0.9923337894168238,0.8653601942513515,0.2000000091344833,-0.0757785157202364
7,-0.005396067156362,0.2554849387401284,2.3701773891833167,1.6580353169224624,0.2000000099523197,-0.5782396845225566
31,-0.4111835006654055,1.912366820984748,1.5119796326219004,1.0891387979830678,-0.1999804477879072,-0.1624313281553515
19,-0.3701960316301124,1.4940950059417832,1.496452515074287,1.6802234408644223,0.1992563419149376,-0.2328779967508874
49,-1.0530649299061403,0.6769312622918737,2.170060646781001,1.1562239933578409,0.2000000097113632,0.3408015279442068
46,-1.024149316547991,0.8102391939491222,1.4764342342923005,1.3477633501006518,-0.2000000073887631,0.0408649728142866
0,-0.0999999999999998,0.1944444444444444,1.5707963267948966,1.5707963267948966,0.1996243258761508,-0.4421779976392802
1,0.0067272696244543,0.0542746938866347,1.76091124214408,1.461409319882882,-0.1998853088050108,0.3960298174980877
15,-0.26899279248893,0.9786069102400612,1.6367301950838904,1.8014015198010676,0.2000000099531553,0.1779241267281761
7,-0.0968772260912219,0.3992760906948202,1.677097969749246,1.3977142138399488,0.1221503459094044,0.4808417669635396
33,-0.5045773593416354,1.8276252670243225,1.246434317031179,0.9119335034677252,-0.1999998748204033,-0.4979349876891589
26,-0.3533722330341409,2.0233390021657973,1.206442351131674,1.3917585018427885,0.1996497606917776,0.2112710267056049
5,-0.0071584463271249,0.1224722967800973,2.297429443397794,1.4509967589507933,0.1999600260048234,0.0018526642955112
7,0.0144348547957264,0.362308612314193,2.217855290570532,1.8685210793964129,0.1999884814671953,-0.0633094877567174
48,-1.0615365175299658,0.7873614553591929,1.364554000147853,1.407290710392494,-0.2000000099702975,0.5325062835337248
20,-0.3610185279552006,1.4943963740835335,1.646100854280789,1.639757766678707,0.0271050482268862,-0.0979985910613191
1,-0.0339710419352882,0.2015005628852417,1.6586097041752677,1.5338668209447064,-0.1999581096738946,0.299271526664934
5,-0.0929158899138646,0.4262354846087678,2.181642481186662,1.6077845879058192,0.1998789409852595,-0.0733127703853543
48,-1.066233464993843,0.661738571803072,1.6167622119300744,1.1769066284741987,-0.2000000099472418,0.3039973402849733
34,-0.5592989116682653,1.683027273755049,1.1549055772509913,0.9084687920198128,-0.19999606288548,-0.1545104332832943
25,-0.3435598584933089,1.897954906208864,1.1681613708522658,1.48258806855865,0.1999795207719034,0.1193599447017178
28,-0.3097855576493045,2.107004974801756,1.3717209892955164,1.297040439104091,-0.1999225229570695,0.2528437109158589
26,-0.3712053053396896,1.9317610643785,1.1762534576144557,1.5163691903664973,0.1999710471063968,-0.0907952638835058
38,-0.7997579373575043,1.4241382874558268,0.9145404956001516,0.8611464311471022,-0.1999560608186679,-0.1033124342253963
1,0.0995260357263635,0.1167435233819559,1.589980252934696,1.5596258151898756,-0.1999447668762523,0.110175828680108
6,-0.0089147997229664,0.1903086212358031,2.3220960880306105,1.7338451352796194,0.1999682938293341,-0.1719251897022035
35,-0.6392856015194733,1.674013142079375,0.9521591896798948,0.903527538680881,-0.1999228989490683,0.0205575310095252
24,-0.3459763013755423,1.655879821009707,1.4387931125846247,1.6077553985317226,0.1999999333518756,-0.4781842761080202
43,-0.9326816397813946,1.1399295519048764,0.8182238920473619,1.2220581642424173,-0.2000000099672658,0.3680099021894309
16,-0.2669184891392974,1.1710467716671047,1.6391705209997038,1.823804182720312,0.1999640943657893,0.0290311048053237
46,-1.0527991399964658,0.8002844885262766,1.3520266013827662,1.407224664317494,-0.0638784670002247,0.1209665224523243
12,-0.2019370402519294,0.8196428781647043,1.8086335203286747,2.014864750837785,0.1999692899051115,-0.163069738156011
44,-0.9834631835725246,0.9779909775243169,0.9776975038137774,1.351910328885481,0.0154839095184026,0.4044372846511717
5,0.061022950637812,0.2086660775382206,2.332338229813848,1.681712309989041,0.1997492658110153,-0.0004140711833874
38,-0.7895551172506309,1.372632852884329,0.8297309252109866,0.8854797061916487,-0.2000000090896428,0.0537977309047871
22,-0.3879180266010757,1.698561368701189,1.4911691668119769,1.626592958496955,0.1289144230351773,-0.0972306172663329
14,-0.2821802303438219,0.8627132044790773,1.6304112198438985,1.8229889896470983,0.2000000099931866,0.1252894413519707
1,0.0312599581779229,0.1068448715489107,1.7176987389710288,1.4985388014972478,-0.0914138813910031,0.4250198205379868
32,-0.4453620919857698,1.83780288122698,1.4710931172864936,0.9619279460175956,-0.1601818715834081,-0.3656415531553498
32,-0.4095615902261421,1.849502052629424,1.514824361601148,1.5457877525524464,-0.2000000099372066,0.2210007232848749
2,-0.0262490575665858,0.1707147727097555,1.8690336481472096,1.3281909727619374,-0.1962530750129372,0.0750097336192205
48,-1.072396419626941,0.6521703575846309,1.6943163036216655,1.125576396483913,-0.1841461173891893,0.2114218631093039
32,-0.3944910500094289,1.879496855560476,1.4989047507431843,1.5597784440629243,-0.2000000099387253,0.2294012114418592
12,-0.2375500058105676,0.801078466903451,1.734151647486959,1.9340768151645624,0.1999881814333321,-0.1258260761642609
30,-0.375623340416422,1.9573256141831743,1.59220879663629,1.142527520358856,-0.1999157799640917,-0.1075366081311678
40,-0.8903999295376966,1.2216061527585382,0.9150056989014118,1.0373862723679244,-0.1615962718865393,-0.2190321325563771
1,0.0777623970388207,0.357906293729118,1.5672731707480292,1.5717425325369452,-0.1997851334945707,0.4035350970926026
31,-0.3776769239110534,1.915613853318208,1.4659954766419272,1.105203579373221,0.2000000098774777,0.0312049839401544
1,-0.0130885771559297,0.152969708349266,1.71551010111836,1.5002537990725135,-0.1999633289430205,0.2860636299819721
9,-0.0228408427964284,0.4279703932606465,2.342114680507456,1.851401798277056,0.2000000099928454,-0.5705437658991327
2,0.0529352105607561,0.1907794673406525,1.7303906875338892,1.488659868746085,-0.0891950360003594,0.4025585397288025
1,0.0996555716485529,0.3225837777106284,1.5075702155616622,1.5865977651318577,0.0849814662961104,-0.1985175178120446
7,0.056991989926801,0.4021846571106017,2.278841513269816,1.7403206507021252,0.1999238140494087,0.0319984840523718
10,-0.1681552767917691,0.6204412243755462,1.8375100503352024,1.9857347491886848,0.1999296713991808,-0.1687882670940881
28,-0.3481472208454869,2.0594949745810385,1.2098437334087233,1.38413640512183,0.1999324903929551,0.4220773267684318
26,-0.335612852696233,2.11127427589733,1.350621004649673,1.3274153033082592,-0.1997168599313409,0.1197035794148378
49,-1.0455107391908482,0.674516033959155,1.856077031293188,1.137270003133131,0.2000000092766127,0.55639034039839
3,-0.1149261066991577,0.0885203011447704,1.850357223319908,1.339625366625692,0.0387108462432051,-0.081606207733122
23,-0.4071938864141415,1.819300803697364,1.350091845789228,1.5562830729988153,0.0556905909413303,-0.1706714847500212
10,-0.0838255671027497,0.6677891395600625,1.9749014089491703,2.099955058276261,0.1999299880649347,-0.2640029482021205
6,-0.0282525997298896,0.2808716978131745,2.2408562834051,1.651226031417263,0.199956128062668,0.005861601172752
11,-0.1690931386702118,0.6151320756044039,1.8308407525208332,1.9604655197647036,0.2000000099449511,-0.0727185444766096
29,-0.3655809864161582,1.978591530508261,1.444573435352245,1.2370582194274191,-0.0232420505947704,0.167556367429449
35,-0.5874093436124014,1.658732230420738,1.0218752717838315,0.8899631656923672,-0.1999999120252618,-0.2271579755128375
11,-0.1424853718286177,0.5791791459240822,1.8699360388007504,1.9755998232239864,0.2000000099631257,-0.0108089488656742
17,-0.3659774853648671,1.317725967896145,1.56282473082212,1.701786342137028,0.199975154935101,-0.0143405352690422
16,-0.2998016456528798,1.1604402857961276,1.67185286531714,1.8101185341110133,0.1999598038200327,-0.258172729680362
16,-0.341288995236558,1.146068614999192,1.6230292851713042,1.7308076886767638,0.1999565982927594,-0.1986870431629437
21,-0.3858741704143784,1.6047387179602366,1.462626707800899,1.6077742059186566,0.0145850535262057,-0.0343392861401232
20,-0.3991520752512376,1.5417153923164115,1.505631803595696,1.654170864844985,0.0774602660659308,-0.0368317541514582
39,-0.8722696415439787,1.3733544084704776,0.7824423881855349,0.9944125152453228,0.1999999646459005,-0.2265283360461838
23,-0.3819139499888283,1.7924989285790904,1.3709651763227324,1.579869862610671,0.1993319199971231,-0.0636289373935371
34,-0.6140583582981668,1.6521508550177393,0.9381946707752088,0.8070846179144668,0.2000000090483065,0.025216892153582
9,0.0189771567767215,0.5362509723168778,2.223429123971844,2.030586561454932,0.1999795397867724,-0.175305513958532
15,-0.2877370792035145,1.1152736230977125,1.6708657974984984,1.8615907416516413,0.1999784258012871,-0.0981639309576487
2,-0.0077007811145959,0.1295075544488406,1.910493136444364,1.2767032302895536,0.0635605525049498,0.2380010977201292
17,-0.3043926256808634,1.2592138061158704,1.6320051151004176,1.8021782933872097,0.1999874743912856,-0.0071935024635346
1,0.0554174797462371,0.2932507342806358,1.6351002241161208,1.54756408214073,-0.1999030226515815,0.168969324147984
20,-0.3747450465118381,1.5783723438337145,1.3989577528540122,1.6264683032958047,0.1342458841682442,0.0553324500122753
0,-0.0111111111111109,0.2388888888888888,1.5707963267948966,1.5707963267948966,-0.1997852141949867,0.36835067333888
11,-0.1271669714472894,0.5791435679480383,1.892603368559156,2.0038239583994897,0.2000000099943735,-0.043944531426725
45,-0.9993590514059344,0.8958011068676155,1.129769523688827,1.399706004150935,-0.0391547705602764,0.4670433935401942
1,-0.0999845356756504,0.2400755666461798,1.5733232806113104,1.570197735559851,-0.1989882709145939,0.2899815226233128
46,-1.0395187523121432,0.760783202860073,1.387716063359056,1.3006082254351945,-0.1749090778771622,0.0499273517150641
28,-0.3546374107416306,2.0279076301959567,1.3853756784350617,1.2895834255623482,-0.0353176015512046,0.2652592818754355
42,-0.8255901352370971,1.2941586416389304,0.9102107966926436,0.9796333030839234,-0.2000000099695958,0.0083509231567043
16,-0.28752699931819,1.1227758029059296,1.6185515942659716,1.7722621734551636,0.1999989641717489,0.1685810237620638
24,-0.4111947272933854,1.737636456172305,1.4977953592923026,1.5615759071289168,0.1995618384667185,-0.3766709780120799
29,-0.3788875032340904,2.047087986379025,1.54252461070684,1.2019185119987774,-0.1456393644521104,-0.5056321333349086
31,-0.3887679735700871,1.88906806540828,1.476035331436668,1.1055260341184814,0.2000000099132081,0.0380275346824376
16,-0.3045019519376069,1.2112950183327666,1.6029660972442965,1.7290814604446303,0.199966032503339,0.095669452424536
49,-1.092949615731668,0.6694749129401306,1.872038238742624,1.094740522024641,0.200000009824331,0.4750405006614382
4,-0.0282393894658106,0.121200570444797,2.107737303772245,1.1914676898509748,0.1998762966871821,0.2491060707563049
43,-1.0017340105801298,1.0882622843123255,0.9510213593628744,1.292672601832895,-0.2000000094550529,0.0707901638733344
48,-1.03849440377639,0.6917759668209037,1.630467996993337,1.26801684322185,-0.2000000099471811,0.2762699552084887
13,-0.2183327748938121,0.7974820289604422,1.7075565877046923,1.8809141355703751,0.2000000099569859,0.1347138004259367
9,-0.076497796295827,0.5588037366673159,2.0897942865875105,1.859156266855379,0.1999872382852354,-0.1075761401930273
29,-0.3615311280616933,2.0493205094709244,1.2097230302777628,1.357365516540222,0.0720161406372988,0.4099967077727444
10,0.0554826760877812,0.5573497853797651,2.2080930183318,1.8619951899435925,0.2000000099936738,-0.3344754630460274
22,-0.3847564023419084,1.6556726113968971,1.4372884007778506,1.599017727034231,0.0796473572898558,-0.1390905725258627
12,-0.216445686233714,0.8642309774009439,1.7542072842505316,1.9392698452135293,0.1999556899516328,-0.1587566907155169
27,-0.3057960759059991,2.1027401794501657,1.2031757729735713,1.3414339845437535,0.13695159766746,0.4025827981857282
17,-0.2108312030547371,1.241734161508434,1.7183652150793352,1.9661046953734551,0.2000000099462043,0.0517534374252596
15,-0.2758806884064705,0.9909855367797415,1.6426151553776602,1.8170864772551576,0.2000000099498743,0.1283855868163301
27,-0.3783282268073029,1.9372370538213708,1.1461380320277552,1.4770065800959309,0.1999909879977401,0.0914891094926029
1,0.0998506536310948,0.1850811230838644,1.5407090644028525,1.5785695914979303,0.1974758221507606,-0.23571792444011
38,-0.7890663262140388,1.37109874270048,0.8298327597465853,0.8829031416870247,-0.2000000090821897,0.0320606379960776
0,-0.0555555555555554,0.1722222222222222,1.5707963267948966,1.5707963267948966,-0.199791428702467,0.3691810615972527
27,-0.3535629710930155,2.0262436771235923,1.4618183458831648,1.2676748903502693,-0.1068632868787617,0.1251993091374738
45,-0.99115164173139,0.941754084372618,1.046451703554636,1.297510834281728,-0.2000000099576897,0.1798521506104468
32,-0.4311245166078174,1.830409916501846,1.379550521322761,0.9996362201638544,-0.1999905119001783,-0.2270141703774001
32,-0.4759475751125803,1.7987560315144002,1.3872849057104926,0.981292149894957,-0.1999821188712669,-0.2527428132540271
43,-0.9978392574225852,1.001139174740606,0.8705014428731541,1.2439166301674982,-0.2000000078613289,-0.0164709813977748
28,-0.3223195568344474,2.0627540649528533,1.4461408565428595,1.194506630858578,-0.1357531112344454,-0.0290605060679425
17,-0.3058092999711926,1.1704155764312258,1.6037044237044196,1.7091102711172554,0.2000000099643054,0.2191168718799649
19,-0.3784356034565867,1.4893711321314589,1.501516112187181,1.6566477105215598,0.1997780187729075,-0.2219954343377759
19,-0.3450774101302784,1.6770395593292402,1.261170845333162,1.7469764621565156,0.1876287313370984,-0.2094391783537456
44,-0.9767138968727268,1.0591710618438963,1.1361992060970492,1.3101643069508169,-0.200000009929977,0.0193517933419361
26,-0.3222285832131537,2.05683793168092,1.1961227069285254,1.357088385307995,0.0973412078425179,0.3942562701401828
22,-0.3558641675943528,1.7741932061437649,1.4238640973952157,1.667097915513735,0.1025462372736569,-0.0558245176520652
26,-0.3364869090227331,2.0391749019993792,1.206437541734781,1.403323034407175,0.199873659240911,0.2818656806853143
37,-0.685341266934785,1.5726556251947408,0.8673806386676173,0.8087969853661356,-0.2000000096613415,-0.1120804064854133
45,-1.0161558587007504,0.8452600157780277,1.1939866180208067,1.344393455762413,-0.0582994412467099,0.1104955033903348
24,-0.3840517546941723,1.787587370522282,1.3549362989750249,1.546748604646117,0.1998794143101961,-0.1476749457661447
37,-0.707367555041653,1.4961049904121382,0.8619754723891799,0.9036554356898172,-0.1999999257064622,0.0486883588540954
4,0.0189062594536414,0.1395098296417985,2.279835731783185,1.5187142326097862,0.1977913543020475,0.1078176583846608
10,-0.1642365819802603,0.572679908320645,1.8402201735110089,1.971435130989858,0.1999647558575404,-0.0892126363143438
12,-0.1797737329643265,0.7266125767894689,1.8123558248069624,1.9967801175090587,0.1999992681189566,-0.2481461239081266
9,-0.0815222177505465,0.4747037769106956,2.0598205561426024,1.8718053246201896,0.1999809901192502,-0.0865197641581045
27,-0.3683161351419712,1.986440294081019,1.1457120171424489,1.4429831057923963,0.1999849683172298,0.171099050930827
48,-1.053007459409591,0.7027500622200974,1.5467453571644167,1.2057203008717168,-0.200000009994465,0.4751759618044706
17,-0.3404283809566312,1.225435514526075,1.604336844323441,1.7175842052845838,0.1999729607633909,0.0081440832970725
0,-0.0333333333333332,0.2388888888888888,1.5707963267948966,1.5707963267948966,-0.065248876132601,0.1252489774661425
13,-0.2389093116745219,0.8377044778176853,1.6809758330371718,1.836184918036159,0.1999930961035741,0.1463090416642645
15,-0.3147147554996408,1.0096946851968809,1.6288861935982908,1.7719138083666532,0.199987681134077,-0.1288971865247901
9,0.0782989934924831,0.5135374133210104,1.6133521246400218,1.5655739617439983,0.2000000099548359,0.6283481973211908
7,-0.0935338744457159,0.3961447063574821,2.088971090563808,1.59846897489068,0.1995645711523302,0.0619067063655362
33,-0.5326622122256457,1.713128179847563,1.0704027076821558,0.9189089237297018,-0.1999764499762062,-0.0260908961679198
39,-0.8559497040870314,1.3180866925354666,0.777502999290791,0.9647507392345144,-0.16239396143736,-0.1881657178368282
4,-0.0044689137545166,0.1592260515337533,2.0356429378178458,1.2471682617519293,0.0540138313168601,0.2244100023051763
27,-0.2958067598000728,2.1416641186620167,1.3450878346946578,1.29834549373911,-0.1521431433181858,0.2410444626390565
28,-0.3403656737827899,2.070641649315624,1.4328996736884738,1.288722629330212,-0.1979698573343229,0.1111950935220232
6,0.0785573063552962,0.3820278532932517,1.7025664738055806,1.5490007326817132,0.0473994928807671,0.574859515272916
21,-0.3949073348621725,1.5471418176711704,1.5080194930222373,1.6576009967215162,0.172639968122005,-0.1009614448259834
6,-0.0555504339934764,0.3469452017939103,1.7279912261900048,1.5195884913969544,0.1998103458597482,0.490047209096192
28,-0.361412301964664,2.030361560351784,1.1738119247045855,1.3970206251826267,0.1999708369767071,0.4481123383658295
37,-0.7303906946752667,1.5318281458246068,0.8212282555785517,0.8053087752293294,-0.2000000098222302,-0.1349755493911094
34,-0.5673485713324001,1.63493437860848,1.0581449466433863,0.8782813315554925,0.2000000071271377,0.1067022199284388
39,-0.789731465323402,1.370236538937165,0.8515934972700219,0.9011407026268512,-0.2000000007107153,0.0127928996573857
39,-0.7800561704956799,1.3645950750187787,0.9289597208288054,0.9555939037450196,-0.1999999813375049,0.0806738817385257
13,-0.2129945959509926,0.9217829369250352,1.725101993480001,1.923710387539588,0.1999521018541536,0.0385652267623398
29,-0.3035702087302738,2.089449600390975,1.477783900746379,1.2704520494461014,-0.1984755154855128,0.188355299267924
16,-0.2924744345084198,1.0701137154461402,1.6442066627230982,1.8318165604024588,0.2000000099932515,-0.0724648498352683
14,-0.2306059000439902,1.0205179911642337,1.7315625390645604,1.9641179896354573,0.1999686733652724,-0.1081113107983378
16,-0.324329370681384,1.1158621486289824,1.638141526901398,1.7726264995155123,0.1999731333070921,-0.1080524198863113
4,0.0774134065627738,0.2831309891303057,1.59048913145927,1.5579484740119098,-0.0438135432464208,0.5909218961691027
40,-0.8816160821498066,1.236475133742953,0.8398172604527812,1.0651680305761284,-0.1999999868829929,0.1738612678047905
7,-0.0156200573134041,0.3088812046729796,2.251301229992185,1.91194756880238,0.1999087721186055,-0.2409140697347487
36,-0.6448611507057777,1.5697289803648666,0.9864586836584416,0.8769612100147661,-0.1999999123403445,-0.2443433935363779
4,0.0773409070644595,0.1520723906045509,2.141662568846021,1.3653883772029856,0.084808089094085,0.0934291582115319
43,-1.001376631095242,0.9332788117463808,1.080163549432022,1.3736692164781072,-0.1999998637702837,0.4571709295084833
18,-0.3795644695738522,1.4897179945392591,1.5345336283233504,1.7100936583180415,0.1998317549844552,-0.0830590328917891
11,-0.1942993906163729,0.6473547979366121,1.7497211257603509,1.9917952740634235,0.1999806469719881,-0.0220056384227776
8,0.0989861308482208,0.4439639514078246,2.144012993829591,1.7049326736161818,0.1999654388546936,-0.0443871564342847
21,-0.3812872518113986,1.7290791940507129,1.4082545349982123,1.600190242086069,0.1396899530079673,0.1138814089660898
36,-0.6801194218234122,1.5828533762258237,0.8663688758995871,0.8035173566150378,-0.2000000096188504,-0.1507092497063817
30,-0.3689784372647173,1.9567993396432344,1.485106543698583,1.0733235628715692,-0.1999910700892944,-0.1956673595776112
4,-0.0836334310324771,0.08723663439359,2.032061479533917,1.1572780158829767,0.0960517208073408,0.2431576492357209
37,-0.7415330201437262,1.5156307521631025,0.8179983245816569,0.8135855503711246,-0.2000000098133912,-0.1351389638584005
47,-1.033923698950487,0.7757795690265807,1.4635247866242356,1.3173221903605916,-0.20000000999454,0.1694852104478614
19,-0.3314873829537529,1.536955654798147,1.4739319133248667,1.646144256210116,0.1998702842147648,-0.2204568156060317
48,-1.049806843213901,0.704502429680212,2.3513095575061183,1.1390309672933412,-0.1850709694275757,-0.0637927047302408
23,-0.4108155738713257,1.7074350559730866,1.4947109269585948,1.5807676279882312,0.1988892955845637,-0.1574445594824604
2,0.0281635647707826,0.253867276533402,1.86697714129952,1.412052291859102,-0.1424064051741485,0.2387452312407501
31,-0.3887330362514483,1.9862751723479304,1.4575355919685702,1.2155684103356463,-0.1999512559868894,0.0957446735552584
23,-0.3859235994969807,1.727684380833773,1.409414948025022,1.6006800209138832,0.1415701743081901,-0.1277482428241979
2,0.0542688788812819,0.3226449451552706,1.736073606708322,1.4998106402246985,-0.0887283618358876,0.2848151552241553
5,0.1004890394203015,0.1722224426144358,1.5206757756557805,1.5933467955053406,0.0760414087929071,0.4789379981242131
11,-0.161519968864587,0.6945923905484704,1.842652924199693,2.016753340223562,0.1999886291390462,-0.176304084885399
26,-0.329131197575521,1.9862123652391228,1.1890105428781848,1.4131502983019304,0.1999897512741608,0.3679850516938485
25,-0.3830535031253367,1.8995806887608184,1.2970970580962042,1.5210486555799048,0.0587222192698424,-0.3222315975899667
42,-0.9848822767520932,0.983280167244396,0.9834327595916132,1.3030782853867826,-0.0766824240891123,0.3074804273400699
33,-0.5138753085114639,1.7593081014036287,1.1346515389767031,0.852041194723747,0.0629175027466052,-0.3484696281455738
31,-0.4119646047814891,1.832720930186421,1.5110550420966486,1.5559327154724656,-0.1321341173411096,0.2713199088092323
16,-0.2226740570867454,1.188968845741971,1.7084299297278385,1.9608712528878176,0.1999785233487433,-0.0112499596216341
49,-1.0750523561094438,0.673206292971264,2.08146441454557,1.16004789619704,0.2000000098456601,0.4636877807612612
48,-1.057144253215225,0.7760900095864754,1.4813550981369357,1.384379266454833,-0.2000000099726305,0.4170096279202647
0,0.0777777777777779,0.1944444444444444,1.5707963267948966,1.5707963267948966,0.1724183780960599,-0.2241122916277018
20,-0.3753198088653268,1.6233532941101854,1.4538928056743483,1.6353928227427053,-0.0426965184430854,0.0904872006992028
8,-0.0051039242529273,0.4856354021895553,2.2751972461727004,1.865422315142797,0.1999830700050884,-0.1825872129328366
1,-0.0558683604641585,0.1524259113327604,1.658634335794721,1.5375250280861872,-0.1998835153214483,0.3265964959288891
43,-0.981522393493191,1.0352827213542577,0.9975137436723964,1.3245075073375792,-0.1999999727369448,0.2341492122265708
24,-0.3818777507728451,1.8262126469980968,1.3139234306898455,1.5202798447482535,0.1997848945027849,-0.0837561488887471
11,-0.1806263939325917,0.6003947975875061,1.7822105782714228,1.996300349500362,0.2000000099931698,-0.0624660455402916
35,-0.6187544833150501,1.6266606918335935,0.8725110901279414,0.940175180371859,-0.1999999153785172,0.1095648138487881
28,-0.3425090679242455,2.0755286277346814,1.4213118491547951,1.2843991887832134,-0.1713911893832206,0.0826236401983455
40,-0.8267118848715611,1.2953756571448232,0.9064259501781802,0.9789786307380092,-0.2000000074081869,0.0423668341348945
12,-0.2066843088444546,0.8617248111011363,1.7695158878949029,1.9954704673524923,0.1999760249915503,-0.1571083499862295
20,-0.3664622847673642,1.5394799187037669,1.4953590715911729,1.6871195021631835,0.077702133389583,-0.0433318732639815
1,-0.033495561065655,0.3424160501561574,1.7017321745541434,1.5248048979327409,-0.0125945982781173,0.3186789951086568
7,0.0344420784408962,0.3315070128300196,2.262321968623672,1.7124316139662117,0.1999881886108272,0.0069763306343504
36,-0.6489162005001469,1.6458248875291908,0.9393050419774394,0.9059319811298718,-0.1999998922251974,-0.1747468347896177
49,-1.0767787476977286,0.6301487758421247,1.6136701005187373,1.1728555077259673,0.2000000099362008,0.9728953543909769
1,0.0548383372255547,0.2719850903248142,1.49788543518219,1.5805935355726664,-0.1998227278203225,0.2748297531286566
38,-0.7846935955036868,1.3860490987914451,0.9224629885411444,0.9569791870761184,-0.1999999185127712,-0.1540115869458071
5,-0.0048371409212358,0.1479852721077396,2.2768464843418936,1.5712047550271986,0.1998930335878588,0.0391396620221101
26,-0.3202560030819446,2.0920447137103904,1.4385088319566588,1.3129080193479985,-0.1999112854607217,0.0991821182800079
14,-0.3026209957547045,0.8993248021559098,1.6879414851453642,1.8594132993662345,0.2000000099929932,-0.2458556539504891
6,0.0597801168777529,0.2749294905699455,2.1642737771060805,1.441943781099423,0.1999485448369162,0.2185817301376908
22,-0.3688627022127077,1.579036978016462,1.473519885041986,1.6471100963142316,0.1994200677809137,-0.1408203646423641
20,-0.3734785721118134,1.546158129241937,1.4359906278101795,1.6550438705999255,0.0242829292887801,0.0142820439363321
0,0.1000000000000001,0.1722222222222222,1.5707963267948966,1.5707963267948966,0.1997793340465271,-0.3401533708222552
35,-0.5441064481839033,1.7069506555797602,0.9454896530467024,0.9215958017761374,-0.199999915646223,0.1659174553935695
36,-0.6078145100737103,1.6359954037407731,0.8912814912616125,0.8913794611781323,-0.1997754885530685,0.191558510546723
30,-0.3847417808559876,1.8879786245546584,1.4826203818109374,1.096961238215478,0.2000000097094245,0.044562021227095
2,-0.0309618279219014,0.1248394083476568,1.8653726759860807,1.294858644890151,-0.1273206518586439,0.2253773664258154
5,-0.073172286253495,0.2404436842147597,2.131705735870872,1.4745182242920536,0.0606097591803885,0.1314413414275577
8,-0.0264722710497814,0.436893849401547,2.189880565800939,1.8386134011425768,0.1999872493736892,-0.1024354742064735
1,-0.0331954298228363,0.2154253568021044,1.614131853976522,1.5583221608472124,-0.1351078660059758,0.4603010506662064
19,-0.3871166917853212,1.3645635141957293,1.5669410871949534,1.713757267484686,0.2000000099373863,0.0346396390630546
22,-0.3828516126761881,1.636831175624265,1.4612937132504324,1.6328587393800982,0.1435909691321996,-0.1627417074204076
21,-0.3835575638126361,1.568778079201215,1.4976380291071276,1.654119896015005,0.1736486531644508,-0.0955628510550289
33,-0.5041925116908558,1.7373854673298434,1.1407829312857918,0.9409036521386884,-0.1999839841805759,-0.0706517684871381
26,-0.3474443599343251,2.060957403144961,1.427682832875524,1.2879842462672586,-0.1664452393716171,0.101753827091171
30,-0.3705317101809117,2.014043554444339,1.392193098613296,1.2876310801133175,-0.1999739928257545,0.2337146642986761
9,-0.1075209542242777,0.4888322670577892,1.9445776800301413,2.051919406288409,0.1999658058132508,-0.2375533594322769
10,-0.1043785787025334,0.6041188408922366,1.9096731218185763,2.05649078038362,0.1999732002202598,-0.05832141156996
25,-0.3666533477350183,1.9155918655829056,1.2059929194536547,1.5013918887395217,0.1999648554215702,-0.0879318606363799
32,-0.4629841730914664,1.860940141374664,1.399139118868315,1.0118850059766915,-0.1998760220930262,-0.2734156018684803
8,-0.0172502420463948,0.3897479751549423,2.2470819065955023,1.7619415264487066,0.1999790339296672,-0.1050703733543045
37,-0.7213278883356292,1.5724885876685477,0.9471146697786192,0.8988066050760344,-0.1999998849407853,-0.3237324939178127
37,-0.7389439338790307,1.5205478192633264,0.816677370169435,0.809807966947715,-0.2000000098188296,-0.1382821812814756
2,-0.0026357506364706,0.0556118994837734,1.934997663893972,1.3079258194066958,-0.0725424358102926,0.212552531064174
10,-0.0833861924771143,0.5915885843269393,1.9271289306369168,2.064240118751501,0.1999761940527773,-0.0180101815350142
0,0.0555555555555556,0.2388888888888888,1.5707963267948966,1.5707963267948966,0.1998516155651503,-0.1585819396226601
5,0.0160203022087064,0.1830517667173265,2.254488938548837,1.48092379050078,0.1975174625858284,0.1079002213249637
25,-0.3381528348400078,2.049967187175372,1.1611119723555188,1.4750012942109696,0.1999647231628593,0.0051384152547807
42,-0.9078044632708628,1.3009626825936864,0.7551613124695162,1.0644585256712955,-0.2000000099291213,-0.0329179915195351
25,-0.383240228727044,1.8612342309284224,1.2583143981781344,1.525810897898917,0.1998643282527694,-0.19162597930294
32,-0.4497710925827252,1.8422437394616893,1.45610023404733,0.9684112643097812,-0.1999777182831849,-0.3486027143894284
39,-0.8344342221541128,1.337422921751243,0.7529910247815712,1.002777165194248,-0.199999904341278,0.2313119579467389
29,-0.3591097251896651,1.9436871325103413,1.4628859060492854,1.1710603162261617,-0.046929976958107,0.0663309799171987
2,-0.055433242397961,0.2014078700446806,1.7166569540884833,1.52354305271704,-0.1998997131557835,0.300659316838605
36,-0.5878034501394964,1.6244311829082074,1.0526570128884654,0.9406475064905656,-0.1999999884543447,0.0753160444357738
1,-0.0141133872613542,0.2691615140770242,1.7332150797036032,1.4841854296565018,-0.1890998039559576,0.2175949768246052
44,-0.8914233229175871,1.217975996636351,0.7698676428433995,1.0068282225635297,-0.2000000099961768,-0.0696946247129178
29,-0.3165020526623364,2.046934541687768,1.478749212869678,1.155869418768086,-0.1999657098253163,-0.0121061970999998
20,-0.3825966610502416,1.499913512050446,1.5072508538749556,1.6485251336937816,0.1029129632250062,-0.0487825174986793
21,-0.3580537418976059,1.5862410416504786,1.4739604064062566,1.682169866693904,0.1366323301615233,-0.2174970317460716
41,-0.8357881570869689,1.3196473886176254,0.804914859184299,0.9454280219817652,-0.2000000098753422,-0.1963600063811504
31,-0.3734517407168539,1.945564543267833,1.4830992455270628,1.0516988206568765,-0.1999716583985556,-0.1903632335629956
4,0.099894838000351,0.4575752552503072,1.5776585983720164,1.5633374590223796,-0.1996514967831616,0.0336521046014805
29,-0.3924883085666072,1.93799765672543,1.5101886774089677,1.1530561005564877,0.1941661375622573,0.0510572918402289
43,-0.9128570197348698,1.2000379751899954,0.7805330316212515,1.0569908803621009,-0.2000000098044879,-0.0545043193840717
31,-0.37671739151578,1.94272515835598,1.4666739153352122,1.0548355926774005,-0.1999999375577904,-0.4320454399855011
4,0.0044802779903151,0.0861424696779986,2.102225431301866,1.3258049182488352,0.1828994736214759,0.2121075405430754
2,0.0536256099839749,0.1516748890383055,1.7867091010001044,1.4749505275166397,-0.1996170520017653,0.3047469025110711
41,-0.9204043636898038,1.173538211316098,0.8021398599068301,1.1197907794800472,-0.1999999830519174,0.2168391247094322
34,-0.5931373220922936,1.7398653467995044,1.0539390566435198,0.9072166926017088,-0.1999998698469277,-0.37156007027476
21,-0.3742670045689035,1.531936856363752,1.43616162144557,1.6234151517504114,0.1464451871737624,0.0350943509064068
22,-0.3882613617053057,1.6548124815598515,1.4405997368183474,1.583926664880707,0.0760735665208115,-0.1386541744046012
18,-0.3223372274382423,1.3990269098920831,1.5774044627931456,1.6918549215438086,0.1998847778780285,-0.2082587607517934
1,-0.0146716184560543,0.0691190607110768,1.7640580693867545,1.4674719818771782,-0.1999560059877454,0.3622110826880544
11,-0.0807278557664817,0.6993904636178746,1.958983374740049,2.1198902202719854,0.1999654693075682,-0.1941365737837022
2,0.077731187636565,0.3438646125397169,1.570719421901975,1.569895870278183,0.0542885639006864,-0.1443275966370132
42,-0.9580119349048494,1.093523504159884,0.7661467568176139,1.2865480895037875,0.0225617648163946,0.4571388009819803
5,-0.0316499992737588,0.122079807414173,2.225197256603513,1.414248523742597,0.1998817304961577,0.0964785644504735
30,-0.3757647173195227,1.9567227550800137,1.5517869012342145,1.1220430004219146,-0.1999788473455336,-0.1239975850207756
16,-0.3281968342422028,1.2073042365867503,1.6340595158424716,1.7759702612589856,0.1999863773336507,-0.1578310238839618
42,-0.9192391086742804,1.2900529542915702,0.6749049360540251,1.0384184039719837,-0.2000000099525859,-0.0137440427716563
46,-1.0022959740724364,0.8664877597881412,1.1268727731303063,1.3304976739788137,-0.2000000099475939,0.255467983434807
2,0.0789865702555727,0.3293066100083268,1.7614604468133788,1.5258794636438229,-0.1996535081455882,-0.0489676076175049
48,-1.0623811432335764,0.7498168740829647,1.259550471850906,1.3425412567224722,-0.2000000099628884,0.8508546154995053
15,-0.2361636277828989,0.9902648447231692,1.690195513018642,1.9074435504177505,0.2000000099509571,0.0826949838663911
0,-0.0333333333333332,0.1722222222222222,1.5707963267948966,1.5707963267948966,0.1873025034042345,0.019629576024689
26,-0.3736824272557076,1.8744085519126228,1.2634682143714766,1.5219710644929774,0.1999874418751276,-0.201064088296646
14,-0.2975083757331053,0.9863222703544248,1.660890475907598,1.8345081708030853,0.1998948234557601,-0.1001004680270357
13,-0.2883036160322829,0.8410903813222048,1.651171543773751,1.8274783679196147,0.1999747623962565,-0.0357706513947002
49,-1.098837264244888,0.6359578458647259,1.730697718509708,1.1098048786931158,0.2000000099501768,0.7328715651814928
20,-0.4000993449314773,1.4614829777867555,1.5242108414557318,1.6713881737641827,0.2000000097692932,0.1585588900345595
19,-0.350446070547945,1.4143049317914154,1.5005097101118905,1.6507796177248348,0.2000000099928336,0.404630540321752
9,-0.0956431378652228,0.5939738207796341,2.0112232948329787,1.9752480241268435,0.1999466617323787,-0.1844882672321462
31,-0.4269365559065751,1.8505761270013448,1.4559554579344134,1.1531803592195031,-0.1999904962805117,0.0137863798282199
21,-0.3746172722563015,1.5697800410768254,1.4748671233820372,1.6565005896280325,0.1996498417532622,0.0399797583697843
29,-0.3680894922448003,1.969500228618852,1.465940385433364,1.220247281668993,0.0130426899816504,0.145894623950246
26,-0.3872053113159555,2.067154652622036,1.232106083133493,1.4177811584200852,-0.1999997670338331,-0.3356663416070565
46,-0.9932414589997606,1.0926911693304604,0.9409029754486422,1.277390575959585,-0.200000009999152,0.2238415508465295
29,-0.3670251104091658,2.010018830872883,1.465239215742561,1.220247382547505,-2.9044292825341867e-05,0.0361103894590425
32,-0.4731188276891286,1.7599022880957922,1.3142821649697165,0.9333246667428928,-0.1006235276461018,-0.461292944106217
0,-0.0777777777777776,0.2388888888888888,1.5707963267948966,1.5707963267948966,0.1999070639965726,-0.2955083059516239
27,-0.304095440762385,2.102247433281958,1.2355052242663245,1.335607741500371,0.1252738377531521,0.3824679903874774
49,-1.0764020236643406,0.6337894453542651,1.5951224649932725,1.1870119584714012,0.2000000099333275,1.0017046039438684
47,-1.0677370682155636,0.7236427040293736,1.513752886154924,1.3486877765854088,-0.1490382275710171,0.2515695056370372
30,-0.3836569736827487,1.8921497938560448,1.4813239174571375,1.1039042582118137,0.2000000097223114,0.0277650034715018
0,-0.0333333333333332,0.2388888888888888,1.5707963267948966,1.5707963267948966,-0.065248876132601,0.1252489774661425
16,-0.3072527479446151,1.0511681081521955,1.6059111813691,1.7486043476214408,0.200000009963863,0.1672968647816782
39,-0.8713418469399377,1.3623247860269192,0.6720238486912589,0.947249818686444,-0.0553297615453466,-0.2062796991056461
1,0.0772652830897359,0.3534621558184959,1.4902926171806197,1.5895139919912669,0.1071219588305274,-0.2200228170718323
2,-0.0129366881398903,0.2679236609085018,1.721591935553823,1.499589943533259,-0.167591555984684,0.340133269285856
20,-0.3606907267291563,1.477896955247007,1.5411356511202197,1.675644301734042,0.1999115223061122,0.103711305992967
39,-0.8756049845614814,1.2888103603559753,0.7277583031546839,0.9932749017144108,-0.1999993186103194,-0.1283634722300457
12,-0.0858927699231831,0.8049432892465106,1.9348073760655264,2.0651738212151662,0.1999819817149587,-0.041629566104201
9,-0.0857939865012416,0.4375189874033137,2.0364450151708464,1.8833213486702007,0.200000009993214,-0.3354606471225992
6,-0.0536784845393215,0.4221388423089145,2.217380159595285,1.7132004342910576,0.1999182741387649,-0.1056992905331626
20,-0.3729048669710186,1.5180185708074505,1.429504794075939,1.6323593135806016,0.0241374766897217,0.0254813448598017
30,-0.3539050082825257,1.986806162073231,1.475992121794496,1.1097764630371183,-0.1999765971829541,-0.068196508463409
14,-0.2289697895730291,0.9232585330428628,1.6823821562018733,1.89660315525986,0.19999473283959,0.1294821031566084
4,-0.0005466478882511,0.2332355835568688,2.0111904526737074,1.2911087921062632,0.1851171222716485,0.259320656987946
8,0.0569324086313346,0.4077558090140229,2.247145471223865,1.7291699977207613,0.1999932374306035,-0.0631824146637828
17,-0.2971618668766517,1.281251914005723,1.6054736162212233,1.7576804761114833,0.1999909136950806,0.1041529020003434
0,0.0333333333333334,0.2833333333333333,1.5707963267948966,1.5707963267948966,-0.199758804513895,0.2845145501032434
9,-0.0410294854090654,0.5349871483420874,2.11964134226111,2.0150626837211187,0.1999797717526772,-0.209527022492072
26,-0.3289279435905546,1.9450222111847475,1.2282599481430392,1.4405214985002783,0.1999916989951589,-0.0169183987648586
5,0.0144169264342607,0.1720851767787077,2.219145448007856,1.4752498538177734,0.1999624284169267,0.1457939694754277
9,-0.0354231778228072,0.4812043637062533,2.166001019128833,1.9708883664825092,0.1999581175216731,-0.2319867168712274
22,-0.2815619659517422,1.6500037870709825,1.478014894821916,1.736199478662478,0.1999924652738674,-0.2051131195795196
27,-0.3331200564686815,2.1339196476099307,1.3431950966503958,1.318561689228827,-0.1998806272941439,0.0325575364467869
10,-0.0160680410212305,0.5762376334389703,2.1350683207300047,2.009133776971612,0.1999962561398761,-0.1542144512540747
9,0.1032548485584636,0.4544677351655735,1.6046098927643635,1.5194762629105447,0.2000000099959149,0.6301175832408347
11,-0.1839847661062937,0.6782392052707531,1.798392882958131,1.997345874293592,0.1999725199382823,-0.1420850733162487
32,-0.4538039927428471,1.822725386213092,1.4454171995526108,0.9456553555623516,-0.1927354292018958,-0.5734238120243967
38,-0.836000243077715,1.3624286121687288,0.7505276830582528,0.9485628837007736,-0.1999914125825022,-0.1482136491170095
29,-0.3511755684240754,2.092792959259324,1.3277237276223044,1.3129978592040168,-0.1999529609202235,0.2993100471248232
23,-0.3807869370757802,1.6572476794289512,1.4364911029723029,1.599412757034596,0.1999525603010745,-0.1781650227233339
41,-0.9122768708928222,1.18896997287576,0.6799563067641596,1.11437839792194,-0.1999999819090311,0.3975529719898849
19,-0.3280354093351009,1.3585568293051435,1.584640690186296,1.6629118219504129,0.2000000099479422,0.2692491790117657
25,-0.3664617528843214,1.98310511020922,1.176069383570228,1.441649500984136,0.1999482191782533,0.0601711175602556
30,-0.3324657399656598,2.0169283703940177,1.4235494482007365,1.248509604864967,-0.199984911291404,0.1339081337150049
1,-0.0555123587394821,0.2672925802370701,1.6136266450074055,1.5571002481560288,-0.1999623924701502,0.2759195462519336
29,-0.4011690909384132,1.9130346736391384,1.5057143876936774,1.1341471447847753,0.1999603392287191,0.0989176637119468
22,-0.3702993930674869,1.6649850648651907,1.288563214901698,1.6531154201230591,0.1997937417046505,-0.0550045639227098
11,-0.1542901582938437,0.6680450632694357,1.8980341489103176,1.943133803474281,0.1999733491794984,-0.1951581871934256
3,-0.0035148508088556,0.0915801646898742,2.034292877712522,1.260425178324068,0.0519479312579761,0.1935752731546041
7,-0.1100838185513712,0.25889561124846,1.873090804615293,1.336568646306166,0.2000000099934851,0.2317912854339892
19,-0.3763442439817946,1.4280962351335365,1.5490573840823512,1.665761551730229,0.1997479535404428,-0.042298352872229
15,-0.3082461485211304,1.0188721306976305,1.672717616954122,1.8768126466169728,0.1999888897671759,-0.1850256879085612
45,-1.0523587218738109,0.835776703379558,1.3187336335566382,1.4226469380082991,0.1322410928386074,-0.001692736617099
4,-0.1086097358112155,0.5226859569235621,1.5382979614186212,1.3878239957883851,-0.1981898729228923,0.3667374014831052
33,-0.4612538510238019,1.7684801219150652,1.3396117175605635,0.9404525654429734,-0.0713351416309121,-0.4723032216186379
11,-0.1760142110813623,0.843984794101984,1.842017983147178,1.9927261195761927,0.1991757517043243,-0.1749622460940566
31,-0.3629665704568932,1.9581651765012944,1.5225082571294646,1.0659893191123575,-0.1999793059103185,-0.2026328137059394
11,-0.0832565846633674,0.681471721019568,1.9819057942259448,2.0984827248965328,0.1999547993826779,-0.2861407616828651
33,-0.5030223491368245,1.758231468169139,1.303434451171432,0.9537707009440776,-0.1999819225642576,-0.2755352758333039
0,0.1000000000000001,0.3277777777777778,1.5707963267948966,1.5707963267948966,0.1824898363344993,-0.3521421311486158
29,-0.3635919285706889,2.034332532732884,1.3737047473576407,1.2901428923126708,-0.0901437379057723,0.2565946359535256
7,0.0830533259079125,0.4482966273426257,2.090666343518768,1.5017402452093307,0.1413572233646995,-0.0832764501854859
31,-0.4067478648504333,1.8536475720778187,1.5132176587965829,1.5423418933340536,-0.2000000099340711,0.2638123461294135
5,0.0596944284561998,0.3488225689861617,2.128438198068414,1.4439493998484834,0.1999415854422149,0.2416023122697805
4,0.034170246456326,0.0855607953814357,2.2096314025394537,1.3954527179878848,0.1996719469659106,0.1807613014876898
28,-0.3277752055492144,2.0851681957284773,1.477233940110762,1.2901712062716302,-0.199979216291685,-0.080396538613757
3,0.1001701777703324,0.4188725837960954,1.6177270534124712,1.5567061721093325,0.1193047762820961,0.5470944455124231
3,-0.0614384898072666,0.0925877806208021,1.9576528380301337,1.3697316624188496,0.1153817257907014,0.3946023997107613
34,-0.5774960322803491,1.6874435482551229,1.148438883922989,0.8420935851051701,-0.1254869541262484,-0.4262759884453835
35,-0.6210658352534576,1.646146241786036,0.9226639094438892,0.8049910733350314,-0.2000000083911272,-0.2207437555133853
13,-0.2209344941217948,0.8275258680990264,1.7167294035342078,1.929515410935416,0.1999864586665231,0.0313149924049914
5,-0.0323727367073953,0.211127372507198,2.1530971164491515,1.399413242835397,0.1629048826804844,0.1752628882477952
36,-0.7054241131916462,1.5673942763431354,0.9422369944539408,0.8821499900419922,-0.1999998247407779,-0.3431992881849553
17,-0.3104591888868166,1.2133899056213762,1.595763341584478,1.752057709920139,0.2000000099506637,0.1729385233434898
29,-0.4147883770485591,1.969777153699774,1.5505094240095951,1.0917596424453626,0.1973584054451215,-0.1516484262158498
23,-0.3595501039300973,1.852538334949368,1.3636998581376414,1.6153870143551767,0.1528875923010114,-0.1371894097666609
26,-0.327203593514465,2.029843301718348,1.1994505236533026,1.367675599587433,0.170182881764462,0.3959522872650479
2,0.0554978362794606,0.3045155499416281,1.8767023990538456,1.4650633564962154,-0.1128297181583034,0.1441013247936537
43,-0.9950431108561965,0.9845150668429568,0.9826219240811208,1.31436860286886,-0.2000000063127365,0.0093770687803744
3,0.1000454183309249,0.2611578013166719,1.5786997685816626,1.5692229325649596,-0.1854052333212854,0.1896586072211998
35,-0.5895300985497633,1.606308099329413,1.1016921094295125,0.8884418625873549,0.0334173375441537,-0.2917645041709925
44,-0.9366625198004404,1.101218090922595,0.8446933972325663,1.1300367959855606,-0.200000009951074,-0.0189764455037838
46,-1.0637084528727652,0.7452560579128935,1.274849004172955,1.33907618417302,-0.1117548068629583,0.0892145549271909
14,-0.2923831439060856,0.9292121757044732,1.6610564162792298,1.8112299980475948,0.1999921883912845,-0.0540478722795472
23,-0.3832386729643782,1.7595346924697823,1.374439195790563,1.5607718466893652,0.1996440173809208,-0.0732155447447474
24,-0.4023271727636204,1.7764335642542026,1.494780079522405,1.5807157134973853,0.2000000026446082,-0.4726321838760768
29,-0.4066187761863404,1.9104215320915972,1.4931391263988356,1.1433961528560914,0.1999712126808332,0.1209595821829004
44,-1.0321190042276756,0.9299065415377548,1.1056349846210818,1.396328036208038,-0.2000000052198667,0.0326979946923289
6,0.0369145578730941,0.272496750991657,2.2291391948845725,1.7069353715763216,0.1999870725131372,0.0402775428357807
44,-1.035172728318065,0.7862724548169642,1.1996028749879937,1.354572149767308,-0.1999999904975021,0.1436809942732975
11,-0.1497686057068162,0.6463728948193367,1.7994838739421706,2.0079517290224405,0.1999864701016764,0.046910135736517
0,0.0777777777777779,0.2833333333333333,1.5707963267948966,1.5707963267948966,0.1803125719895828,-0.3792818520278246
42,-0.8654486811825832,1.2324466879505638,0.8815058479693274,1.0106512950486333,-0.2000000098281598,-0.0847289911653241
48,-1.0698567679391666,0.6759882592003834,1.6838375265386445,1.106024524457467,-0.177286606358534,0.2864867433499437
11,-0.2270953304209423,0.6782055275067048,1.7283494677674638,1.9323613325578937,0.1999784448744721,-0.0953538629486702
6,-0.0301965962548081,0.2061255251367571,2.1797761815276484,1.499653597099278,0.1999689226743882,0.0819030435436147
6,0.0769761819989627,0.3512451600776036,2.1692134240356795,1.3793644204714648,-0.0234770311548512,0.1548468127414821
8,0.0441952710446202,0.5098847525775125,2.224758931496416,1.833855259116752,0.1999686746019839,-0.0103815610310689
6,0.0378356811310871,0.2469015612762723,2.274877511956964,1.668348447531851,0.1999713082670396,0.0235535369244384
21,-0.3656517769002155,1.5518274642567955,1.4381900658028537,1.658112302880827,0.199724520728051,-0.0829893289020678
30,-0.4050787418133038,1.8920885472223723,1.4959975826230387,1.145682812995634,-0.1999816868765951,-0.0389461917878353
3,0.0506814684554674,0.3287612139638337,1.8808390955117087,1.4081302137376417,-0.1028096524429909,0.1382968247660917
20,-0.3383789667907362,1.4828369723857169,1.54433769086865,1.6423805849996718,0.2000000096651553,-0.6200797377277845
13,-0.2568839188125913,0.9472636578373366,1.7011015313353877,1.916946837507117,0.1999726619419264,-0.0788425954662869
17,-0.2825917119809184,1.308545404279737,1.6154257292535643,1.7921344745596044,0.1999683574603629,0.0831381090968317
17,-0.3232234676393179,1.244925212676273,1.569283658818356,1.7699362503234122,0.1999905913460515,0.1217250827876228
39,-0.8542121312291254,1.39344145671329,0.7817728790130953,0.9615212028741644,0.0904502867460625,-0.2318047412385726
23,-0.3744440441121347,1.7294131698668709,1.3923989444203753,1.5574748652041182,0.1988780181034723,-0.214774894402155
12,-0.1790550927496186,0.8353341967517958,1.779902988174234,1.9654113097313668,0.1999757315421663,0.0228331441902101
4,-0.0799723995121038,0.2488018019520625,1.84511981258658,1.4505049955536446,-0.1650389788167069,0.3073006624764526
5,0.1060696480961908,0.1287594039693407,1.91647433284703,1.5658827445057528,0.1999674716923271,0.2488201186010658
3,-0.0424599922713398,0.1950661125496021,1.941936784484659,1.3431359575403468,-0.0276099616980215,0.246062511721078
39,-0.8759364325625185,1.2538820501613293,0.7015917981651167,1.0128161142304692,-0.199997233130129,0.1784432023501508
44,-0.9539181606442196,1.1122845477782837,0.7960062409427504,1.131308401154025,-0.2000000093823032,0.0009247593419925
46,-1.028786421206408,0.7890957780901529,1.4519156356723957,1.3546035678037085,-0.0956509560631419,0.1205817205514431
6,0.1016684019317315,0.1834057136473396,2.0409140634026866,1.4288169253445653,0.2000000099936558,0.0157258039947111
20,-0.3727116341663425,1.499988394587065,1.5350168282773833,1.7105593547215667,0.1734674177399378,-0.0434795143062351
16,-0.28447501323478,1.079846665508285,1.6266765082862715,1.8056978741832577,0.2000000099933424,0.1457860121675691
40,-0.8385894562635868,1.3629739489550314,0.7101143989492813,0.9651603782822328,-0.1999999823664743,0.1488074339952718
28,-0.3490543293823594,2.01581433621116,1.5132236358612317,1.2161852275679752,-0.0603380897562466,0.0771427495048815
44,-0.9867284008173284,0.96030579869679,1.008769200244222,1.3594455059417732,0.0857904769419151,0.3659528090264984
32,-0.4696925329373096,1.9011173047292032,1.4369613687184195,0.9700101723986206,-0.1489050169844843,-0.3860753081963844
3,-0.0068001647047303,0.0727873032946563,1.9868732253697257,1.2502140354408515,0.0703280086666802,0.2752493134093779
32,-0.469272986918624,1.797218161192768,1.2983920034310974,0.9176962256793912,-0.1730295135394345,-0.4761946080290505
5,0.0772727372952324,0.3471925966692998,1.511816524961267,1.579773149281498,-0.0177853058045205,0.6859561147959039
40,-0.915286400694139,1.213912150531311,0.9320992601021418,1.1767379934593,-0.1999997813605182,0.0457740909318882
7,0.0173777976821484,0.3735062832859367,2.1850493336704115,1.602107438810335,0.1999662805585924,0.114251328204314
0,-0.0333333333333332,0.1944444444444444,1.5707963267948966,1.5707963267948966,0.1587521130006082,0.0376993850135428
19,-0.3630919623725724,1.641364283824585,1.3733964888986687,1.641372294352054,0.1138724790733204,-0.3789955677938598
14,-0.2959188745746577,1.0073162156023447,1.6830035234477858,1.82302044027862,0.1999726142929508,-0.0685357950882864
6,0.0128786790435217,0.2500659486762028,2.242259823777948,1.7292856312892857,0.19993517217572,-0.0149422109247324
34,-0.564737168344333,1.638134539931888,1.0629053503075307,0.9077176874284048,0.0417774394619618,-0.2185998763752646
11,-0.1930037553244061,0.715906323755202,1.7626645574953894,2.0046422234680468,0.1999570316019134,-0.1242791640857586
10,0.1108937302495476,0.6031236153622135,1.9740707027402264,1.5553189244852226,0.2000000099951349,0.3916338852560396
31,-0.4237661576760395,1.968838366801515,1.5471123019841055,1.068702732763782,-0.1999986014327541,-0.5307213139066413
20,-0.3760885171241827,1.5369296784938895,1.4899638454106192,1.649159735195828,0.0621082046261263,-0.0532229655488018
30,-0.3614970166635601,1.9695459956205816,1.4983021217074732,1.0835344850422195,-0.1999782976857773,-0.3184394837787558
49,-1.044790815056745,0.6744550343536967,1.824891605475221,1.1605659577466394,0.2000000099925959,4.806337017421936
43,-0.973699020132592,1.1851880009535267,0.738924236097608,1.1970207866982543,-0.2000000099539549,0.1400206228404455
14,-0.2865965904057059,0.9708014137044352,1.6898639621820788,1.8356799727930844,0.1999293237783273,-0.0731045567627755
21,-0.3396146910220098,1.5934441094706204,1.413391594835792,1.7294018887827116,0.1993478883675531,-0.060853371655724
9,-0.0981741734193585,0.4603017206422021,1.6198859746244292,1.5462195903569116,0.2000000099460334,0.5268258323334774
12,-0.0758408427788822,0.7940094914008441,2.002088064438415,2.101399091866415,0.1999804668138516,-0.30303652165847
16,-0.3435828568726677,1.1330684916706162,1.626083423444305,1.7903865302124855,0.1999662546017773,-0.2090897654625785
3,-0.0265246007250018,0.1445647250525482,1.9444244066861007,1.2874796800004498,-0.0672998790432355,0.1619843823039079
24,-0.3745868329264391,1.836845991123268,1.1905625948708114,1.5161808150239937,0.1999492208432177,0.0890093691852709
10,-0.1493948039931881,0.5439319216128329,1.8784728805210928,2.0944843411058898,0.1999974352960531,-0.2373501290690652
11,-0.1707977743908212,0.6292272237693131,1.7525105262782912,1.936264248512116,0.1999972168547464,0.1390815102176526
8,0.0074043521251545,0.3832333712999456,2.2474699291077,1.895550198759104,0.1999920134856693,-0.1503143892192635
41,-0.9260136189193487,1.1580036526248048,0.8181477112787161,1.1362477942559974,-0.2000000065992238,0.2287397774626763
39,-0.8177298469171078,1.3041260560948629,0.9138191203263144,0.974604486524189,-0.1999999903034441,0.0550134761660646
18,-0.3704046080380115,1.2989426187516155,1.5934405038740973,1.754956037505176,0.1999714728468885,-0.0286171235297915
0,0.0111111111111112,0.2388888888888888,1.5707963267948966,1.5707963267948966,-0.1998291862253509,0.3998157720713477
12,-0.0704595687210894,0.7907101641961597,2.062791613244722,2.038096439680004,0.1999904118248658,-0.3592201312836799
31,-0.3901859842501838,1.9492165901773435,1.4823509911682944,1.1922428173055517,-0.1997758418950684,0.1214542612554557
4,0.0994662707735442,0.2970509363465154,1.5893553319063525,1.5540694583002683,-0.0939887400654099,0.3374268029840148
34,-0.552318181436525,1.6836091945524316,1.0590172794149932,0.9118690429224487,-0.199998202398977,-0.1005774634866475
17,-0.3393914611542253,1.24854556492034,1.5848171626215002,1.7237480864552273,0.1999902971656642,0.096640101759278
28,-0.3149053776146115,2.120530774811639,1.2905207956817488,1.3625690170631974,-0.0438949405794668,0.366226623841975
37,-0.7255199779683065,1.470713822337108,0.8472664178183621,0.957164023212562,-0.1999999201034545,0.1828837970296196
18,-0.3377912568511482,1.3019395161244127,1.6198364878681044,1.7872031316784864,0.199832377264147,-0.1819697991204663
8,-0.0429107120812755,0.3765065496235112,2.1571069034424166,1.9131930002212445,0.1999788082700186,-0.1666099091379956
30,-0.3773467495468777,1.990862486029641,1.3819527188923697,1.2774855980733917,-0.0003982591286425,0.288956096873072
0,-0.0999999999999998,0.1944444444444444,1.5707963267948966,1.5707963267948966,0.1996243258761508,-0.4421779976392802
43,-0.8945187701087758,1.179439302398218,0.85926075006393,1.0498121371877531,-0.2000000099647093,0.0613446983648144
28,-0.3654259551212241,2.121132396175573,1.455883947261844,1.2906265927532918,-0.20000000960186,-0.3830037518167861
28,-0.3064773687878406,2.0737438694232355,1.468775817253862,1.179194913147848,-0.1860493637540842,0.055699307849379
25,-0.3429469503228234,1.9086849950446527,1.1627730774369578,1.4763884417229358,0.1999746971090696,0.1378265047968636
30,-0.3944047304065677,1.952261927546156,1.5056942599501948,1.17502269834913,-0.1998989406004194,0.0061875183257367
11,-0.150395675622143,0.9869100081463628,1.8485353569737928,2.050330322278864,0.1999492497299159,-0.2268920867155646
30,-0.3991360919101296,1.9366229579740173,1.4930129638549428,1.152929057571893,-0.1999717060406601,-0.0092506738613384
49,-1.0596764293035916,0.6807388162755841,1.4133000495519976,1.2925840151091414,-0.0160689085053881,1.2002068545197149
8,-0.0507950047978913,0.4999064260859117,2.2210274812243376,1.6482217006600526,0.1999330104950524,-0.0759217206617631
24,-0.3427034152346446,1.8373705573827392,1.27508939901856,1.5017618911547048,0.199969098203434,-0.0573842277332082
2,0.0147078152511713,0.0847151361937081,1.9431717405703408,1.2622476796725652,-0.0273361822490193,0.1808956693066901
27,-0.3748231033950314,1.9265676123762128,1.1773224818196637,1.4931240650977022,0.1999960803556648,-0.0137891762187803
12,-0.1582949500154473,0.9348111627069016,1.848792054751192,2.045377509844821,0.199423802335393,-0.2393342718870629
1,-0.0342045966290335,0.2205491840400485,1.6802359605815749,1.5238924827077305,-0.1310959880982287,0.3132269392526389
23,-0.3499823514531199,1.712173891084943,1.3650120394912104,1.5706814471656438,0.1999704987773369,-0.1605148199418472
41,-0.9530843557808968,1.0853946661860332,0.8681452731278281,1.2158779626420462,-0.1266857078415007,0.2814831113334603
6,-0.008530377529492,0.2420979015297236,2.259551183381353,1.6705743466687333,0.199965515707009,-0.0406095167748091
33,-0.5207713817717543,1.7535348976171277,1.1992870465615129,0.9216276865258928,-0.199912246459767,-0.3128085740741193
33,-0.5469734567475887,1.6828585694925444,1.165871468433414,0.9408758411851492,-0.1999733191985726,-0.1676598080774337
12,-0.2197769381977709,0.932940000242948,1.7931521786984543,1.9687719558002263,0.1994268747619683,-0.2860592883414353
44,-0.9808957470695838,0.9892571209522392,0.9809918897834162,1.3465894780358658,-0.0328378623448213,0.4195012069975972
8,-0.0396657647654907,0.3809882948323411,2.0912791127946715,1.9809150787473144,0.1999820322658524,-0.0999447591507179
22,-0.3432442648029787,1.5904289972687868,1.495094628134046,1.6232049426904906,0.1999831321779884,-0.1657733631824899
11,-0.1868919456266034,0.7618557281584579,1.8004572401430945,2.0180851319956936,0.1998799067079061,-0.3007496790152478
17,-0.3256926968165446,1.2284257185661769,1.6175172880108653,1.7501508583487753,0.199964289067959,-0.0181751665992184
19,-0.3801867208805393,1.473396651754312,1.5056208866324765,1.6512585009455287,0.1998585260030637,-0.2129200597454909
34,-0.5538730630390689,1.715616302394523,1.053828445323978,0.8218881119248728,0.1996406439122288,0.0159209684248037
20,-0.37550480426888,1.5166053225639868,1.4942606082362937,1.658186843819944,0.0720015376587088,-0.0396391340627514
20,-0.3745807836129498,1.5296322514736678,1.5443992953206136,1.651665796689424,0.0622927808618086,-0.0650455331711442
0,-0.0999999999999998,0.35,1.5707963267948966,1.5707963267948966,0.1861652483164012,-0.4493625833132407
27,-0.3317691770958586,2.131786405998936,1.271518393857355,1.335059262547634,-0.1010830970360414,0.2673125130300537
11,-0.0993809943885629,0.7124452137295509,1.9069709601488447,2.0615718248905384,0.1999788672795347,-0.034546329530002
15,-0.294510908933299,1.0754772034861686,1.6368184081997803,1.8210229354874552,0.1999739261909332,-0.002342953228282
6,-0.051243208179092,0.114517338084761,2.229882509508405,1.444367707749262,0.2000000099941015,-0.4845773872101123
11,-0.0759655870995321,0.6714064773506894,1.955174990990434,2.077700719209404,0.1999848651967467,-0.0719926675269458
2,0.0279250369809208,0.2408570816713829,1.8159905085947847,1.430336486469764,-0.0021029801350564,0.2204056484349066
33,-0.5325105919065599,1.711115230994487,1.0498646523221675,0.9216695579157556,-0.1999767700124462,-0.0017861391841659
41,-0.9255040621351558,1.1541894915384936,0.8097369290573516,1.1287838053676704,-0.2000000067297473,0.2239263850102414
20,-0.357758208779718,1.6292032474680045,1.4895814331856112,1.6854099126905302,-0.0908164906873893,0.0707169512488292
18,-0.3422120896242036,1.3784811970676876,1.605029054978166,1.740737116455544,0.1945355727382821,-0.0933857722331115
47,-1.040475285394953,0.7972623675271339,1.2958779081143874,1.3778381752907178,-0.2000000099691621,0.2705303590848408
4,-0.0556997372642384,0.3002551234858349,2.094210998215948,1.383525682594509,0.1575942532955647,0.2405346958893129
26,-0.3320843077858775,1.989040629176893,1.140937385210071,1.4087572100558714,0.1999557372939804,0.4028944561535106
0,0.1000000000000001,0.15,1.5707963267948966,1.5707963267948966,0.1999174993829113,-0.2489113344557941
35,-0.6259202595442718,1.563435913361816,0.9623732539501528,0.8656044392649367,-0.2000000075897929,-0.1183552457568504
44,-0.9973473590114804,1.1168555092046817,0.8487489903953414,1.26293192959001,-0.2000000099169444,0.2165695183413393
29,-0.3961954395054566,1.8774461282218493,1.5002987022188048,1.560904586607626,-0.0051591081633911,-0.0261825504516673
8,0.0181315264006576,0.4071302580320661,2.26257482270268,1.8466915650834237,0.1999777871171628,-0.1205944889348067
29,-0.3661007776162772,2.0356657740549258,1.3865379179504256,1.2905501374919164,-0.0635943345793687,0.1809529420999223
42,-0.9871194165614814,1.103476921131506,0.9136067303505282,1.2610160460572934,-0.2000000079632842,-0.0513148964828602
32,-0.4137674592495073,1.8804713837687248,1.422820502021585,1.2118190088412522,-0.1999999869140913,0.116595345803447
16,-0.341135845910836,1.3084193319628783,1.6150253834810595,1.734569534120605,0.1999170998917317,-0.1380861812657389
0,-0.0777777777777776,0.3277777777777778,1.5707963267948966,1.5707963267948966,-0.178447500269946,0.1018413723937474
20,-0.4053147148237238,1.5044227163190436,1.5074941414084773,1.6351787090472585,0.0832960606789618,-0.0421536772800944
23,-0.301163908226256,1.8302052073003787,1.3150764117625098,1.6219931743645792,0.1999818436836148,-0.1208709399579759
22,-0.3992034289201169,1.77146564813488,1.4928053292122223,1.5906166624472429,0.2000000017762414,-0.437762219710804
31,-0.3847264049341627,1.953319627679512,1.489941750713859,1.1879023204228782,-0.1999142285422606,0.1005722891496395
0,0.1000000000000001,0.15,1.5707963267948966,1.5707963267948966,0.1999174993829113,-0.2489113344557941
27,-0.3521668249005257,2.1642538216607314,1.4359480972078185,1.3226297201123185,-0.2000000096008223,-0.3788243231045149
26,-0.3613510422585345,2.1055190447394434,1.228935227790151,1.4082672469883055,-0.1999998194316125,-0.2551143668693395
13,-0.2501546784353333,0.9924483923029443,1.7403635318067412,1.962010104183508,0.1998647709046515,-0.4078481316967626
4,-0.0060072564009379,0.1099425161930578,2.233041496076856,1.4513990474118967,0.1433591874809265,0.142535328294619
5,0.0405251174265836,0.2349980278524988,2.296038658418928,1.640041898003284,0.1999380226348736,0.001668342425036
1,-0.0778008986775833,0.325252194832052,1.626663097241197,1.5518507862468054,-0.0140195009420742,-0.1236055237576701
10,-0.1463688570172688,0.5947245133425489,1.8991122069444997,1.9575485872494505,0.1999833954652393,-0.1485608440827024
12,-0.1557935620524492,0.7727255429694949,1.8368632835648533,2.046215474999316,0.1999919459828077,-0.1810227596494447
26,-0.3543919110217589,2.0332779307287248,1.1216362767203734,1.462257060700933,0.1999445230012512,0.1244108893133876
7,0.0293131045956223,0.4022520578190378,2.2286393801358084,1.905808001177004,0.1999843135508357,-0.0607352772504611
40,-0.7821839560870375,1.3592033671717414,0.9272011006858688,0.9493017191574442,-0.1999999863907362,0.0272064927288559
19,-0.3741916275796912,1.4802190296722038,1.5052458318558075,1.668155015558226,0.1996513361202396,-0.2232238887119645
37,-0.7380223132745054,1.431727279732162,0.8933450142529349,0.8626960695307185,0.2000000095525629,0.2223942760738979
8,0.0245465803519126,0.3550106822493278,2.311835886040006,1.800885051069092,0.2000000099566244,-0.5164184645350816
28,-0.3393216296146502,2.105635667550183,1.3669448728349547,1.318707329322171,-0.1999914877080496,0.0291786582100969
1,-0.1000271256069769,0.3153208610542896,1.5648907358434538,1.5723596053827122,-0.1998955026741143,0.3082463988436756
13,-0.2527791827194817,0.8341603445463917,1.7152064396676163,1.8893978107886849,0.1999761950286636,-0.0975198768636243
10,-0.1541707903769307,0.6158714584764722,1.806962155797753,2.0669886215484574,0.1999649332258175,-0.0893700045611921
17,-0.3457281756135247,1.3452993354960594,1.613140397765909,1.7351520566551577,0.1999390335345797,-0.3925151238268694
33,-0.4899464803253298,1.7887395104624333,1.162360911318336,0.8567776092948609,0.0631747217001694,-0.3631024730669684
27,-0.2942738079126527,2.1410349106346933,1.4182853820410113,1.2742960196612414,-0.1183326290267596,0.1752696842043288
8,-0.0371112245464494,0.3800135015031403,2.1670035580780844,1.89047558082358,0.199967687020725,-0.1424342692447086
8,-0.0611839684485304,0.363685851713386,2.128024649867092,1.9984815519066823,0.1998307728466651,-0.4281581657777663
11,-0.2145757262151998,0.6719531611341749,1.7385722110635204,1.965688571967365,0.1999549997781262,-0.1120098511916717
11,-0.1863143808629227,0.6197625674567121,1.829369322457585,2.035203132305364,0.2000000099928892,-0.3072622623406542
46,-1.0402263160394565,0.7573632125289683,1.3979644971576075,1.297060212245151,-0.2000000033147422,0.0445116020989237
12,-0.1780937911447438,0.7898387102358906,1.8748861319061856,1.922026179161295,0.1999701400704727,-0.1990966602475992
14,-0.2957971126313491,0.8885218693146583,1.6999788294222693,1.8619699725536976,0.2000000099488973,-0.2509579209043156
10,0.0380453711659588,0.742502162032221,2.178194050737892,1.9857013187263244,0.1999922318254976,-0.0454656790774525
2,0.0781236689902339,0.3340607943102843,1.624100332209144,1.5585705293891128,0.0497858376500795,-0.1251140700260341
17,-0.2862004696997891,1.2976056332738497,1.6111539686706404,1.796767871521758,0.1999868820756925,0.0890327648316312
1,0.0319236518691299,0.1871510409406634,1.7038100818779809,1.5100470716700465,-0.1999133795938388,0.2822547403165725
3,0.0810446196406969,0.211838759228984,1.997635082402501,1.4770255845568796,0.0540069626476207,0.3016642574038971
21,-0.4370645074401529,1.4978898400685066,1.5948016392674784,1.7489271060269365,-0.1500339308452938,-0.1491397033817512
30,-0.4094277519535385,1.9859036514084487,1.5619526925173144,1.1140933614722437,-0.1999590326744519,-0.3631867307403552
14,-0.2426904494609978,1.0167292984766123,1.711092232776857,1.9103077430670536,0.1999685591990881,-0.0913382443088115
37,-0.6519470560794824,1.5278989867546289,0.9694293542441468,0.8776782610299091,-0.2000000084102732,-0.1691840310436715
8,-0.0240373465876784,0.4910783147400829,2.195357126244579,1.9378751848732585,0.1999796195306431,-0.186262573836899
37,-0.7397689757953316,1.4707279257886572,0.9260952558355976,0.8559356260483644,-0.1999948913000945,-0.2712150554268505
46,-1.051338816371198,0.8009079341764557,1.3410195978966095,1.4099087509827113,-0.0661811179299106,0.1770153213616967
28,-0.3477774732406205,2.1231070367368914,1.323694639900003,1.314845643600672,-0.1998007139215193,0.0329745137314935
9,0.0739977304245863,0.6268750618800866,2.2473150017347674,1.769797563929988,0.199990910751183,0.0555507785391501
39,-0.8454374398995813,1.3634876372561495,0.677565523938988,0.9787858159841166,0.2000000070959078,0.2738120311072876
11,-0.1381691479116287,0.6882199319323955,1.841871821382318,2.033030470958986,0.1999736129089694,-0.0239037125184064
16,-0.2962810258648038,1.1327973276887964,1.6113859052446229,1.787254743244052,0.199987435167924,0.1204130582910607
2,0.0780311861469568,0.2697295304143487,1.5971518597241978,1.5662857969893902,-0.1999469873373929,0.1053920724048538
11,-0.0817985824288546,0.6517211162773023,1.950653811046157,2.0594745223998085,0.2000000099463201,-0.1795974003612384
2,-0.0053754505979412,0.0061291641372747,1.9246696839716773,1.2925934317334922,0.1612961579434664,0.378440101567965
47,-1.033336740087376,0.7699306054391677,1.3506613122907023,1.310116329629049,-0.200000009996327,0.3008682714422028
19,-0.3525792279007573,1.500840186834556,1.5263943965899656,1.6946489895434265,0.1995317108654853,-0.2105933481597364
6,-0.0160920060636802,0.2296301775239506,2.291720261324369,1.7922174534877344,0.1999844526735449,-0.1684711581188323
8,-0.0211775892261263,0.3977568183143849,2.204618119695459,1.9215815410916464,0.199974446861142,-0.1768954531487871
13,-0.2490729722786559,1.0379406456287847,1.702768787120381,1.8922956709814256,0.1999814245393513,-0.1420527475840767
42,-0.8216401359834168,1.324586192500771,0.821648540967379,0.9188300885612248,-0.2000000099334084,-0.0223285914880247
38,-0.7371278735683718,1.4563722188285666,0.8917217003789286,0.9324458582731122,-0.1999999869589301,0.1255273330631813
41,-0.873411839652041,1.235074631659371,0.8504064353790621,1.0186419217954312,-0.1999999957585197,0.04229211418805
25,-0.3644725429332033,1.9183452575640425,1.2465093362511768,1.4253275388834092,0.1999246511232316,-0.0050963994164152
30,-0.4077209018954063,1.9746374972719032,1.5578279877689225,1.107896846137437,-0.1999633278639907,-0.327338240187787
9,-0.0730957656677502,0.3784888296666273,2.075958964475665,1.4690553093625434,0.2000000099970807,-0.3222145834084379
48,-1.0658114407303516,0.7574335670904083,1.492870551594768,1.3677990398798423,-0.2000000099728303,0.4055701274567359
44,-1.0170461298432445,0.8607078260107976,1.1099849166956286,1.3312826281671477,-0.2000000040766023,0.0386190048616545
32,-0.4385266716914603,1.8863351614714816,1.4050143985685448,1.5923986105001484,-0.2000000098996016,0.2912773869841968
5,-0.0163510664707198,0.1550701931383714,2.157446281113897,1.3414612897256248,0.1997488612019862,0.1210699341455436
37,-0.7370675677818794,1.4535425082379756,0.8796270028203321,0.955673655211057,-0.1999993942564358,0.0168153513958455
7,0.1008100660557341,0.2670414601136409,1.6800232204285006,1.553859045111712,0.2000000099551661,0.5389257755949723
1,-0.1003869403469059,0.2867707555434959,1.5239006030049662,1.5796620290987002,0.1566912952283926,-0.2680205758684699
8,-0.0494113599786824,0.3225199729045178,2.151647009947572,1.832272894127816,0.2000000099930955,-0.4405939148385897
1,0.0772355403425464,0.1519402934494162,1.7218154380705697,1.51328181897797,-0.1998010704732171,0.107945751584076
46,-1.038053758695884,0.8835067317080103,1.143914763876472,1.4261494897844544,-0.2000000098827205,0.5427624827053505
2,0.0781384986965326,0.4380171066873785,1.6386003727701048,1.5533275348729705,-0.1999509571882053,0.3739091801991605
5,0.0143629940837483,0.1439160358483373,2.2405799324768885,1.4754847079481757,0.1999369932771119,0.1058578807173261
17,-0.3476792288700456,1.2416296953706862,1.6100174179908375,1.7212255268877152,0.1999742844430784,-0.1066929654407103
33,-0.5242648285523546,1.7971751881212863,1.173914571353469,0.9076595359313476,-0.1994712151311677,-0.2039405430087087
26,-0.3471231975535392,2.1287326717848307,1.2243347587671618,1.4201044807093162,0.2000000095181676,0.0608084453850726
27,-0.3397965586939411,2.1721769335625813,1.4074408943441252,1.333080794520164,-0.2000000095614648,-0.358287956771911
20,-0.3652050701460072,1.550317626881077,1.4627879029747586,1.667104262174169,0.0099217779933666,0.0040085300689362
35,-0.5748033039706968,1.6403777551727454,1.0771020400014262,0.9325641189831002,-0.1999999297747543,0.0177334796417864
12,-0.2129057019874555,0.7403315271626824,1.7986350479212143,1.9964751835948151,0.1999937439508444,-0.1450552837064966
25,-0.3812382250000988,1.8569099691411133,1.2726384485748152,1.5267065083281652,0.1999120043145092,-0.2102012619206769
46,-1.0677764060378654,0.727704931003036,1.3358970871802909,1.3250690836753607,-0.1170729391212391,0.0567265118674953
46,-1.0387490056878943,0.7523078535389187,1.4184501683947186,1.2930018208701746,-0.2000000085834591,0.2059448700638304
22,-0.3775302782790573,1.6291189228149578,1.4717982783242365,1.5814265897143414,0.1999427663625966,-0.1349912833929923
22,-0.4049243168076049,1.6552960437636024,1.4934206093337874,1.6030665469971097,0.1221013006848607,-0.0900652773039072
20,-0.3805321114941839,1.5556894522881903,1.4080265994311054,1.6163494477032432,0.1997297382758459,0.0930581504330328
42,-0.9874303177828154,0.9814891872595224,0.9815453673389296,1.3030060776706254,-0.1077761770864698,0.2795440434826838
0,-0.0555555555555554,0.3277777777777778,1.5707963267948966,1.5707963267948966,0.0275446500877321,-0.1597308552689293
6,0.0821569095521776,0.431272012401646,2.061946612843548,1.4831452891058263,-0.0075692353756128,-0.081365199476285
46,-1.0632720072767443,0.6957315906497994,1.5897763735291104,1.1811635009277672,-0.2000000086355955,-0.0657656807965906
17,-0.3454218406096375,1.198175584055138,1.6462025767340909,1.6870354803728471,0.1999989472214102,-0.1517043975430124
38,-0.7899914685822312,1.3898397036860382,0.8894156899315452,0.8951387066285716,-0.199999891012472,-0.3139105793993256
8,0.1049270419558887,0.5282004929864141,1.935138204195772,1.5321039493154105,0.0532334096396453,0.2125719312274013
14,-0.2491786120672461,0.8635337583613851,1.7457532780852656,1.9890160337378453,0.2000000099941415,-0.2705597923731698
6,0.0168202837474039,0.3151346576197942,2.2605828988042216,1.6226905227645485,0.1999360112350142,0.0519711150920859
6,0.015716616747006,0.2210874912173369,2.3286448764291148,1.6606209609448623,0.1999544015194593,-0.0634384245166911
3,-0.0650293647420865,0.1265061425905465,1.921515205004488,1.351956044156209,-0.1515191893127582,0.3276713401755309
14,-0.1401073278874274,0.951749000963571,1.8876977684584,2.070890520681843,0.200000009967335,-0.3336341185610744
38,-0.7354726232959751,1.4776629602591025,0.9433270372858756,0.8425688045711031,-0.1001350173036935,-0.2827846166449824
18,-0.3199464391426042,1.3164226368875909,1.5752303908255438,1.7132943919614954,0.2000000099679262,0.2245842393613771
31,-0.4123682490867685,1.8333369672997948,1.5132416869190075,1.5494566327554562,-0.1522482390265896,0.2671466296002285
46,-1.0299520272708464,0.8503764194547145,1.1438757116582732,1.3564968429270192,-0.2000000099082559,0.3098444567405785
27,-0.3278327081290415,2.131743141018823,1.2753710599881312,1.3394211029497065,-0.117441075648089,0.2918815783333288
15,-0.3002601347174067,1.1299976844169528,1.6585948849704604,1.8346030904686623,0.1999791545282256,-0.1031733424467263
1,-0.0333957237380514,0.2553285204337888,1.634939038255487,1.5485719719924826,-0.1830739201888173,0.3983963258823447
6,0.0591498880556261,0.3039664133211831,2.1908551278200488,1.6949014008617105,0.1999637234685258,0.0860390091519966
3,-0.0900613863572514,0.124804131507605,2.0054921517756323,1.285280552153134,-0.0417098144687867,0.0922323443970884
28,-0.3593718441901928,2.0446183409245053,1.42145183036593,1.2738915032397635,-0.0937518776645939,0.0198823560324077
4,0.0519246812487401,0.1823604978572081,2.183973283567701,1.3201934124212833,0.0606626102698463,0.1586812423353673
8,-0.0349272463977278,0.4230620662740466,2.15587314492088,1.999380509115468,0.1999671428218341,-0.2405269164312904
47,-1.0494280543171028,0.8602736881530257,1.2791102426734309,1.423478347517243,-0.2000000099959459,0.2786706027879602
4,0.0041889214887395,0.1139496456835271,2.1507186510963483,1.2981330102707331,0.1485785127763077,0.2163089434566734
45,-1.0034068265199492,0.8730558636512418,1.1490907008436064,1.4043407215163326,0.0536026273590939,0.4261959950998439
38,-0.7757316113211962,1.3960700902565195,0.8930017107753767,0.9152978758867826,-0.1999999127244739,-0.1787572076184846
35,-0.641271164732829,1.6738022612524026,0.951804463812385,0.9058524111277132,-0.1998846747097835,0.0238480634910671
44,-0.9769702750848104,1.107427877214639,1.214055799304387,1.3238823555183976,-0.2000000099329786,0.1187742713633483
17,-0.365379402015631,1.2956713428881026,1.566851564743791,1.699974228947705,0.1999731459326508,-0.0072244776194027
38,-0.8132625251233352,1.4427787467221145,0.7298846403744559,0.8545371736044407,-0.2000000099783164,-0.1582020945858418
24,-0.3824600400057076,1.8087118742275188,1.3392874869194369,1.5537011956391111,0.199662588262925,-0.1365624570909249
20,-0.3546247375319664,1.6419934991428322,1.5484334250263916,1.6659351396664548,-0.1256706483250216,-0.032451871197558
47,-1.0386350076223194,0.7385335002000423,1.4491953135818023,1.3076743174844268,-0.2000000099238785,0.4671004414381468
6,0.0136584137053524,0.2242252044316612,2.293508872835552,1.6736152614138726,0.1999793885244128,-0.0304763624107443
37,-0.5992914443858408,1.6146165615855887,1.0199721540000777,0.9358428238629364,-0.2000000097450396,-0.2522207988185427
41,-0.9606383942973408,1.185238020662692,0.8445122773435454,1.1934507624457784,-0.2000000079621472,-0.0806691266424681
5,-0.0993417588446425,0.394695556960756,1.578305524834667,1.545156541470731,-0.0335547474700177,0.505645368091407
7,-0.0409667744184716,0.2431450203321686,2.1841972033169608,1.7975553578383552,0.2000000099560374,-0.4776514729352348
35,-0.6236777006255257,1.6433916911075053,0.9156623976912835,0.8031980501165011,-0.2000000067829509,-0.0806673360415258
6,-0.050327344188056,0.1949151112473279,2.162731853374515,1.5504313577909603,0.1999338078294327,0.0638695345205871
29,-0.3610333972499772,2.068952175631927,1.369478010633264,1.2989329822478013,-0.1468925399512082,0.0953509485417414
10,-0.1465645413502752,0.6197383198170606,1.8700848561543275,2.0309019761083644,0.1999745574119868,-0.1920773424857657
11,0.0165868480284326,0.7184966940046876,2.2011185974021465,1.983675206901388,0.1999818993886986,-0.1133025482692292
21,-0.3984076201474532,1.6511341848050345,1.494810120263372,1.6260677615457726,0.09689785458901,-0.0660924546429261
25,-0.376000355905478,1.8720329308613108,1.2766664075341565,1.5190275518659322,0.1999141710818022,-0.24593265580352
21,-0.3826223045177895,1.5711000927373722,1.4750103364374976,1.6198631469929037,0.0483068619891665,-0.0358206875499731
12,-0.1350487537039658,0.8421884861774798,1.8335037502136569,2.030384551271241,0.1999921307887649,0.0119646566558047
19,-0.3829869133233068,1.3512919186935286,1.6013446311142785,1.7119281066817815,0.2000000099929547,-0.1551168058930366
30,-0.3674277359530666,1.95547239133418,1.5447295466008693,1.1179263932482502,-0.1999848762287998,-0.1390016969711067
4,-0.0502050776406642,0.0947891046841907,1.988044993081365,1.2486514108948097,0.0589288566354122,0.2609326018667646
34,-0.5660340147691778,1.6754064380240752,1.1358103128757815,0.9063822566802988,-0.1999859152193038,-0.1458899702222553
19,-0.3532467003840103,1.407695403879618,1.5871304432537894,1.7224431891559286,0.1996087523471535,-0.2540296866622274
35,-0.6128162288593062,1.6336421508070678,0.8845224717946896,0.9379606690474248,-0.1999999329726734,0.127709455196209
5,-0.0048180636709888,0.1419035189782384,2.287483931579862,1.597607483720344,0.1999284381515193,0.0140633931609191
9,-0.1293069901009968,0.5545056064940789,1.9228382195022444,1.9907321744883464,0.1999451314660109,-0.1681641645514746
16,-0.3157675500951168,1.1711060688311647,1.6252205717053751,1.7731736829686122,0.1999610311777289,-0.0548639798731515
14,-0.0372641583969441,1.0661705497598828,2.1058316315200667,2.068625433112856,0.1999745745883183,-0.2611758389181888
24,-0.375228346017783,1.9013295188058643,1.2561581889775135,1.477976021787239,0.1537149073815094,-0.1345981611538664
1,0.0096990008296896,0.2312453450195938,1.7029399583723883,1.5103308938574642,-0.0580344252015376,0.2946623922797368
1,-0.0777268893032257,0.3298011376820033,1.699602917828832,1.528335047147753,-0.0893684036443321,-0.0847441756310345
20,-0.3129667669366406,1.5361782943598663,1.5748066316035132,1.8088806416952907,0.0678787525071188,-0.0725972051485532
6,0.0756592536080612,0.3044750400884388,2.268458859124456,1.7791592884027077,0.0479435022400234,0.0100439697763031
13,-0.1490487339866284,0.9282083922523262,1.8643204616990428,2.0553784945792524,0.1995839993568105,-0.1946288132166688
9,-0.0650806056177149,0.585981346017165,2.1830666208934555,1.8096454035372893,0.1999845085210292,-0.1819641502209038
37,-0.7515987303598123,1.4144173682042085,0.8867364852365593,0.8850349015172095,0.2000000098004042,0.015544093677475
7,0.0131463697348506,0.3359506825245528,2.2964800308134894,1.8970117477005364,0.1999220476638912,-0.1959399944186346
30,-0.3816948853896966,1.97697353427986,1.3754030457374196,1.2816731464356717,0.0644170661208682,0.3005014027691588
37,-0.7147085309792988,1.4753340198006388,0.8651831776014531,0.9126989298214818,-0.199999924202548,0.0556370663478475
49,-1.0868909971224752,0.6839950646330746,1.7890156182136874,1.1724292946364554,0.200000009741021,0.6961364608298736
12,-0.18613628685274,0.8476478539666275,1.8225074569371085,2.064473025514699,0.1999921384792607,-0.1843523058646664
48,-1.067310948021149,0.6615412989302486,1.6192621353965828,1.1501433364163718,-0.2000000099577324,0.3508979581103044
34,-0.542357642306623,1.7257981361068797,1.0779290432718138,0.8268400800579834,0.200000009708348,-0.2638296694541743
4,0.0095802014034098,0.0956240302485654,2.213525534668241,1.3569061650490604,0.1630753149981886,0.147274146026957
33,-0.5287979247783995,1.726799742570573,1.232670289525066,0.933886754428914,-0.1999660749637636,-0.2159693674219964
1,0.0772510978546013,0.3316725645193177,1.4886276508357863,1.5898306242943423,0.1283721792010847,-0.2692598077532266
15,-0.3104837021270308,1.1605922501559096,1.6499661626901965,1.808172145642444,0.1999785323047571,-0.1158016616248717
1,0.0068029423818643,0.095067838116214,1.7481182823565344,1.467062584140477,-0.0587687845785785,0.371688882394856
18,-0.3515874707181286,1.3408400610622209,1.592664253958736,1.6924680730676422,0.1997478243225328,-0.1910766331145102
15,-0.3233519912724497,1.114262389005231,1.6363854678955416,1.7867885676260176,0.1999925946324615,-0.0808350812345713
1,0.0983586676984714,0.393244427829065,1.3954976645981754,1.5982594081996198,0.0678588480684347,-0.2064062752836266
33,-0.5101986394890372,1.763226445688425,1.271018148939421,0.8752871698590167,-0.1103382220013707,-0.489948637739158
14,-0.2876704752256564,1.1214357594295743,1.654278584816728,1.828979852671042,0.1999897448090808,-0.0574113837358829
30,-0.3623598546299342,2.0017134461178188,1.5104160061458858,1.2167384296976027,-0.1999872348789354,0.0667274304660342
42,-0.9731576321703416,1.0557192871772256,0.9667336897711992,1.308649972220095,-0.1999998541396745,0.2812516905111268
2,-0.1020706266116384,0.3943123049831667,1.2805702654657969,1.538547447643345,0.0185785492911935,0.5137210410642492
40,-0.9088831332281566,1.201052440913605,0.6947739655759673,1.1111780689785573,-0.1999957050193617,0.34388981555829
18,-0.3893704941145763,1.3166628330700112,1.5745610250767808,1.6930974330024224,0.1999902509790247,-0.0970631669639843
2,-0.0555748521694495,0.3402327331491072,1.7637071693923811,1.505562067265586,-0.1484162436560339,0.2492679153907689
21,-0.3813687532367618,1.6560516324135512,1.396730669834886,1.6031257048210734,0.1153226608434578,0.0127953785437448
2,0.0550654230333343,0.2919138825586327,1.7172938148167471,1.515417896575966,-0.1002107207531433,0.3390901025874465
31,-0.4104338997226879,1.923945520774598,1.4856165805870976,1.1095467710351448,-0.1999451064970593,-0.0647913081656665
11,-0.1261070637767717,0.679033523818318,1.8763552355256417,2.0092915478443816,0.1999926456389618,-0.0269984148574325
0,0.0555555555555556,0.3055555555555556,1.5707963267948966,1.5707963267948966,0.1093553750127474,-0.2786924059109126
14,-0.2242743792645007,0.8947358668915387,1.7080061818149428,1.914016570436928,0.2000000099650568,0.0820155783432135
34,-0.6104759334241697,1.6166129034888963,0.9981905418124536,0.9050625983686836,-0.1999721366511444,0.0095316117818175
10,-0.0987985800621031,0.6805885156946408,1.9510246823218207,2.0975098435659203,0.1999777820917333,-0.25679378522986
31,-0.4135841279765941,1.9155397535385887,1.466693480229759,1.0923362312142313,-0.1999267965248724,-0.0847269368100187
34,-0.600748335072946,1.6053678295665332,1.0512242764012143,0.8852134192208239,-0.0165075617415857,-0.242076470211172
34,-0.6210791820148501,1.5832957778004888,0.9566067429867128,0.944694365514448,-0.1999698329921645,0.0826375895282647
21,-0.3786753392924311,1.752144579134819,1.3429792347040514,1.5546821737749228,0.1454955545980286,0.0988137664952694
17,-0.3344786998510146,1.2697579866782671,1.587805097569028,1.7377188157103864,0.199971624052258,0.077343290565394
40,-0.7584404446229585,1.400533157361908,0.8810682101782898,0.8838595002290116,-0.2000000099239409,-0.0789735165683063
39,-0.8299339334565886,1.386495797322491,0.799896278913073,0.9116466474524526,-0.1182007006070028,-0.2610048621094775
6,-0.0063084237240739,0.2307926805824847,2.2284349064019064,1.6308047054111623,0.1999664502391599,0.0151960461898743
38,-0.8239058543127689,1.3033225776204709,0.8990338193860392,0.9720169380821466,-0.1999844678891241,0.0261354560728807
40,-0.8379260973044897,1.4014289135915243,0.8175749527898173,0.9528378774508144,-0.2000000099420611,-0.2243557502699331
30,-0.3675839568501286,2.0276220125567512,1.3648426170137269,1.289773061094294,-0.19999992044702,0.2476513886430252
18,-0.3529611996816779,1.4839150489276105,1.5733686700997644,1.6897161409931276,0.1852383031367536,-0.273945256613814
3,0.0801959442387563,0.3859942691586056,2.072258406379495,1.4296479464067693,0.1999480439609335,0.337019177670412
5,-0.039870726580091,0.1400451922128572,2.1776353404759954,1.314446044517386,0.1998867051371677,0.1385388033226061
1,0.0085085083736064,0.2943543466062864,1.7995017627861838,1.463379625202974,-0.1975864620476047,0.1626737087128425
1,-0.1005029130192982,0.2541366074896228,1.514973816522632,1.580110541896068,0.1998418822070555,-0.2736812117203078
25,-0.4030492924896218,1.870465490363703,1.3132330710676057,1.5249996292637742,-0.1084872680050622,-0.3070139322937154
13,-0.2476255400239684,0.7878273974869301,1.7452814812448365,1.9839579409273933,0.2000000099929809,-0.2703559325917353
28,-0.3390912022710926,2.148741652724522,1.2701780452348237,1.3099198562533545,-0.1401383700320504,0.2229730686475873
1,0.0998188087117867,0.4040952911239383,1.5447036186840872,1.576538044099149,-0.1993502906255981,0.0778569592457123
21,-0.3418667313290517,1.544195856132174,1.539174341657434,1.6261913715846432,0.1999491370212369,-0.0279924155122961
40,-0.9154602598784444,1.3065752563027482,0.6557083437826972,1.0287118401038229,-0.2000000091461493,-0.0754743789345397
48,-1.0679112173141916,0.7192237403044338,1.6177289458599429,1.2994083152063118,-0.2000000099759694,0.2821179240890188
19,-0.367336598894988,1.4444672227523652,1.478827789052691,1.6778339365645425,0.1998541760085448,-0.1531013575229283
29,-0.3623704982772454,2.044045935177192,1.3559237765755991,1.3039230469360688,-0.0842025146510495,0.2931626419992436
11,-0.2012587392461751,0.7109324214750056,1.7504617171969752,1.9953633569993976,0.199983457300041,-0.1181892031131757
40,-0.9190593666679516,1.252185231463064,0.6752953861297063,1.2064578356153195,-0.1999998868613911,0.4186493199336979
40,-0.8649344045632096,1.3717192360560055,0.6719840476897101,0.9330878928124298,-0.2000000090836142,-0.1424197585244832
3,-0.0253073604075039,0.1726674399549133,2.0138674239304404,1.2628465781124885,-0.017730242502879,0.0506417884736216
28,-0.322951715590633,2.0453248189315585,1.415125400820051,1.2560440029594255,-0.0757300116025642,0.1973290447886728
21,-0.3753057284626838,1.7403866810163169,1.338969943174396,1.5676730303545587,0.1893888169780432,0.0600169612166915
12,-0.2403732665598738,0.7748068558375875,1.7206135923650605,1.9231711539431653,0.1999719275006423,-0.0914455258652517
16,-0.2960998161065254,1.158377291844052,1.641361580388664,1.808824839784046,0.1999688199145285,-0.0330181550061266
23,-0.3862663432314558,1.7496142810550437,1.383114562430654,1.5635019759153348,0.1677845300790735,-0.0834911361991362
35,-0.5565370373507018,1.669699476248372,1.149329432347093,0.9344599947993416,-0.199999932324409,-0.0545145663438964
39,-0.8286317388183935,1.4210254063422334,0.8380525829878192,0.9418417435727338,-0.1286453342080377,-0.2564238107329353
27,-0.306042359619399,2.090677114282748,1.1911373707142214,1.3565582353894512,0.1999761802776525,0.4214295280607514
5,-0.0502475547289996,0.3262584923874351,2.105324582257543,1.4884642952693503,0.0109621608252457,0.2515695719455583
7,0.0230020859360193,0.282789444351698,2.236490854122911,1.8244512195458789,0.1999933196075102,-0.1270581907237565
12,-0.0242514937876334,0.878856208590686,2.1513446579363684,2.065665933058693,0.1999391864946891,-0.3088480710668955
37,-0.7170279471834734,1.5473506972315014,0.8278497057643275,0.7970373998562208,-0.2000000098121511,-0.129720185678954
32,-0.475178684307783,1.8027872989553075,1.388120218240891,0.9891149904461334,-0.1999488918627041,-0.1938929488611344
32,-0.4565886228377787,1.7734195075317511,1.3572720559921605,0.9444246932693336,-0.0683835467271249,-0.4816485648402658
18,-0.296606594971579,1.2472514160836747,1.6387210870769362,1.8166250113589024,0.2000000099731707,-0.066829759047201
0,-0.0333333333333332,0.2166666666666666,1.5707963267948966,1.5707963267948966,0.0939976925309012,0.022822378953226
19,-0.3355843771261643,1.4547162873677264,1.504197952398334,1.6843684231647438,0.1999032454152156,-0.1398311671065395
39,-0.8371557692503805,1.3114128826799252,0.8325414481249194,1.0113889721960894,-0.1999999258850155,0.1637367034733144
10,-0.1247141396315831,0.6453229114853525,1.9294150295343733,2.028950019700801,0.1999038889326957,-0.2391444359011987
49,-1.1042752341305957,0.6212771532845116,1.8100319700923304,1.0583341350438515,0.2000000099610793,0.5877755822849732
46,-1.0380077748287542,0.7556227123341641,1.3480136199961472,1.363386689331586,0.0264268404272426,0.4503809513700514
3,-0.0604797977821353,0.0824695454637444,1.9723043675210807,1.373111598869872,-0.0756564890365831,0.3393973040192266
29,-0.4013052159317289,1.8547460724590823,1.5009497414019446,1.5641697359825804,0.0692993612023043,-0.09120922241135
8,0.10176552836014,0.4861233014868135,1.8045308525350432,1.5127582312327197,0.1999834457056288,0.2662474397639219
3,-0.065948110687318,0.2712964362104842,1.8762480322088293,1.3587124167109392,0.0420929646461987,0.1517180776490091
6,-0.0500127003985491,0.2219624207024559,2.187611811855112,1.4455390615048165,0.1999626855316371,0.0911546969874278
21,-0.3696629318761898,1.5311541227693493,1.46479279615486,1.6385593438702777,0.1997920266735605,-0.0399243513076818
33,-0.5403666847559156,1.6835880867112862,1.0166168754083975,0.9367451105825348,-0.1999970971757273,0.0692148019856337
24,-0.3487863328815127,1.7708414159675478,1.3363293903556208,1.5729813736921208,0.199993261262522,-0.2311791905514574
27,-0.3007592961330952,2.1338485581807154,1.1893955628064017,1.3518783086551176,0.0885462344549037,0.4167230995617491
21,-0.346666299061833,1.6230575256488218,1.4137475490503495,1.6683536257158562,0.1999315102021501,0.0321822731057842
42,-0.9183130475679864,1.1771175157155045,0.7767289309438805,1.054494735167974,-0.2000000093550511,-0.0997906132807237
14,-0.2939337420406254,1.0198229898451363,1.6650605584171156,1.8264810769830744,0.1999900023013065,-0.0685416854699551
25,-0.3366967932264814,1.8472845033288905,1.2865323508766036,1.6149457340398812,0.1999847282604539,-0.2459968318767001
47,-1.0454963026486843,0.8552014339857538,1.1811431432750563,1.4575579799074725,-0.1946921784837685,0.3630969393242375
7,-0.0370022253661999,0.2424323587843877,2.244755541035209,1.7925380924551209,0.200000009954861,-0.5271632596026953
19,-0.3581466881347127,1.4297167153597827,1.5775078321483471,1.7172444884807467,0.080370174330096,-0.1672653402961143
12,-0.0715466915735789,0.728864318525111,1.9698284837093687,2.079340054968225,0.2000000099586816,-0.0490437270610344
27,-0.3611748444195441,2.026989518710414,1.3853346380081517,1.2876942291033129,-0.0417166225217477,0.1373856683114993
19,-0.3695258580241344,1.5143370566063987,1.5318199927595,1.6840091410236888,0.1999113075939895,-0.1387678043271748
4,0.0482622500001446,0.2351313587711097,1.9660421023753027,1.3506194998765555,0.0683414926585904,0.3479442508275713
25,-0.3360087024267394,1.87384355741934,1.24122911790875,1.5134958876581488,0.1999817090522439,-0.0984276611520068
0,0.0333333333333334,0.3277777777777778,1.5707963267948966,1.5707963267948966,-0.1997317424188848,0.3180073275846303
37,-0.7404975653862003,1.4520343481713756,0.8776968187328915,0.934118772817788,-0.1999988283433442,-0.0282144852900181
11,-0.0111985456211733,0.6788089303171331,2.128412523367677,2.0178028290950816,0.2000000099492214,-0.355426595888737
3,0.0129038911237938,0.1283504578939523,1.9955718229201176,1.2199043830455254,0.0580787338283706,0.1530351993328801
2,-0.0776456857812424,0.253283647137067,1.5966423350062708,1.5641876362971192,0.0055280701977886,0.4540075386197604
22,-0.386859364290829,1.6523175563938102,1.4398697848108153,1.59204684056521,0.0831856610732619,-0.1285083216533818
7,-0.100131373038406,0.3140275742850848,2.183959266842682,1.7194706253763312,0.1995879728592284,-0.2204018073134401
25,-0.3998534138900511,1.86656143910007,1.317704946794782,1.531777902887559,-0.0826320153517229,-0.297754845183336
40,-0.7303742954616523,1.4324652605960992,0.9324208656933646,0.9502081380667774,-0.2000000099097351,-0.0954526164782515
22,-0.3460791721566593,1.625377042743512,1.467946902909551,1.6138920330491044,0.1999312701795114,-0.1225263838851224
22,-0.3716714070956844,1.6454555372555075,1.4210012171256006,1.612605913723252,0.1996699958952179,-0.3509891873224258
6,-0.0064541557175636,0.1876554832372007,2.288914122679506,1.5367173873597,0.1999986124702206,-0.2555990664677113
11,-0.1707254306027029,0.6594593008453694,1.816164362698688,2.02187713159357,0.1999897522667922,-0.157219867605182
35,-0.6306992655415863,1.6332232086621927,0.9149058359351496,0.8071878393073625,-0.2000000089367292,-0.1810443720100949
22,-0.3569165339308999,1.6587217492146626,1.4666161482427071,1.6744820100166475,0.1196120959289062,-0.1611311192096057
18,-0.3606757320567608,1.4049131868510107,1.5471905945476632,1.7116853758456787,0.1999714301398241,-0.0534718530822486
11,-0.1737019980726152,0.6250335101756402,1.7501470083978514,1.9169013685253693,0.1999961927406413,0.1465028773188233
30,-0.3820753404919792,2.0003466590008414,1.443504505851541,1.2419388682971522,-0.1999889029613463,0.1494731711174049
25,-0.3808321509573573,1.97263448914482,1.2496955516424515,1.4760280573894555,-0.1377822620625112,-0.2517619474682064
12,-0.1322816334346435,0.8126947176773102,1.849827797212873,2.023354789339946,0.1999919406522104,-0.0071529825190119
29,-0.3513537506898872,2.076344392144836,1.3871674659338336,1.3124780092235813,-0.199998218528272,0.0561207963807269
14,-0.2958127641150828,1.0483700507737197,1.659253710010324,1.8372184819468025,0.199972236159455,-0.0799495720338062
23,-0.3473687700432524,1.7009265609923037,1.4040748486903052,1.5936338530625638,0.199985249596812,-0.2043698209734135
11,-0.1091227564172544,0.6641747462900939,2.112674078964864,1.9087765124708267,0.1999820022288693,-0.4156587388558524
3,-0.0957768067784581,0.061631031610766,1.9321262338179024,1.0995601751631476,0.0633544384513686,0.1998704914320299
4,0.09842268025955,0.4270960614023323,1.4776109780534623,1.5719386975324785,-0.1998456963077102,0.6352496940525254
0,-0.0555555555555554,0.1722222222222222,1.5707963267948966,1.5707963267948966,-0.199791428702467,0.3691810615972527
8,-0.0981151992964163,0.4417275405052783,1.6056100698795657,1.5429414971180275,0.1969698547938717,0.5178450562101854
21,-0.3443643968692925,1.5972876553265332,1.4857224273171763,1.6314209404070703,0.1999556169952952,-0.0108940622050979
37,-0.7694359543313556,1.4576470029834825,0.9531140493350424,0.8386881636041501,-0.0525347961732131,-0.4074028244966685
25,-0.3689171390804603,1.8939869575902293,1.2242802987223935,1.52257935761768,0.1999034812992815,-0.1312982727119448
15,-0.1158582334653055,1.064830211918402,1.8484430881824832,2.043136812129944,0.2000000099544661,0.0615002474071296
2,0.0774547392101421,0.2974551302358155,1.5880246321347098,1.561072411833848,-0.1998124179165429,0.0802276883529359
21,-0.3129519293185537,1.5114054158809456,1.5097789848831038,1.7244918972360397,0.1999998400123978,-0.3977123595920226
21,-0.3523996372723585,1.5930143034641642,1.4324897910144667,1.6008823112621875,0.1997690349070184,-0.1475233587445205
2,-0.0532892571983421,0.3980509190737347,1.9082879135992863,1.4917779309675263,-0.1999551682064052,0.0768041608656031
23,-0.3113635081267029,1.9044575351662631,1.2635096917536597,1.6319208826522358,0.1999583851738103,-0.0928616953057709
9,0.0780962027146031,0.5029193354002232,2.196909443536077,1.7104323456060035,0.2000000099606503,-0.3204649994294276
41,-0.9366864402408246,1.1436459818668223,0.803460712605391,1.160222661677895,-0.199999896415405,0.068001509771284
0,0.0555555555555556,0.2388888888888888,1.5707963267948966,1.5707963267948966,0.1998516155651503,-0.1585819396226601
44,-1.0204144741888916,0.8508390581078527,1.1419904614475112,1.3399876951075365,-0.1999999994134498,0.0750518914549309
43,-0.981290649066446,0.997739626657951,0.9610494124379496,1.293574758077055,-0.2000000032268961,0.3573343381665237
35,-0.6491950683167015,1.6385578162985783,0.9374551335957388,0.9029696202806016,-0.199999845708295,-0.2876241254118023
6,0.0272349175619031,0.2303653480585585,2.278877013423715,1.8046296560265969,0.1999694708802156,-0.0741338955793952
3,0.0779812639244519,0.2144289925281724,1.582131396108542,1.5708195068002186,-0.0685030989594471,0.4500012586609211
41,-0.9154428573283996,1.1734622793415108,0.824406043687139,1.1267863742962962,-0.199999984284333,0.2550263741859321
35,-0.6464857388215967,1.590764408393775,1.0236621854851946,0.8283460144668384,0.122266167465067,-0.2647613884471639
11,-0.2104286674369738,0.806700743718944,1.7515986310925822,1.931649791220344,0.1999442069185178,-0.0662112306415902
31,-0.3914818430101739,1.949807924929948,1.4726390103485922,1.2114781223947677,-0.1999999330279925,0.0737845815416884
26,-0.3736614464672082,1.9574412823048688,1.136455108472381,1.4769139436247327,0.1999340394634786,0.0714953679423551
36,-0.6951927562341971,1.587085179223379,0.9383807676520686,0.8735655607893007,-0.199999911376069,-0.3451879452183446
44,-0.9885452131989988,1.0171053044790963,0.9916463578435292,1.3797310587492266,-0.2000000089813298,0.4993274172016669
1,0.0332873538875201,0.323764613088232,1.6402124325421197,1.5470185249045003,-0.1986163453560632,0.3518016721606523
28,-0.3258663878331699,2.0811918618491183,1.488842129245242,1.2807378867023602,-0.1999909398096915,-0.0162255637496224
17,-0.3459485662121012,1.2803519965954548,1.5774866262599598,1.7060556918464116,0.1999709553014856,0.0710647819778594
23,-0.3877687333023085,1.7418510806336285,1.3685855093088488,1.5570584892360375,0.1624199436248387,-0.129037688090507
20,-0.3355596587086318,1.4677055720665686,1.5581179792669158,1.6398801660239946,0.2000000096634273,-0.6306864030775432
19,-0.367923069953506,1.4234474514132416,1.5379813014021622,1.6671169000940784,0.1999223102454508,-0.1718921214360036
21,-0.3491434492761914,1.5231645914278844,1.4594374942269663,1.6152783810521036,0.1999449563816063,0.0806513201817179
33,-0.5919668234664026,1.7385371662767444,1.070734934010778,0.9118380966959084,-0.1999876340888816,-0.074345503394006
9,-0.0598944145175431,0.565395306495265,2.027755891033684,2.111473676314829,0.1999510784339942,-0.2717272112611935
44,-1.0067160947668763,0.9045975278758772,1.340733959621515,1.345335960825767,0.0185995695881452,-0.1292056729812964
12,-0.1823063455217737,0.7429373749968156,1.8058043252672853,1.987640985128203,0.1999773647089736,-0.1495573897862389
7,-0.0018386008557625,0.3168236450881523,2.243518297621284,1.8320177434772569,0.199948533969109,-0.1088595510532959
29,-0.3573694932473504,2.012651962857617,1.532942384844005,1.2321771772398986,-0.1377000700383336,0.0958566932939426
21,-0.3012677930424429,1.4899738184113598,1.6197570665415864,1.830241232695825,0.1998308883451532,-0.1759926282859597
30,-0.3667977520581614,1.9726266331365403,1.5491594692732087,1.192053286754882,-0.1999862452250427,-0.0069085702992736
3,-0.0471190380048243,0.306273063838393,1.8541485745745063,1.3400662882936072,0.0836917293690447,0.2051214024782838
32,-0.4445308184936824,1.8430924622852145,1.3278628150608878,0.9277152851100616,-0.1999950869135046,-0.4407066960864126
32,-0.4509490392458417,1.8085733928528973,1.4471677905556302,1.0146622081295853,-0.2000000078320528,0.0401267534093927
0,0.0555555555555556,0.2833333333333333,1.5707963267948966,1.5707963267948966,0.1425646116915318,-0.2481519194466702
32,-0.4330345762532446,1.8522668057680387,1.46590888971952,1.066155666226719,-0.1999733638066252,-0.0342332698497785
38,-0.7878576475272809,1.3857029922798052,0.8527038330819945,0.9620017943779232,-0.199999910974557,-0.0269183305669115
25,-0.3985880049485185,1.977128342470778,1.2499858225372176,1.4742839993717056,-0.1999968932397196,-0.2824598883035072
9,-0.0394951927152069,0.7206297557316365,2.1070956430074315,2.0489941759855235,0.1999698669403623,-0.2265454285941322
8,0.0183775170385079,0.4389979589227065,2.246963977902761,1.9466717813536785,0.1999728854097116,-0.1490890611283278
18,-0.3658142852427886,1.356387208912646,1.6235502190920563,1.6411435756299395,0.1990849930410646,-0.2803373661072516
4,0.0052696785678935,0.1183976873791718,2.15363904933003,1.324462259582316,0.1352138525693212,0.2020870551238975
36,-0.6921100360289928,1.5798094764071138,0.8421177762236933,0.7851460047968506,-0.2000000096666885,-0.1292233350526795
48,-1.0788534069955775,0.6698986615122187,1.7356968531992774,1.082911629378194,-0.1558699502842842,0.1827680902512239
10,-0.140624662045219,0.5817979639874571,1.867293687710276,2.0638798977334147,0.199973323358651,-0.191144089127239
8,0.0361753242437068,0.4170811783201723,2.281095430397736,1.88913939464378,0.1999820123547014,-0.1349767165346279
17,-0.3109715250615508,1.228189350010418,1.611061294331679,1.7798374235162062,0.1999767245625001,0.0734684571104189
22,-0.3399562617404734,1.6788655504316703,1.401280985274587,1.6162174511856298,0.1999122305072573,-0.1486249060799072
5,0.0562928079742177,0.3530772034444208,2.142431848743234,1.3819261852262634,0.1983205213763573,0.2130943987489932
30,-0.3635663264305226,1.954866176230916,1.4438579129662852,1.153648735115338,-0.1999857130747792,0.0236974355820667
44,-0.9285946100846402,1.2242533070582031,0.7033474136786344,1.1037332838451432,-0.200000009997161,0.0917401830909326
19,-0.3723947437275103,1.47558949279974,1.5111721577730517,1.6748731237846946,0.1999315206725599,-0.2134615394418998
16,-0.1617532510107617,1.1235677850612704,1.831121859201465,2.031872093283204,0.2000000099678645,-0.2483704592001842
12,-0.186816162743397,0.7201358008700369,1.764715322354112,1.959560827253391,0.2000000099571506,0.0562527191893096
21,-0.3626332265380039,1.620474191526274,1.4557885843026035,1.597170023843236,0.199881692693408,-0.0318585235102805
27,-0.3270923987867193,2.0394298423884307,1.1996655548599104,1.3704397873414478,0.1999704617940514,0.4308938571219374
21,-0.4041520268742254,1.5429203639576798,1.508343392112527,1.6542578567878583,0.1325747458750794,-0.0405375753109116
36,-0.6696145529232482,1.5123425632060463,0.8970894488182406,0.8732276307317948,-0.2000000078865982,0.1132989600719914
4,-0.0550390480531917,0.3820310921806282,1.6599077573653798,1.5494075273893428,-0.0610798244378505,0.503308475279878
10,-0.1350271888957315,0.5404825907193453,1.814652488627706,1.9701158243377568,0.199987383445708,0.0926887013379887
10,-0.0622275631285697,0.5843799097519867,2.0161396088686327,2.045735860042483,0.1999794908560929,-0.0997829739978499
23,-0.382021470517878,1.792044027731633,1.3236279162254672,1.5362864093075623,0.1998735098708212,-0.0645039600935174
23,-0.3762600884343094,1.7089430078498438,1.4064200046148638,1.5967126607109867,0.1998663901526107,-0.1546240924748876
3,-0.0322614918313867,0.0612795596625486,2.017220369794892,1.1906640840385525,0.0744225653554502,0.2061369054622557
3,-0.0779336756816745,0.1604528838430454,1.7425231924888234,1.5110217372444603,-0.00182240492115,0.0876440299623542
1,0.0551669660126281,0.1343849406960676,1.7148249010231833,1.517525963886727,-0.1999522482625035,0.1939546558239187
20,-0.3626835784794854,1.47220313399703,1.5458108084884028,1.6703619895488482,0.0944910811791641,-0.1139074982579694
6,0.077120166222076,0.3210811631109497,1.5451451177385191,1.5586824360921774,0.0637065162113264,0.6473806548404013
21,-0.3559707583761297,1.5119725285803878,1.5612911126093092,1.6838923329201605,0.1974500745119871,-0.2771655901569759
5,-0.0381184808234184,0.1515352632150227,2.1460881243136267,1.3476081843130243,0.1997199001096665,0.1242373867808046
37,-0.7753483350709679,1.4440937016336657,0.9127439970176804,0.8565320558973993,-0.1188479151188818,-0.3703297732366376
7,0.0835475302057784,0.3056810844456537,2.1200086717593454,1.640029845369589,0.200000009957183,-0.2791619878674105
6,0.0808304717966628,0.3869068906111927,2.2871403797206025,1.7280232202992591,-0.0867566981541641,0.0982931473911916
7,-0.0502593063061864,0.263956173426022,2.183482845374618,1.5249939400675625,0.20000000995566,-0.4335470875209656
48,-1.109367333740833,0.6030630588858931,1.5903431019422154,1.138944804498787,0.008838808430367,0.3524391071426637
45,-1.0157632151624312,0.8594383229545622,1.2252177122774492,1.4355059995105404,-0.0823723924376633,0.5096487912471519
10,-0.0916118806355461,0.5066541772606096,2.0856480273094515,1.8148746144529309,0.2000000099553848,-0.3605795329161441
8,-0.0346499852634723,0.3962585665683065,2.1944631497052054,1.99074490357164,0.1999476828393556,-0.3756857865137447
7,0.0579875444251056,0.3325701500414663,2.262056515480568,1.6980841770752098,0.1999863561170354,0.0210469586019272
4,0.035258791622487,0.1742821662319696,2.192379162707601,1.396182142499096,0.0110717734959074,0.161980685131934
33,-0.5180986101251838,1.752493341232165,1.1547389375653605,0.8547364031374872,0.010335561210797,-0.3747289829014986
1,0.007860763960012,0.1157067512404872,1.7532371143486838,1.474396777313549,-0.1999583506040828,0.35712888913331
14,-0.2198072761772994,0.9460301592300038,1.7245312318029038,1.9665259106535056,0.1999826580068995,-0.0944450745431976
39,-0.7216185236063601,1.4375545197124524,0.9468481178071836,0.95593900350846,-0.1999999857620769,0.1235480891206982
36,-0.6477284005567487,1.616438913005058,0.8894797722485404,0.8009064694011838,-0.2000000095538205,-0.2130985901041684
9,-0.0359123000086097,0.4738305203755818,2.223556780317102,1.976652952335331,0.187128141116354,-0.5060543132849928
43,-0.949620984369163,1.077222193344096,0.8345552096751074,1.154216623264484,-0.2000000081414875,-0.0116366720998293
25,-0.3932542114361588,1.863463894666692,1.4937800588693957,1.566192452906695,-0.1947563147327952,0.4876513775598551
7,-0.0936133152000093,0.5004265132627501,2.1312816171583275,1.5670980717100709,0.1999057352379982,0.0015764413838578
9,0.0805830192909918,0.4925181318728539,2.178752419599567,1.857651732996286,0.2000000099596612,-0.3290637587568384
28,-0.316838067007648,2.0773357957253014,1.4405937316503865,1.2240124399701926,-0.1554951551823591,0.0547595850660782
18,-0.2298555157915224,1.4018994276604706,1.73516928876308,1.9354354049796727,0.1999454639503861,-0.1514483171315165
11,-0.1751400105526385,0.6615683531505896,1.814436495016805,2.007766024477493,0.1999909817071251,-0.1727794257982825
0,-0.0333333333333332,0.2388888888888888,1.5707963267948966,1.5707963267948966,-0.065248876132601,0.1252489774661425
0,0.0555555555555556,0.3055555555555556,1.5707963267948966,1.5707963267948966,0.1093553750127474,-0.2786924059109126
46,-1.031740633809194,0.7180701051015446,1.4510428431120257,1.3475192114475858,0.2000000095969253,0.1724539013868923
40,-0.9442370646694284,1.149883217475092,0.7745745439185895,1.2021963904519473,-0.1998089650107641,0.2197852463028121
38,-0.7466809549086462,1.4821209291772155,0.8341007272838112,0.8730886819657669,-0.1999998935181583,-0.0657187878438448
16,-0.2138552815861771,1.089339949243429,1.7090482051160674,1.9412324033998007,0.2000000099503242,0.0916762935700337
38,-0.8072839971506308,1.443010941204321,0.7450690428402762,0.8544216872100022,-0.2000000099732404,-0.053781559665835
0,0.0111111111111112,0.35,1.5707963267948966,1.5707963267948966,-0.1993020561145907,0.4129433269416733
28,-0.3427151244752753,2.060444056963612,1.4482413544751882,1.2825884015133433,-0.1824135280500452,0.0766985265039179
13,-0.2191309526914629,0.8469949089108704,1.6926016668465476,1.9123583626015643,0.1999788038709033,0.116158909809984
43,-1.002724424485917,1.0784319037908503,0.9539785693075996,1.2960542806791768,-0.2000000091545458,0.0646140331424689
0,0.0333333333333334,0.2611111111111111,1.5707963267948966,1.5707963267948966,-0.1999421749747252,0.3726202475038699
8,-0.0119308628479683,0.4155472728148394,2.2492056796934943,1.9095659805880696,0.1999717565442286,-0.2120898519512277
18,-0.3389146536611771,1.5179662450270683,1.5439183831694714,1.7314008552014564,0.199116359699623,0.0008384991331532
33,-0.5068024757189257,1.705745166162042,1.166378771015678,0.90929240767577,0.1233598387994169,-0.3253073310993861
24,-0.3701465642251791,1.8790527050260872,1.2583659971740584,1.5267943630474667,0.1758239178677895,-0.1517952049987455
17,-0.3580308833125697,1.471663704318242,1.506144174435411,1.7056949435810942,0.1995356770478941,0.0155284108723402
0,-0.0555555555555554,0.1944444444444444,1.5707963267948966,1.5707963267948966,0.1331731936600837,-0.0938280440611772
4,-0.04922472263006,0.4185682123202823,2.0820537293937544,1.5431372949643876,-0.0785797615325032,0.2556609997053646
28,-0.3578353685740315,2.04300291894208,1.1908317926016192,1.3867035479663057,0.1999963946562941,0.4352511647815559
47,-1.0460478928217796,0.7500050824136041,1.3333815970657596,1.356195370605076,-0.2000000097828797,0.5956396726506529
5,0.0813961595746846,0.244869339771892,1.8991925005470824,1.4953904121946278,0.1988085529133815,0.4410464161597913
23,-0.3764092028948914,1.688582869155829,1.3671361545251737,1.5312198652289202,0.1999437052674551,-0.1350055073923023
11,0.0468916455116158,0.7490718124361874,2.074447506168161,1.8548403789588528,0.1999840241855875,0.1799698331842559
0,-0.0111111111111109,0.2611111111111111,1.5707963267948966,1.5707963267948966,-0.1997879936095705,0.3904692733760072
21,-0.3425047041717818,1.614289114214339,1.4813472675767283,1.6374792596597414,0.1999762912546524,-0.0183452779924945
14,-0.2292411681921343,1.0492765849168992,1.7341320859876015,1.9645710707525164,0.1999646936404686,-0.1143217517950752
2,0.0427588564853567,0.0995960632328193,1.9238671223309376,1.3187971007505614,-0.1227614587865236,0.1435563567995066
2,0.0247786169439249,0.2305211553715868,1.94357788661984,1.3484026587757203,-0.1314100700773141,0.0555006442722488
24,-0.3651078520037883,1.791976800276475,1.2302075344554797,1.669657721696273,0.1999538655613646,-0.064116539533458
26,-0.3324528906554476,1.9265200409228564,1.238182564326797,1.4455892927775669,0.1999984879048522,-0.0377662501446098
1,-0.0123438604176126,0.2121356678146061,1.6949146846917014,1.5149912061567403,-0.1999080187967469,0.2833970752583281
30,-0.3905944156237061,1.9594120122728311,1.5002273070302348,1.1885390876246398,-0.1999695656594435,0.0316108811385382
0,-0.0111111111111109,0.15,1.5707963267948966,1.5707963267948966,-0.1998254647636364,0.3758563771520235
41,-0.931596361908006,1.2002163335122686,0.752332478698432,1.2385601050521364,-0.1347148224305527,0.492547740345332
44,-1.0168107796012962,0.8594238210348696,1.0712676465944724,1.4182723472565797,-0.0606367677431861,0.5467400835105688
23,-0.4061877056513567,1.7300842920806057,1.401551586636577,1.5864655461101915,0.1988243781843704,-0.073697169536925
5,0.0324937291481509,0.2485066627951273,2.1681341166284422,1.3723047690830728,0.1999228669941253,0.2014027430428537
11,-0.1956433159484502,0.6741724680889545,1.7624667900969797,1.9978001854919527,0.1999664175031129,-0.1217518508898815
39,-0.7907125791752373,1.3716540910899944,0.8290592181172709,0.8871431709880053,-0.2000000091592484,-0.04839511159172
32,-0.4740315377508844,1.7951878451051058,1.3361235506790976,0.907160993432757,-0.1286995791994694,-0.5076782805458993
20,-0.3634386628399155,1.5097109111558364,1.5383088077094893,1.6944103693665924,0.1690489070557995,-0.0620081374329189
27,-0.3852283124164913,2.0589359177345736,1.230560933300529,1.4164849169703952,-0.0244414833891608,-0.2704821794978803
13,-0.2155618848269944,0.8540446075542516,1.6977677355196814,1.919270128266024,0.1999816123005707,0.1168756495033161
21,-0.3766324955056734,1.6437607399564769,1.4266239778601504,1.575836569178081,0.1035605414862034,-0.2004035440713587
49,-1.08370237608011,0.6693192792888908,1.4633558011290173,1.2624940890009562,0.1630804668041464,1.158423576422994
32,-0.454299400726636,1.8445681015024216,1.4589400942850723,0.978347945971783,-0.1998755141183171,-0.3293126513286192
16,-0.2975333983026422,1.1133157109918583,1.6080949241903166,1.736746938997602,0.2000000099460943,0.2108405709209933
9,-0.0573228212331346,0.4825468980271521,2.1168455571021294,2.023095853991216,0.1999830402698701,-0.4139391512430729
0,-0.0111111111111109,0.2166666666666666,1.5707963267948966,1.5707963267948966,-0.1998195127796614,0.3687586467419798
16,-0.3153177326747883,1.211233214652023,1.649124345802937,1.788209845032556,0.1999679652283592,-0.2385448592662339
15,-0.3034034478395523,1.1470168770255749,1.637864545979772,1.7984163845379424,0.1999925577869938,-0.0436299594875516
12,-0.2375417617596084,0.763893209786899,1.6980445065055432,1.9293052542343487,0.1999706613961944,-0.0342297319045973
28,-0.3234164883737455,2.147810394993249,1.2777066426959376,1.3680416437307863,-0.1999999764412216,0.2306490236212689
45,-0.9856821740771334,0.9669698208820672,1.0011640163746218,1.3575077980156982,-0.2000000099618164,0.5375721474561738
23,-0.3851119614214198,1.7639928613745235,1.3504070016231875,1.5493093027646443,0.1998969643070119,-0.0866915493340745
3,-0.0782391604770009,0.2728983124517268,1.5108961100366454,1.5831998432389454,-0.0817057444794041,0.4849244818897218
8,0.0609413308238228,0.4518071069636813,2.3914642664349866,1.6891663667534995,0.1999759839976118,-0.121574264624872
29,-0.3603583350579598,1.94406944445993,1.1918451795962195,1.4898953672720705,0.2000000032931655,-0.0127603754934286
24,-0.3924344212521053,1.8132532148823648,1.349890579530273,1.554943666734336,0.1732373450389114,-0.1545696540388869
38,-0.7835972822370284,1.4033679897612068,0.906286498221939,0.8773213807927314,-0.1999999865924412,-0.3380316357069161
10,0.0289262417961314,0.5945296216929834,2.179406470662913,1.9674328125615468,0.1999957115484562,-0.0997169703019895
43,-0.990101079314606,0.9963827055926122,0.8617916450175249,1.3141633420125631,-0.1999999799321692,0.3483058615665959
8,-0.006138142711079,0.4891809275213241,2.1771800304439406,2.0018272725101456,0.1999842148264518,-0.1487413466256287
45,-1.0386668511640986,0.8853804074062664,1.151805074014936,1.4292991469835177,-0.1724218256522776,0.4287408923735461
40,-0.9072644445257592,1.2463355845046264,0.6797420982367526,1.1253211784599937,-0.1999998915424484,0.146752218984452
10,-0.1245383759712801,0.5278829225391374,1.9715930270638804,1.8375251622761195,0.2000000099932928,-0.2355249654528806
0,0.0111111111111112,0.1722222222222222,1.5707963267948966,1.5707963267948966,-0.1999402509556365,0.3794902419806801
25,-0.3476820699978607,1.857388297643806,1.2418988282468657,1.5280822709889696,0.1999805214461865,-0.1437616806693291
10,-0.1395725509345043,0.6258928114457406,1.8938534064826111,2.028425557515765,0.1999315194295764,-0.215785768800782
45,-1.0460606060788864,0.8763690569332788,1.255471789338861,1.4365046193702606,0.0269017693534397,0.2785532875079817
11,-0.1490929504142452,0.6010854128556382,1.842687447616134,2.016819756263065,0.2000000099561996,-0.0826381731171098
17,-0.286525100167158,1.1941024371119149,1.6187577183034758,1.782040352366408,0.2000000099604577,0.1813491884656282
28,-0.357089096953362,2.061751161739121,1.4016457992282252,1.2925539576710854,-0.1481936549523901,-0.0011423597402417
4,-0.024893132899877,0.1539224812754811,2.120057382681642,1.2418692054488722,0.0217195953791699,0.1479620300368873
22,-0.34277259074685,1.654193540070698,1.4248571480300765,1.6310012600924286,0.1999584605488429,-0.0714909751004171
9,-0.1388838173912582,0.4995255727486267,2.020539560416017,1.9007915471649897,0.1999105348918364,-0.315595654222052
14,-0.3074068121376316,0.9066052078079389,1.682574146487985,1.866924540686227,0.1999946888685602,-0.1154877338182548
15,-0.1323255306661476,1.0186332798255882,1.828177829333816,2.0378333687878065,0.2000000099550888,0.0478621714644407
45,-1.0590538518008594,0.789740663359662,1.3861387754466872,1.4121638402589056,0.0249988735009007,-0.0148586473388645
3,-0.0025408514654901,0.0674206708376734,2.078689024844442,1.2536002470843106,0.0594016137894522,0.2012487806259903
5,-0.0261277624423254,0.1768915700191777,2.2579403604057173,1.5498788427383523,0.1991866059319454,0.0400234488913341
14,-0.2514590955308314,0.9150368317019052,1.653962873914514,1.8405420917849329,0.199997862488141,0.1652335223266357
14,-0.2920779258037135,0.9885283567981428,1.6662723431971411,1.8457789262038344,0.199979490846449,-0.084986332781257
6,0.0774613881442895,0.3532909801147518,1.5498630898681025,1.571435608771794,0.1266007762440051,0.5616542320805379
20,-0.3649760502826093,1.6848381479982522,1.3940637781088687,1.6219591027441551,0.0783469813787837,0.1076303665315975
17,-0.3350639406601005,1.308270776908191,1.6082910700377564,1.7544870329511335,0.1999621221700046,-0.0666686477916848
24,-0.3987102609750902,1.8164021632223109,1.3464367921140532,1.5493920086737314,0.1192939444733949,-0.1700906194394701
10,-0.1560801151737426,0.561509794900444,1.851036922135625,2.040940391933816,0.1999697588131131,-0.1783657145847476
31,-0.419181155859374,1.8752637164067447,1.3946118737247328,0.9599166878887084,-0.1999087709444847,-0.4733087533367311
5,-0.0819657735865199,0.1402443788197915,1.9746334376421315,1.380689127110446,0.1809104485383019,0.2666192502172587
23,-0.398811967522744,1.7944048168006643,1.4930047868427376,1.5799574025649452,0.2000000046944501,-0.5615385164342934
18,-0.3091904964215599,1.2681223507192645,1.594524924704109,1.7532299118834818,0.200000009971334,0.1841802128037598
23,-0.3473731322883575,1.700992861429887,1.3983404460039477,1.5980702986337598,0.1999898059396004,-0.2122913426538366
17,-0.1817516827153609,1.2904609675986252,1.7917847308006625,2.005160453780955,0.1999932162177459,-0.1496677505295542
24,-0.3716988180250172,1.861292116371833,1.2872558655825,1.524434762058133,0.1980497813399692,-0.1603861542781118
41,-0.9169365822683212,1.1652829164332708,0.8420563424613814,1.1402524274320307,-0.1999999854418213,0.2810567963799196
42,-0.974544188933086,1.0279614019868415,1.035848703998662,1.2676402459659115,-0.1999999875631123,0.0085430260223513
20,-0.4006451937036721,1.514366397260687,1.5055393698301651,1.6421698604942851,0.0762611281305178,-0.0392028134195974
29,-0.3909348171563498,1.944419860810083,1.40788486140338,1.2474008620327564,0.1999405500609548,0.2474860448153261
18,-0.3070314057018611,1.3635316633172894,1.591236540177141,1.7330089140238232,0.1999580767031209,-0.1862049284201976
26,-0.3710242239196926,1.935990205026603,1.1809525909509997,1.4850272689268589,0.19996321592706,-0.0579580546561712
40,-0.878973903219205,1.24514573025163,0.7042791369047503,1.0197226600046871,-0.1999999433400533,0.2046291906743744
46,-1.0486174004559956,0.8246820946317703,1.2426126720991473,1.4422813518475863,-0.1578147571490936,0.5199577850393782
23,-0.3817105270121607,1.6599102007330966,1.3624561998764555,1.5874790988596383,0.1999702282029737,-0.1369955276112961
2,0.0780996086874893,0.3496074121872911,1.6351386765625815,1.55428804655281,0.0215212070369123,0.5416512179409368
5,-0.0468652764770995,0.1043182669792235,2.120096162953649,1.220273817805411,0.1999725148251457,0.1560824698657405
27,-0.3547366925163066,2.065206797161969,1.3812676156547408,1.30272642891708,-0.1184227238770673,0.0802756998726356
20,-0.4077144706138711,1.5014704124048068,1.5086820619788508,1.636843885702145,0.0872119434013114,-0.0424855874299511
25,-0.3671487245845282,1.9747973686859688,1.180696309604917,1.4428583679248397,0.1998848188141358,0.0508407163002651
22,-0.3958319330567131,1.6242521566396193,1.4691879312184195,1.6376864298153928,0.1606369702759949,-0.1346650665269999
34,-0.5686271436556696,1.6972327448065356,1.0405507097628457,0.8233225766168774,0.2000000095887621,0.0040530043743482
27,-0.3510174631420573,2.074642285624793,1.3727183836188654,1.3085217879197537,-0.136916823260438,0.0998701971532503
22,-0.3926823168795867,1.7891784213131183,1.489113156744514,1.5911561966898886,0.2000000045451054,-0.5178470314565776
47,-1.0151140167311254,0.8035666203292385,1.3020223351803164,1.3977782193480852,-0.1833787011255564,0.266502872175492
47,-1.0079974591669056,0.8997383739794186,1.0061827758934836,1.3281704693548269,-0.2000000099900873,0.4604362642314015
29,-0.3778858046952258,1.9999956233705287,1.4507763470199446,1.242410691176904,0.0725360614049069,-0.041234443942157
23,-0.3663201110468909,1.888808670337464,1.3413349511709551,1.601486420598382,-0.0691901506310048,-0.1625862905412115
40,-0.8992383997196186,1.260804148804005,0.656159483519708,1.1167961647380236,-0.1999998946860493,0.2068647737092244
28,-0.3733231207113469,1.9833442277980595,1.4854544783618788,1.2120877228227294,-0.0215955509261114,0.0575313596071935
48,-1.079296486395292,0.6806337408209752,1.6042564931002,1.2653008336077136,-0.2000000099539841,0.3124684075006911
33,-0.5303460482279789,1.699178469690797,1.1344989436354975,0.9026106257175986,-0.1408739443198578,-0.3365374705716624
27,-0.318291763567247,2.1398608398546823,1.3627990155768313,1.3248456635277863,-0.1999131753574863,0.0740759182859007
12,-0.2469400399475365,0.9437269383977944,1.7167480746891837,1.8865421428664075,0.1999095397562149,-0.1214078307742291
49,-1.0912022850802798,0.6031855162794544,1.7599454433124135,1.018899878845411,0.2000000099702913,0.7019033397188159
15,-0.2879802752790653,0.994641260288514,1.7025705883887152,1.9232824111830904,0.2000000099491241,-0.2461814742313722
22,-0.3535418152191575,1.6738871302006315,1.387816974022661,1.5683996580400197,0.1999098087364116,-0.1880541680176319
16,-0.3416040176429606,1.1863057776498471,1.6220034147289135,1.7459117177327477,0.1999700514177395,-0.1897269839309393
11,-0.2069266155388939,0.6990315053585956,1.7368125329401831,1.9891817921111328,0.1999534265780815,-0.0957735474141563
5,0.0093871952998275,0.1341360566071764,2.239818261065756,1.318914529239377,0.1999478264287196,0.1260275826590925
35,-0.5537798138457874,1.6768110533274636,1.1325804191317896,0.934271178824933,-0.1999999294438099,-0.0291812446572894
12,-0.1233649405620102,0.7438043469557886,1.841606312492166,2.057655551667056,0.2000000099547646,0.0347473234077499
28,-0.2942485596573438,2.145653247402868,1.3906084756043295,1.2808830487890863,-0.19996402827585,0.2199168169508685
29,-0.3651419760449435,1.9740132533276304,1.4595582470451016,1.2233537117290616,-0.019288039889435,0.1437192994473274
17,-0.3001528143285858,1.2527259910892934,1.6039189221945147,1.7506302451090916,0.1999749210183931,0.1289961972683586
23,-0.4530939113342214,1.6732851426466118,1.5180273922767975,1.6836815807483607,0.1999801784513344,-0.0870694863913889
32,-0.4561510505007346,1.773343131929352,1.3676935407009465,0.9455859790412392,-0.0662164863560511,-0.4878886787016749
24,-0.3675902377478334,1.816760570012747,1.3006976643456571,1.5892085155601996,0.1999153570329727,-0.1100292677290697
2,-0.0298328000445159,0.1743534559586163,1.8855612138893945,1.2896063512839615,-0.1706785924449219,0.0344492990505574
26,-0.3715286972685769,1.9688973362343205,1.131680921712194,1.4725579598423038,0.1999308042499687,0.0859396314611904
44,-0.990919245134084,0.9418152595457208,1.0550351897862296,1.3723176773557133,0.159690345764854,0.3277745368760451
20,-0.3814154885511852,1.5029632030761235,1.5050039115038256,1.649704370176232,0.0923343815319383,-0.0523245952274423
40,-0.8375030475788664,1.3075644916751656,0.8026168933745961,0.9418850947134368,-0.1999999800371147,0.0155934211278731
36,-0.675499828005063,1.5470474008355504,0.8806609791922515,0.8818942280400012,-0.1999999917445925,0.0908685532866922
36,-0.69796608673964,1.494756891361955,0.927583591141973,0.8693879861179884,-0.1999999081759455,-0.0237353903861518
0,0.0111111111111112,0.2388888888888888,1.5707963267948966,1.5707963267948966,-0.1998291862253509,0.3998157720713477
4,-0.0809100503890338,0.0609959707233384,1.9862795333054404,1.1805127073577613,0.1999380191476813,0.3479036159509053
31,-0.4097173307647936,1.845289579282863,1.514211573698793,1.5446378281516142,-0.2000000099350871,0.266305519254869
42,-0.9165337725290116,1.1776963396219255,0.6940692822125296,1.130911753823204,-0.1999999501892743,0.3783097886768243
33,-0.5140188255659783,1.7430583566491875,1.1587052935404127,0.9158644404324796,-0.1999544974379051,-0.2196938405068681
19,-0.3090326233647203,1.4233432989111272,1.5527227381852011,1.7443147920155335,0.2000000099933064,0.3308926876072168
14,-0.2675394854135806,0.9027714392389584,1.6549343625691275,1.8478650771295164,0.2000000099932446,0.1028139438354422
0,0.0777777777777779,0.1944444444444444,1.5707963267948966,1.5707963267948966,0.1724183780960599,-0.2241122916277018
41,-0.9585131287087788,1.1176984965796284,0.8056950108850369,1.2701854876358214,-0.1999730191397221,0.3545397840207785
14,-0.2417074640245929,0.9413835559455312,1.7156032745712448,1.9151102412392216,0.1999918883943041,-0.0879916120395959
0,0.0111111111111112,0.15,1.5707963267948966,1.5707963267948966,-0.1998419802877769,0.3802298303769299
47,-1.0298523952783905,0.7255526442802954,1.4223290207472186,1.363429099678084,-0.1493729565518018,0.6609615937427511
46,-1.0494562641171166,0.7407630584487045,1.4559811456736664,1.2810155603150744,-0.2000000048072079,-0.0070550716446839
27,-0.3069798501149131,2.0981880899871994,1.3048828924682478,1.3089837973919367,-0.0295793620419005,0.3332283464628597
49,-1.1043638158533438,0.6039932110030628,1.8345138157673933,0.8643664938860385,0.2000000099681041,0.5395265007104093
20,-0.3751060951338015,1.4673154811336808,1.5437706569817404,1.6425242229992536,0.0754496753018324,-0.0894474778541197
38,-0.8592848278886678,1.3899248696748665,0.6610033857312541,0.9152815656720608,-0.2000000095201955,-0.2069307421653091
41,-0.8856504597755818,1.3528781380112536,0.6535838926818709,0.9660981056026215,-0.2000000099230854,-0.0915400546773362
11,-0.1710967827571103,0.7982483037837601,1.8051354820516448,1.9449199696925108,0.1999508680742257,-0.0459146983317151
24,-0.3482824411822976,1.793881476530636,1.2979588183250763,1.528089644803863,0.19999032653508,-0.1831955638355814
35,-0.6103999685973983,1.6556210738055868,0.9439437585559228,0.8071227464675601,0.2000000090342247,-0.0571251382711382
41,-0.9079629348386618,1.1703352162257477,0.8362139883127551,1.0703864836824863,-0.1999999902994373,0.1145763736935618
30,-0.3812826112575278,1.899023223381472,1.4751314530756812,1.0998611431162977,-0.1999970807686724,-0.1200780691428228
30,-0.3703657703575994,1.9562569424416936,1.456880253800426,1.0772665028917583,-0.1999743882687395,-0.1909123029959163
6,-0.0067423050946132,0.2386924827267008,2.2091582799938063,1.6136533867066956,0.1999610603207195,0.0554870280699667
8,-0.1027826197058988,0.2639537478202395,1.7402294176307065,1.4814709859482529,0.2000000099801051,0.3435377507356689
23,-0.3481916880870513,1.695438522139373,1.4103594804790358,1.5965431573270643,0.1999700792108977,-0.1932911236085631
22,-0.3802955729732762,1.8141210251668407,1.3773975493994095,1.607348672806301,0.1391012706087293,-0.0064331685747071
7,0.0147181773107253,0.3024410177511838,2.243584451326404,1.6628316900901992,0.199992586053083,-0.0003328849607189
44,-0.925093635758286,1.1618004366452868,0.7761106426503996,1.0637343419115477,-0.2000000099906339,-0.0590748672409207
37,-0.754105874107222,1.5162357910697282,0.8776007565346102,0.8843484685770618,-0.1999998866962482,-0.3105957248581463
4,0.0554603019821246,0.2704200628518873,1.5645781020310263,1.571394864871663,-0.1354823655506461,0.5014153546859954
28,-0.3352322654976818,2.122581444092621,1.3536875749977004,1.3067935674870428,-0.1998842666232053,0.10283590349181
2,-0.0560065959086277,0.2076268760596868,1.7024020637061934,1.5209864016707415,-0.1999630330836679,0.3104480872423066
2,-0.0408994945051872,0.1630988797080033,1.8622183362629752,1.3923223175394777,-0.1997203369663414,0.1413158587862697
19,-0.3300423204052706,1.4305743059100031,1.5682145627823214,1.6720742118025629,0.2000000099934021,0.2899360891327374
20,-0.3622155955166125,1.5665925286671445,1.488803100832973,1.6960553502539266,0.0520853046250494,-0.0655246598231374
1,0.0556582266403691,0.2581049515355413,1.6057500104096274,1.5606046329016423,-0.1998711581278331,0.2225070340097091
5,-0.0090377209829638,0.1756055045492901,2.2268315638091902,1.4542635317958232,0.1995193071597145,0.0592452662304842
8,-0.0843041623730247,0.5385156309438528,2.071637817719255,1.8883666938763464,0.1999757939645103,-0.1247452707834326
0,-0.0333333333333332,0.35,1.5707963267948966,1.5707963267948966,0.1665577452238654,-0.2034687251757179
38,-0.810277028926846,1.444265081251772,0.7361492897060256,0.8526025061500556,-0.2000000099761916,-0.1380731384937267
36,-0.6839047134163596,1.5013426743031864,0.91226859862474,0.8725312773675266,-0.2000000072193629,0.0613469324408498
47,-1.0220088962460578,0.8187814983617432,1.582335842277554,1.3285359577027938,-0.2000000099636128,0.0861614246607174
4,-0.0092160308808315,0.0716790749967814,2.2255069299958588,1.404638116133884,0.1947508425842314,0.1246592898695159
6,-0.0714010109556941,0.1827052745026613,2.16126482287911,1.5956951831790995,0.1999697279582891,0.0015255153573969
8,-0.0163991146130508,0.4115158365889499,2.2034940729525427,1.9756172174605864,0.19997109454035,-0.216391006945162
27,-0.3459492626560523,2.097873824595766,1.3458844209697585,1.314508238190097,-0.1376173646887505,0.1122185224862618
0,0.0333333333333334,0.2833333333333333,1.5707963267948966,1.5707963267948966,-0.199758804513895,0.2845145501032434
31,-0.4347945542285235,1.796166370663978,1.4538675090905766,1.631427352971086,-0.1907237749790576,0.359787149263001
19,-0.3093521574205984,1.472613067575298,1.5248031705682994,1.8131972015390343,0.1998784382545133,-0.1669355072145073
8,-0.0212115365726346,0.3665341100766771,2.2535006115820746,1.9392027364889333,0.2000000099535725,-0.5363781095763728
23,-0.3520015334955805,1.741922024652809,1.338527568676744,1.542349115664435,0.1999878308922429,-0.1407767943829534
20,-0.3401673849883966,1.641746965119981,1.5158662172642092,1.7488092855339437,-0.1343384139621712,0.0664264059231464
26,-0.3532317599513254,2.017611602865093,1.1077464039722535,1.4875098386677406,0.1999557027227509,0.138734065975167
30,-0.3705644076651102,2.000813323498232,1.466246614719058,1.2024896678668795,-0.199981328790817,0.0611099003957113
2,-0.0408933502392921,0.1543244651579844,1.837598973014627,1.4029971978134277,-0.199776836053041,0.1826547337242915
3,-0.0292386740025929,0.0793320241344926,2.021548614898,1.234376840129364,0.0419468299132855,0.1568371548356743
6,-0.0758648117292852,0.1809304669002516,2.194407806765837,1.5142678989702891,0.1999613564691949,0.0049020272553001
13,-0.2202249359368542,0.8072230101792122,1.714602620401655,1.914391087018109,0.2000000099641459,0.0825645535779194
21,-0.3773599158948338,1.5260126268298808,1.42563747022807,1.601822315201302,0.1278562310901457,-0.0321162531789458
44,-0.9362972262124208,1.1437463601156406,0.7799487962063889,1.0877134453769357,-0.200000009987741,-0.0524212848868006
1,0.0777330276822989,0.3387771412670843,1.561358937123094,1.5732704510540925,0.1623109444602986,-0.2836766066642619
25,-0.3656251710586942,1.985230217394833,1.1780107925322394,1.434235921133634,0.199884013771453,0.0816852944396731
8,-0.0797166794119685,0.4417734183313931,2.117623913162623,1.7437130209724194,0.1999583519806935,-0.0637144103558489
30,-0.3815289084852024,1.9000726279418385,1.4732299717750887,1.0984050842692634,-0.1999877009174513,-0.1212542719591544
28,-0.3724265440384016,1.9880553140997128,1.4788759360697608,1.2220973007616318,-0.0282201643198175,0.0429454442679707
42,-0.961315740126724,1.063005744502249,0.8388891975071768,1.2752342574108304,-0.0332129838656656,0.4192476341237202
47,-1.0675239517958863,0.6807309110421266,2.029485267647777,0.970303138081844,-0.0459731085183085,-0.0963998830752461
5,-0.0487276785118999,0.3559343181253176,2.162006893255983,1.506464878704846,-0.045164314505814,0.1519143804971764
5,0.0093245063845383,0.1882479618925667,2.182964944341455,1.3852096348900045,0.199717196645872,0.0795466992711668
4,-0.0225613283872195,0.18110390430511,2.104522288837705,1.2499927001048572,0.0023951604021252,0.1147282625840824
18,-0.3464001568438625,1.3205419388698731,1.5870813811805586,1.7355561389658571,0.1997849842447644,-0.1413467029853713
26,-0.2981018893729896,1.998696510231469,1.1995004350927214,1.4829968563685072,0.1999999269876752,0.0304870493135251
43,-0.9704451193422888,1.022693355498618,0.9438966001060348,1.2723832404415516,-0.1999999188531855,0.3586703734147643
28,-0.3335130097410378,2.013716167862577,1.4242557483401637,1.245819883304205,-0.0306761560915121,0.1985449851512091
6,0.0787736861452447,0.4089502690448976,1.834615879752908,1.4861290066422057,0.1955292558620953,0.4396706812050137
42,-0.922507637977226,1.2637229103385252,0.7683848413315157,1.099834517416523,-0.2000000099367513,-0.0330177025230027
0,0.0333333333333334,0.2611111111111111,1.5707963267948966,1.5707963267948966,-0.1999421749747252,0.3726202475038699
40,-0.903033630763978,1.2062160495900272,0.7676378988078794,1.1028616426025692,-0.1999960353272027,0.263107275859953
29,-0.3880012776484468,2.0567682515091894,1.5369955385711531,1.2102509498670946,-0.2000000093190692,-0.42686203939979
12,-0.1557742527931254,0.6842300914504713,1.8877482759442668,2.105868825135554,0.2000000099941807,-0.3336570236260962
9,-0.1039883349726909,0.4481834985516351,2.0100303078677992,2.0672864619233104,0.1999993226993894,-0.4068148740887592
29,-0.3290056337325845,2.0399621783031385,1.475911316522632,1.1722875282942895,-0.1999622621099326,0.002485230772746
41,-0.876367288322061,1.2532921337612797,0.7000110084798674,1.013321495973545,-0.1999999835027557,0.1953832367233101
2,0.1000756219584207,0.2041459382877551,1.5710729482260088,1.5721167253692698,0.1506556740425561,-0.196740259555638
48,-1.075829963514761,0.6325107865934143,1.5892316150155406,1.183016079733398,-0.1330412588943194,0.34366028135267
48,-1.0385017304519455,0.6916842760853733,1.6299910033729414,1.2677935524411534,-0.2000000099469818,0.2766231140524751
10,-0.1283573498408478,0.5283748322107217,1.865324166664157,1.944476006338277,0.2000000099545181,-0.0498611944323704
7,0.0996730822157965,0.3640580948529603,1.5484712878849844,1.5779983853072008,0.1999637411496478,0.6406277590700683
5,0.0260268325829665,0.1184784146295361,2.1981432373311858,1.2915417139098382,0.199996073844726,0.1051417824413436
21,-0.3179899978080056,1.5632538101257043,1.5452386225250103,1.799129820873936,0.1999830579337434,-0.0544580412357785
8,-0.0027088423222817,0.4451519208137591,2.265462094047342,1.835396192249016,0.1999701465225784,-0.1477600087833226
11,-0.1703541996996092,0.7720633605205564,1.9028092260148863,1.912290216544074,0.1998765679983629,-0.3407657843451259
32,-0.4606934141544068,1.8214618415158577,1.288689793148313,0.90401383745629,-0.1550369516862728,-0.4679176573553544
6,0.0380062632450883,0.268211759412323,2.3223532820728163,1.6557254711532234,0.1999682809080214,-0.0185536724676587
14,-0.2936196670591077,0.9179888926514174,1.6986572789635996,1.8767022631609231,0.199995194142436,-0.0780312330064779
10,-0.1333988600674593,0.5704740388870841,1.8194830204036567,1.9924169083251808,0.1999717577802037,0.0700212513925847
3,-0.0308166070895839,0.0313866673950082,2.0524884472277503,1.2003438073552846,0.199715650442712,0.3090517318541126
23,-0.387554391725907,1.766806767849724,1.3539771745589118,1.5487271642705365,0.1998661036459582,-0.0748478344321445
2,-0.0778054126951732,0.2577976872439991,1.5581953833487372,1.5746065200492905,0.0400330254680319,0.4933811549609247
6,0.0153038546431546,0.225356548586156,2.20370311389235,1.485232540104332,0.1999700568251116,0.1078231481379568
39,-0.8635330973897083,1.3085666033514691,0.7064962244448764,1.0157823857346364,-0.1999999031224853,-0.0419230747901041
31,-0.4096857672992305,1.8444344150769825,1.5133795189347603,1.5468138158117686,-0.2000000098283373,0.2656481207234363
0,0.0111111111111112,0.2833333333333333,1.5707963267948966,1.5707963267948966,-0.1997800309462382,0.3619618367486967
0,0.0555555555555556,0.35,1.5707963267948966,1.5707963267948966,0.1755353850465593,-0.2895187719520982
17,-0.3232858184715145,1.3163926875189615,1.6418807181206088,1.783227550880926,0.1999679889057901,-0.1752330301544019
34,-0.560782543714822,1.6911147914815547,1.0830650438048768,0.8707574152442217,-0.1999997278134391,-0.3263648744549655
24,-0.3463501204776459,1.8240210322852075,1.2479351545360426,1.5440621876648923,0.1999718946153485,-0.0149103880081154
18,-0.3656507030474138,1.4046561861348612,1.538027630248342,1.6984367027483112,0.1999295107773855,-0.0992282511217115
7,0.0233557522723676,0.4033496761482225,2.237727423259292,1.81294684900716,0.1999850580864113,-0.0080260363280405
28,-0.3284454363843406,2.0258064480955187,1.4182880977776389,1.2525929852972786,-0.0453404219495345,0.1981997073145901
12,-0.2446263262893054,0.8874514947602046,1.7278735126045088,1.9013289233427493,0.1999687080473206,-0.0972546771402781
24,-0.3692425819035168,1.780881964330744,1.3064277255924377,1.5217953549992365,0.1999593268708041,-0.0497503789903953
18,-0.3126051161915864,1.3318392959598475,1.6520656882449982,1.7736564283312586,0.1998740863885059,-0.2660979556824936
19,-0.3503658968979389,1.4320780975275875,1.5535049152707534,1.706544359371891,0.199888245250443,-0.0699067522397147
0,0.0333333333333334,0.3055555555555556,1.5707963267948966,1.5707963267948966,-0.1999049142638773,0.3136719650955606
13,-0.2344741888964412,0.7968104167324748,1.731125027933393,1.9171096440762536,0.2000000099932088,-0.1812219927696531
0,0.0111111111111112,0.1722222222222222,1.5707963267948966,1.5707963267948966,-0.1999402509556365,0.3794902419806801
31,-0.4239005101162951,1.8569041238724235,1.460257920497332,1.0114763780407858,-0.1999772644965891,-0.2141110500289457
29,-0.3624224149995155,2.050160805806122,1.2093665982272963,1.3555327324165458,0.0674094201559472,0.4095022334853763
39,-0.8337917609718389,1.3163439729000506,0.8036231069661346,0.9759240830998618,-0.1999999185864994,0.1094169105566215
37,-0.7473927516314333,1.4436420739368612,0.8555603912707905,0.8839162699939601,-0.1999999227491357,0.0731703249296155
28,-0.3645949150412853,2.037957266364852,1.180059210458074,1.387926482014612,0.1999676717165542,0.3852266853699594
3,-0.0185601511910109,0.0638078976127157,2.073756710686956,1.3148753985011576,0.0240432893517558,0.2135131700434147
20,-0.3382907501089087,1.487362780699898,1.5442331517722945,1.6421363020227415,0.2000000096454022,-0.6198749511660147
43,-0.9328305897320396,1.1982404478478337,0.7491177023336875,1.2093723369615663,-0.2000000099077356,0.4861208539719172
2,0.077682581548971,0.3814983718224113,1.5649146075036864,1.570826240399294,-0.1998693162898896,0.0701587783826025
0,-0.0999999999999998,0.2611111111111111,1.5707963267948966,1.5707963267948966,0.1996598627721466,-0.4514429695096493
24,-0.3796818889949906,1.763737586911363,1.296793112843833,1.5214359662764985,0.1999820015991447,-0.0445330429108916
2,0.0182768060219223,0.1050859886088831,1.884381816783224,1.3220880910302522,-0.1648875226374341,0.1980383706839749
47,-1.0514524698703662,0.8496157170400928,1.293353752293859,1.415261550217297,-0.2000000099963679,0.2722864991181492
7,-0.01568634514599,0.3399486219390883,2.252390260185738,1.741496902967682,0.1999869350284332,-0.0878369317585746
1,0.0312572410576506,0.1505650954956678,1.715834931531225,1.4991906650244484,-0.1993163196621796,0.2284772278718781
3,0.1008865609772073,0.4304991021014467,1.6911153877761702,1.5448387195703202,0.1997776424315431,-0.0860406149456475
15,-0.3214291806949546,1.0002538586503236,1.6561662527408938,1.846005807665818,0.2000000099929901,-0.2233040714250147
18,-0.3388016971098463,1.4236572934312015,1.5798653113332133,1.7649384460467334,0.1991092184953721,-0.1814872292221457
47,-1.057294359765946,0.6997476886033134,1.5738954535361869,1.1973923314347894,-0.2000000097662113,0.1326316625915193
22,-0.3988707721824563,1.6796883522543269,1.4329395676639418,1.6089655832414858,0.1875010154188656,-0.0575803539543805
30,-0.3823254765840458,1.902878647692149,1.471396145471607,1.0913357254701652,-0.1999870356848175,-0.1349764910149215
0,-0.0777777777777776,0.2611111111111111,1.5707963267948966,1.5707963267948966,0.1999151556821059,-0.3097760448230235
32,-0.4294164801650811,1.8475534157291904,1.476978457593594,1.0602788221018673,-0.1999999172071598,-0.3333342915741398
26,-0.330464805324445,1.970886328830883,1.219417386749063,1.4070742654935904,0.1999919063031137,0.1754007772282191
42,-0.947263905128675,1.0889541499991326,0.8349513309684138,1.151665402573122,-0.199999989557987,0.1810099775418091
48,-1.0730423521199255,0.6813411817025711,2.054428615668092,1.150325231147974,-0.200000009927355,-0.0967507014281242
2,-0.0777224451300686,0.2437452870078475,1.7646164084461071,1.506214516064052,-0.1996567935082435,0.3113724608381356
32,-0.3995029646010541,1.844928011140544,1.497990702339683,1.5646429844721634,-0.1191042980441548,0.2465165133091845
9,-0.0416808432741629,0.5518393031775329,2.118506800781994,2.090380376981142,0.1660124106695044,-0.361239536797825
11,-0.1757383389961484,0.5485531683946457,1.7953159819033484,1.9568242688453987,0.200000009996921,-0.0912140721058822
27,-0.3399285523655675,2.101047116255193,1.2303958706852494,1.3511365921877605,-0.0003858497140277,0.2953305721795315
24,-0.4093850629080999,1.7357414957365531,1.4963558661427836,1.5602950593230578,0.1587550469770376,-0.3563340215715014
29,-0.3137352531993904,2.002060130714732,1.1137659000840523,1.5452713255418893,0.2000000099629222,0.202032678579493
14,-0.2313759418118563,0.9415028159526514,1.73195547061927,1.9076855274751725,0.1999818617621309,-0.0894802612839507
24,-0.347636576103337,1.7925779704214015,1.3004360059883933,1.5220495149352955,0.1999904588713974,-0.1866888775966715
48,-1.0694347909934785,0.7099199730356273,1.4738481986012797,1.3421534935933968,-0.200000009947251,0.4274006920679547
19,-0.3563929598147506,1.386848926245376,1.5904892841961722,1.7143759536004666,0.1999990058503797,-0.1627126694996157
27,-0.3245391201063626,2.0529555044252787,1.4090619022634367,1.2456918653693447,-0.1142563673032081,0.1761203953413027
3,-0.0360476160745565,0.0852936346162413,1.984703243770872,1.1891822222874269,0.0794403581273569,0.1532402337431153
38,-0.7030106997790182,1.527909673015473,0.8457897033241899,0.8574524564394927,-0.2000000097190237,0.0414181657442773
15,-0.2753488308287806,1.0680982941832904,1.6929918686535697,1.850226135148836,0.1999871447614468,-0.1015490017494578
17,-0.3106004453707415,1.35134000351032,1.5722615542497973,1.714836663669992,0.1999806465927559,-0.1091435751371505
19,-0.351917303958155,1.6153683406337709,1.5443376327360476,1.678588949318404,0.0540554842289789,0.0081915845806874
34,-0.594099162076944,1.633811779655452,1.048971582730085,0.8717053428825459,-0.0870426843113001,-0.2658343110018946
13,-0.2746104540319641,0.8771468199617668,1.6864084574070315,1.8655383455303296,0.1999428839084358,-0.1892795625236514
20,-0.3751683556184295,1.5902715954659497,1.4260429563608508,1.642820316284425,0.1809457317186303,0.1051686120282026
7,-0.0763094552752581,0.2548871013560997,2.151166250058685,1.7036364821303815,0.1999785462931643,-0.0822653884962121
12,-0.2265611178713826,0.7803169200119559,1.7360925498094897,1.9458095508730069,0.1998017381770242,-0.1048930695661586
1,0.0777975461095498,0.1613620968996403,1.5817826288428645,1.5674080935091763,-0.1999249532007588,0.087025103943897
12,0.0191099245404736,0.7735122881914411,2.16915820265678,1.9790943838948736,0.2000000099528992,-0.2523780115620861
33,-0.4625281492870107,1.816594770749486,1.2601682814445834,0.8801324608384791,-0.0266347056438722,-0.4384136106908407
6,0.0920679364976474,0.3272090695171939,1.9561662214709648,1.355935243145368,0.1999095293677121,0.3665233813115052
28,-0.3723916831708755,2.10416584795121,1.4912746223297455,1.2653639980036508,-0.2000000099346532,-0.4423074057425111
1,-0.0556082078914257,0.2340172557647069,1.6355244005706648,1.5485016294715404,-0.1998589120987309,0.3879857141711473
44,-0.984664559225511,1.1122816669686262,0.9054546142604688,1.2545264436027008,-0.2000000099156322,0.143092210819395
40,-0.9099107328357005,1.3103925536866308,0.761752632507358,1.067252499324406,-0.2000000095973656,-0.1143925725448759
4,-0.1011896173245828,0.2989291978316366,1.455812537172113,1.577347571812654,-0.1494427636789884,0.4316800430256826
0,-0.0777777777777776,0.2833333333333333,1.5707963267948966,1.5707963267948966,0.1997182121031883,-0.3612153276465669
35,-0.6266048991206736,1.6388038197820725,0.917190876850162,0.8058073583552631,-0.2000000088625693,-0.1967428364208988
32,-0.4534552064141827,1.832228983327572,1.2994140769031386,0.9080348901573366,-0.1742479091671989,-0.4784511287374705
12,-0.2413755307244509,0.7256184873876841,1.7224929563355282,1.8936961506502268,0.1999342385523712,-0.1062529171961834
18,-0.3149056968522369,1.3393510338000028,1.5887195217099528,1.7125089571913803,0.1999914178750756,0.1685756200150426
12,-0.2416629138305404,0.809800623812054,1.7208902994778494,1.924672254212966,0.1999803897518749,-0.10295477275202
36,-0.6729791364056258,1.550417129939094,0.912903016234044,0.9372122579713514,-0.1999999170292334,-0.0684866642953681
32,-0.4045718112621796,1.8553996354814315,1.5045580575850348,1.5654290728432976,-0.2000000098491939,0.2468978867648039
17,-0.307760436082982,1.212966564666248,1.5987013513830046,1.72010620801631,0.2000000099587735,0.2129884971009907
4,0.0800220838561559,0.4063447966622484,1.9206556352463109,1.4900589797162176,0.1999588027617861,0.4860177140625515
3,0.0545719133009441,0.0583345341850343,1.93625442589168,1.4579597713513894,0.033821789198414,0.1879974746988175
14,-0.1041681276672433,0.9766634581198628,1.8824654268708567,2.0623244743692286,0.199993798759044,0.0031803120569245
22,-0.344416326358231,1.6276952560487818,1.4795636842635016,1.61242854620594,0.1999498490152567,-0.2245659485028189
4,0.0012874619115058,0.0939325155459975,2.179426492252622,1.2649568954278672,0.1635839263175774,0.1815103154311641
4,-0.1023736498900462,0.173410587521732,2.096315392353807,1.358179797979392,0.0608944698396181,-0.1962495298232224
9,-0.1093498870330801,0.6101681690125428,2.0030200416829924,1.9564520316854408,0.1999517324154289,-0.2326465679187672
2,-0.0998965834175549,0.4059236561602685,1.5941164838757853,1.5646029546394846,-0.0351405446324701,-0.0228193055823321
10,0.0630449108890335,0.5776742175054164,2.210587863871132,1.823488265519152,0.2000000099591738,-0.3244572769455118
27,-0.3471205820624083,2.0574923760771355,1.4303784007814269,1.2915293677611954,-0.1693514239250312,0.0860046079575019
30,-0.3693616633764892,1.9346404451295425,1.454471950480018,1.152629095049286,-0.1999898386306428,0.0032200893884799
16,-0.3317292541093134,1.022332488025615,1.7225978458907942,1.8847295217884967,0.2000000099968634,-0.2548429057324202
4,-0.0386797119016384,0.2110866368163496,2.0596605325725417,1.3361637743455257,0.1137620928468387,0.2428019484987201
31,-0.3902760866862004,1.952458441147184,1.4685920673098902,1.2211793755044864,-0.1999999361495042,0.0937411054014346
46,-1.0145400305188206,0.8072804011436933,1.296511814990316,1.398904192654777,-0.095915986076361,0.5420227107100821
0,-0.0111111111111109,0.1944444444444444,1.5707963267948966,1.5707963267948966,-0.1999373627620227,0.3806528055010543
35,-0.5893516866174874,1.6408946683321906,0.9391705464919862,0.9106605883883264,-0.1999999185135658,0.0603701042304303
22,-0.3904319847643295,1.652661059648422,1.4191485504296164,1.5940505523202697,0.0899288967399922,-0.092412146885412
20,-0.3389875202135087,1.5903885935720523,1.553653829791818,1.784707693797841,-0.2000000045588823,-0.0216850922225417
28,-0.3418815826493944,2.1194584592885644,1.3406204777446131,1.3174541023929724,-0.1999874237894656,0.0309843663472681
39,-0.843470415928871,1.301250891030426,0.8310699435558657,1.0182029095805978,-0.1999998922068667,0.0854484623480951
45,-1.044807290745701,0.8729523444934373,1.1704669455674033,1.4480472007883636,0.0521492722953173,0.3918881156418204
1,0.0325575573914112,0.1822345432174484,1.688775592544351,1.521970198363016,-0.1999114164755654,0.3231230808678469
21,-0.3406965379971144,1.5555286145291527,1.521800440796886,1.6308518167216426,0.1999391436402549,-0.0166754002587988
46,-1.0120487996656549,0.8202576048941346,1.277268868931804,1.402959993980001,-0.1493332097120507,0.5718253927427448
31,-0.4058383746472798,1.8580339666666328,1.5142036053028445,1.5387659916025629,-0.200000009943807,0.2614656647244768
35,-0.5385840443221281,1.6904209158806256,1.2132594222810609,0.938576065555326,-0.1999999803378409,-0.1363116574267893
0,0.0777777777777779,0.2388888888888888,1.5707963267948966,1.5707963267948966,0.1544764426950508,-0.2874611966702439
29,-0.3819710527667014,1.8921139946041687,1.4834408658233027,1.0960580634119694,0.1866686981622961,0.0383967297178407
40,-0.8771373874341649,1.2497254858008715,0.7033570195224623,1.0155611693928157,-0.1999999423543907,0.2005997274547602
14,-0.2125291114579091,0.949956221546961,1.705012836554323,1.9259139055776824,0.1999916055825032,0.0984787268133018
44,-0.9805368709659822,0.9862472930922984,0.9882868556913476,1.3007404867237162,-0.1290696852544299,0.3389379246309158
4,0.0563985656356104,0.1513660110223348,2.2180073420193533,1.3797504914199716,0.1164184210855513,0.1242652673865998
3,0.0479710671637013,0.2362700386599835,1.8629786121335368,1.3911208569616442,0.04123206267551,0.3929188216679212
46,-1.0153653186806244,0.9459996812629844,0.9522779798742872,1.291697512672961,-0.2000000099904142,0.2326281375247672
35,-0.6506766741320017,1.6117731028384978,0.949589221619254,0.8477661805360297,-0.198977219756458,-0.0341593073102556
28,-0.3440510580672549,2.043861070885958,1.399836974719782,1.2883396782449492,-0.0670240216645461,0.2609304929259379
20,-0.3812448407694822,1.5237836135612812,1.4930314208057265,1.6373655909968725,0.1053617802302796,-0.0600782490618588
12,-0.2567941289904962,0.7753786837837884,1.6904401119329215,1.8745659143687856,0.1979485370173958,-0.0468982098993987
17,-0.3434365046556383,1.3240214880688503,1.5955688218262534,1.7508990803890323,0.1999550440694886,-0.0282773342341144
47,-1.0314455129221414,0.7191103925951633,1.4439489739623408,1.3505866719048594,-0.1248209132355257,0.6264254377058264
17,-0.3274109379235849,1.189634338948447,1.580303982892309,1.712647680583001,0.2000000099932043,0.1859423631940417
36,-0.7601876205215988,1.5031433664400176,0.7849480333414416,0.808487046721065,-0.2000000099539706,-0.1691838683441547
22,-0.3863105959404702,1.72197570978241,1.375846860059772,1.566302002319913,0.1205071677557901,-0.0118709989023475
19,-0.3270325555894057,1.3586873566367133,1.5845118584719042,1.66445605186714,0.2000000099479976,0.2725038988264802
34,-0.5261508875433379,1.737123178938546,1.04429080641746,0.9243120194460168,-0.1999999135194176,-0.0448310692672567
25,-0.3736526883078897,1.8606473886834751,1.2276215122604102,1.5483482392632444,0.1999518285262262,-0.1213334054624161
35,-0.6257280629648352,1.5769330213424628,0.95420848677424,0.949640304512813,-0.1999975714911945,0.1828725927022944
37,-0.7312196139622904,1.4379225646815372,0.904405933865581,0.858583864039927,0.2000000094169393,0.1918527079563912
48,-1.0449320876295698,0.6741336351652498,1.8306251066413264,1.1560056642304597,-0.1593449490615205,0.0902767410238658
13,-0.0297725562085531,0.9434560172949302,2.115277950712714,2.0474945896158503,0.1999913780999006,-0.2261589682114146
14,-0.2866362165911677,0.9148480927113972,1.6301359022643904,1.81609009331074,0.1999851268476032,0.0949017144957862
0,-0.0111111111111109,0.1722222222222222,1.5707963267948966,1.5707963267948966,-0.1998382639615457,0.3791306568524662
4,-0.0957576523876041,0.3662353734544917,2.090466261902128,1.4564578528883827,-0.153340275958659,0.0351597824201532
27,-0.3745589852506223,2.037974135428384,1.2229490811612944,1.4357890429889637,-0.1999996304559707,-0.2375862709693376
10,-0.1179998812190022,0.6855942842625926,1.9405131014671664,2.036538384498096,0.1999444445691652,-0.2475728057355194
47,-1.0053562285886155,0.9782303151861216,0.8974570437010865,1.2615183922223654,-0.2000000099895337,0.5628261853432489
23,-0.3803581079764163,1.7086851597925232,1.3058599218838136,1.560646809113932,0.1999724313815078,-0.0727163560354836
6,-0.0069286325166413,0.1873783555981523,2.312661618986402,1.68989407888592,0.1999806246475472,-0.1484752412704919
45,-1.0396273089934722,0.9269815532080612,1.1290676789965968,1.4205044146213164,-0.1718151905767815,0.4601720631398789
27,-0.3177722202189538,2.068511200815751,1.2190441946175437,1.3389963733669723,0.1743471300509705,0.3948127828828835
13,-0.1636210567088653,0.8685553044717997,1.760729187228952,2.017084289883264,0.1999940437297318,0.0820652112421467
4,0.0757896791409992,0.3285531084364866,1.758317326256309,1.4843807141572287,-0.0045261057352204,0.5123199082814642
45,-0.9708049708943388,1.1319967795061006,0.7873110994519115,1.236380731538248,-0.2000000099964203,0.1097441637051849
38,-0.8044092185642073,1.4116042173481549,0.7244671321164105,0.9501919249421996,0.1999520563979321,0.339738286747927
9,0.1055133712830477,0.4955735368893473,1.7259933138873915,1.504385016172613,0.2000000099764247,0.5720456943734087
21,-0.3778579686505952,1.5214534506910655,1.4317008798467237,1.6069842895410782,0.1070702162422092,-0.0168496211079795
39,-0.791014032517049,1.381391456468842,0.8558237581190209,0.9737740620058,-0.1999999849277769,0.1643869416347011
22,-0.3468800593617906,1.638086232700079,1.4435405219581463,1.610645301640247,0.1999702859677372,-0.1267318812322405
48,-1.0535421518059247,0.7070288046889389,1.5208530529078583,1.2178423986229787,-0.2000000099945307,0.5525936759809765
16,-0.3513904301712933,1.1979228343976027,1.6139849993076665,1.7246764389754905,0.1999667958570517,-0.1944649889344745
41,-0.8802173587432359,1.3552989757073706,0.6624884540822844,0.9595432027288984,-0.2000000099682184,-0.1061286396971146
26,-0.3509918318737335,2.049373863049296,1.4347034814443926,1.280806325453258,-0.1351852926131816,0.103671312464452
48,-1.0604470835794797,0.7929512107396245,1.3503922494736056,1.4137308359328449,-0.2000000099712581,0.541188949375355
48,-1.0599696366075966,0.6724164001316867,1.7077472085439434,1.1849107871208706,-0.2000000099594497,0.1990080497259028
48,-1.060628018857683,0.6909014788353441,2.093004868426595,0.9891509143008844,0.034441457246206,0.0804768713261508
40,-0.9104853868992095,1.3091166421065523,0.7553543309357504,1.0669095406768518,-0.2000000078610651,-0.1108712032031161
1,-0.0332863378050348,0.3122323300776147,1.6140491860595088,1.5570120102988017,-0.1997944499841422,0.4088548262122034
12,-0.1455498224190413,0.7541540673138784,1.8136079842832429,2.017752470480511,0.1999859683730673,0.0294921697178505
10,-0.1410001954652889,0.4933057185556024,1.930163607993398,2.0197107760703403,0.2000000099496214,-0.3534031096798178
7,-0.0701276851778808,0.4563244205846214,2.165191342183624,1.8373088082986533,0.1999805585704051,-0.1948598779228275
45,-1.0276190495823794,0.9705216837820833,1.0762352171030385,1.377086923259153,-0.2000000099451429,0.3915247195274988
32,-0.4277321110800769,1.8563279998427855,1.467250065007482,1.056687097005398,-0.1999999201850465,-0.2670466405349739
5,0.0368295917278425,0.1955479144408645,2.293526114025388,1.4399168783219354,0.1999631503972934,0.0772601487866634
39,-0.863287549955948,1.2427064186378836,0.8725464428451399,1.005362673325425,-0.1999859075406781,0.0289053081121552
1,-0.0555558772051981,0.1720967864388489,1.6364734704282622,1.5488716136428466,-0.081874982668263,0.4629063239121006
20,-0.3360869131716973,1.4540584392954312,1.5638545910504202,1.6430788456038412,0.2000000096879011,-0.6347895932471401
22,-0.3718117886658046,1.680189313484143,1.416758389272962,1.6113382603353354,0.1167549352205233,-0.0970882281574992
41,-0.9129226093117156,1.1858073356708845,0.6857083524253706,1.116613401872551,-0.1999999775438493,0.3976345444926999
15,-0.3249771473080272,1.1888309505973589,1.6468040804055075,1.829114036980262,0.1999787951510798,-0.1327663833597822
24,-0.4065244519425341,1.801277400023661,1.356684316941772,1.555760011418946,0.1390974278347549,-0.1880395641357036
1,-0.014506856370235,0.1758427486490785,1.7422659705069403,1.4772397379908182,-0.1999103243604824,0.2672243527276419
12,-0.1926972800699443,0.7079819890843873,1.7482632408526282,1.9127591138125777,0.2000000099932802,0.1127421621590141
13,-0.2136540420665424,0.8577980975107918,1.7249229932811598,1.941943572009328,0.1999807824453539,0.0286479141058987
26,-0.3792889031762025,1.9686146219535587,1.252342321970735,1.48026553546355,0.0272533745363752,-0.2487878890109938
21,-0.3080309421938736,1.5602562202265442,1.6051507009228114,1.791253323713862,0.1999616345215079,-0.1089817497790619
34,-0.5640324169795956,1.6387979300970317,1.17512598546711,0.8910829720283802,-0.0088003956576775,-0.3694764344612126
12,-0.197797258241605,0.730604698381701,1.7318233186986784,1.9192367099847485,0.1999885024077654,0.1083163973684534
6,-0.1057692523383951,0.2744943247812874,1.8224338750031333,1.4162259023998138,0.1141238314395182,0.4004859090867179
31,-0.3939438471969305,1.8631337141270727,1.4946453730252127,1.5655277643216818,-0.1379404780609576,0.2805898619400556
17,-0.3604761818752337,1.2235272678340603,1.6112772459771971,1.7682436342526489,0.1999897874009397,-0.0318838588299995
8,0.0162695928450199,0.4236629709445671,2.283980638119236,1.8520651921458824,0.1999760613206408,-0.1475829003882944
7,-0.045604196288494,0.3507618814903111,2.1975293281164507,1.83806138049792,0.1999591029750214,-0.1581901542311442
20,-0.3437476602945712,1.4344955583321148,1.4987687143173556,1.6475169528835865,0.2000000099527133,-0.144630723779677
13,-0.2501104642359197,0.8444414248775561,1.6993707333265196,1.9015741674664977,0.1999747570188802,-0.0790918360227501
23,-0.386911764485992,1.7177149006527872,1.4040157916632037,1.5690523251389747,0.1474444921029205,-0.3944181405433816
10,-0.1327198609854101,0.528421835056935,1.8392381305482728,1.944153283489127,0.2000000099546647,0.066992585437528
35,-0.5563612490904962,1.6451018571938525,1.2223264193770031,0.8931341972095904,-0.0068101308233809,-0.4030484151796401
33,-0.502382807079055,1.7624631448599546,1.3245286318149905,0.959901297455062,-0.1999943940981754,-0.234075799577946
2,0.0543628821230711,0.1945306275555844,1.6194205162761175,1.54254451711212,-0.1996940853616383,0.5570377248437446
2,-0.0236446362308822,0.1956638698293072,1.8957463512804849,1.335756069265271,-0.196844437339739,0.0965375936438297
40,-0.7699306054164013,1.369061830698309,0.9505107263710836,0.9568979191364172,-0.2000000097998377,-0.2297500474741333
36,-0.6780319610030633,1.5014654130680485,0.984232504912887,0.9423128870666448,-0.1999878989867908,0.1114558646110399
12,-0.2260603521493434,0.7603773709370397,1.7078912667736774,1.9589285276873447,0.1999890251242115,-0.0568107378484291
0,-0.0777777777777776,0.3055555555555556,1.5707963267948966,1.5707963267948966,-0.1999339340142471,0.4435297310424763
18,-0.3642200922857622,1.346231658836878,1.6205812686685053,1.6515819539327763,0.1998103382792138,-0.292387491154036
8,0.0780854970704321,0.4165654415016634,1.6449423572656254,1.543892491707198,0.2000000099523315,0.5799007457664
30,-0.3415685000588949,1.9209835984649943,1.157094740369592,1.4765298138982528,0.2000000099209981,0.3566374831888917
36,-0.7050067577065796,1.495648801243647,0.94861746678618,0.9032702923037644,-0.1999865424348802,-0.0237414581485108
30,-0.3531590392856777,1.9698236112757936,1.2894431492921452,1.6129731429420038,0.2000000097654486,-0.2312559246808456
5,-0.0490490114013828,0.3042406599020515,2.1299581910159926,1.507035244219859,0.0436391501159518,0.17784976180409
0,-0.0333333333333332,0.3055555555555556,1.5707963267948966,1.5707963267948966,0.1994579704298532,-0.1929509034648879
16,-0.2642024681845747,1.116958659560176,1.6465099985387663,1.8550152134358613,0.2000000099472298,0.1261496358007633
25,-0.3732775212322998,1.9433451111242188,1.197430153438125,1.4701773375377485,0.1998289723445652,-0.0621364910028031
11,-0.1497310237966355,0.6928394269579231,1.82030995661882,2.02688107281971,0.1999908009471735,-0.0173901801210308
5,0.0619550420755437,0.2170650498350681,2.153895937898432,1.4919407174253634,0.1635527994917171,0.1551662805220083
13,-0.2361984464981804,0.8176055850246542,1.731947866329227,1.9280158925147253,0.1999929848280927,-0.1257569465505418
28,-0.3098281456009473,2.0978961388672834,1.387346749254737,1.2796924466710582,-0.199982334213356,0.2211306884214961
14,-0.2353242145490022,1.1255184188960272,1.7005483167176076,1.9109760220184475,0.1999733509206865,0.0151350489805437
34,-0.5718650734961647,1.697499574186881,1.0172566520657875,0.8120713274386389,0.1584497603867513,0.1446148471174527
38,-0.7507294107353776,1.503645774477575,0.8130125674095492,0.8191883985784637,-0.2000000098432195,-0.1464667591627474
29,-0.4265041649295459,1.868402056133716,1.4651137190547328,1.048551668569634,0.1999989661369561,0.0975032694758525
21,-0.3439365590929659,1.5703691303486114,1.4515535841372351,1.638042282005753,0.1999521680520456,0.0096013198550999
42,-0.9387455086914565,1.129057367614066,0.7337549189713339,1.200727065595013,-0.1552369821529554,0.4505477106695015
4,-0.0945565094656297,0.5194367203477608,2.07485626364616,1.5565490181755932,0.1999598190392919,0.0676878909796865
29,-0.3591618388014245,2.0569297159578688,1.2205340983953814,1.3522185287932822,0.0359685278017,0.402243659480872
39,-0.8611037184030144,1.3791488355847918,0.6721886592593531,0.9258510089867776,-0.1500360888197542,-0.207200582589166
24,-0.372223949981007,1.8164302648828805,1.3120461681054048,1.5518543098464033,0.199901756841275,-0.0993274026802447
2,0.0995122586234857,0.3456961641536988,1.571415507295404,1.563368246315748,0.1282923002799998,0.55175065810264
12,-0.2402306546642788,0.8231203658336695,1.7329901019718983,1.9084734420637657,0.199814909838027,-0.2354800178371308
12,-0.2464712154526734,0.9909916857704816,1.714511633911405,1.9102316560623696,0.199958663650863,-0.1545209664816882
46,-1.0206498634261725,0.9258377437540404,0.9772847733136754,1.3057854236655608,-0.2000000099880556,0.22008863988784
16,-0.2818154978864242,1.088540196056183,1.6539879674699645,1.85274968061495,0.2000000099441355,-0.0716787263452472
25,-0.3423699104288369,1.9175942845684908,1.156402559080396,1.4738007359956984,0.1999732906823113,0.1691398523626099
48,-1.0642055982803085,0.6859559294197006,1.4186275946584086,1.3087395128104242,-0.2000000099118039,0.4760746392505512
17,-0.268038273632084,1.2355141918950958,1.6980107548323016,1.8961658367357508,0.1999648199933222,-0.0995704526787559
35,-0.5828913174771734,1.6579098157202328,1.1191228656705956,0.9064693012347624,-0.199999915601859,-0.3156223558772902
7,-0.0772434022746357,0.4428003628740055,1.6249930943038802,1.5626426006709,0.1999213900832298,0.4968749018864901
33,-0.5183339938779369,1.779627563864919,1.262431317934075,0.9379933939640848,-0.1999976775699869,-0.2474702564279593
29,-0.309679998920643,2.084355185300626,1.4597081589188914,1.2394952883182702,-0.1999836112839124,0.1237464410194216
10,-0.0885985169457447,0.6769407929192446,1.9307140866902213,2.085492551987923,0.1999922294528035,-0.0697117502680177
36,-0.6367041589844122,1.6627392555498737,0.9528942118075232,0.8990208711257297,-0.1996840574500006,-0.03609462885203
1,-0.0777472208478293,0.2082962393987862,1.5848857323315482,1.566526837818128,-0.1998364310649308,0.3166606327209249
4,-0.100000211597472,0.2714836579841769,1.59542436624435,1.561674826143192,-0.1007276446962069,0.3808415336551835
21,-0.375664878037684,1.5420046978903252,1.4183919576123798,1.6271886906538438,0.0805616548019344,-0.0374133833520665
16,-0.336094028353307,1.3111126363565415,1.6261966610935072,1.7440510897647947,0.1999784427927093,-0.1505955717670943
28,-0.3229519570507965,2.0289126095595607,1.1937730545785763,1.3778114171373683,0.1999998816493,0.4313735552848532
3,-0.0160225578671992,0.0369697549043871,2.076594353714261,1.3443593755698846,0.1997980725896041,0.2968434785358924
31,-0.4119311891801299,1.840849939093332,1.460021813460861,1.0281914968210089,-0.2000000082491379,0.0330265682153782
32,-0.4047611535112713,1.906744406203765,1.4021275407311062,1.2424022720582044,-0.1999999872777755,0.1674620768771573
42,-0.9648405785194588,1.0805868594345087,0.8332274119797018,1.2603545441014343,-0.199999938478928,0.4029790395638196
12,-0.2177849971601279,0.7683502084996198,1.751082462561097,1.9299083088367368,0.19998730037045,-0.1121406569004929
21,-0.3719014231035857,1.6993744146978396,1.410039604702268,1.607175459802851,0.1132964670411681,0.05021184891978
29,-0.3706189767602928,2.157677228668637,1.2955303649094445,1.3588609133128673,-0.2000000082150858,-0.0385196601174461
25,-0.3712638021703384,2.063635526243508,1.213927966603313,1.4568959510198336,-0.1999768457048665,-0.2788072947043105
8,-0.0883100579647978,0.3359454137429654,2.118978482731853,1.7991558051868697,0.2000000099930614,-0.4415776732322803
0,-0.0777777777777776,0.2833333333333333,1.5707963267948966,1.5707963267948966,0.1997182121031883,-0.3612153276465669
49,-1.0428533893481886,0.7533007503298622,1.253752582767282,1.346118997031503,-0.2000000099581551,1.5357325253535543
35,-0.5912231417654112,1.6287311895775491,1.0372617289701345,0.9019682889468054,-0.1999999198227687,-0.1949684130540102
32,-0.4631389701095538,1.81434247732883,1.4126533372235002,0.9336676438533654,-0.1987569543454593,-0.5620702751043304
5,-0.0359011554383286,0.1572907905148655,2.190550767877374,1.3389172302097816,0.1997276029572595,0.07773237952125
47,-1.008674821831401,0.8894159554476682,1.0295255007830004,1.326431370155566,-0.2000000099894357,0.4566810939398422
38,-0.7963602872485288,1.3754748871641416,0.9028938755700322,1.0077020148097051,-0.1999999254637529,0.0527035543403483
3,0.0510332830434243,0.2711405005132108,1.8608997921135764,1.4202804145788817,-0.0388006236255242,0.2674275602474257
48,-1.0526903766287723,0.6782461570003763,1.5620306316429091,1.1929369193079524,-0.2000000099638557,0.4244367115148795
24,-0.3402279961522049,1.844157254254935,1.3201743784036974,1.6637222108765466,0.1999837008089244,-0.287920563466458
18,-0.3507596473907451,1.4292591672306718,1.588792403289352,1.7417792999438688,0.1926151576018638,-0.2171066523664356
22,-0.3792293228896665,1.5659061244953127,1.419817088508022,1.6103356210471058,0.1999686903263452,-0.1561290498313724
18,-0.3261013006730697,1.309959306074171,1.5719553465631346,1.711617748922055,0.2000000099691994,0.212149879539982
24,-0.3493128002321901,1.8066014691698795,1.2938194657352309,1.5003083433572535,0.199986222282286,-0.1303795714498322
4,0.051712642879697,0.2079238606748817,1.9984526289650475,1.3685664913271598,-0.0149263608093369,0.2784017289199607
25,-0.4149037264684549,1.843532857614056,1.331877783932958,1.5382534066724676,-0.0584211948049809,-0.3553339200337633
15,-0.2591815594455867,1.0007830616330955,1.647710078456674,1.8348748235352808,0.2000000099499706,0.1570219605061068
35,-0.6107370050167211,1.5880790001672165,0.992725064107452,0.8658488825585714,0.2000000089029298,-0.0755996548271604
47,-1.041742573355278,0.7434198295075963,1.5798332804777764,1.277533812657611,-0.2000000098040829,0.1087951092360699
4,0.0484735820469654,0.1156716716257521,1.9908552850273,1.3434805946164183,0.1144352376872428,0.2912481703812052
23,-0.3515519208489653,1.746742476647422,1.4082157109214366,1.659403582735102,0.1998754068030278,-0.1831211271091183
41,-0.9087187096749608,1.1842626250190773,0.8363029296186308,1.118771909626504,-0.1999999807677313,0.2499186367083617
45,-1.0034759480136954,0.8726058183801797,1.1511029648270945,1.4044222774979094,0.0552714777241682,0.4242838287154213
23,-0.4061996758197956,1.7117206539191308,1.4929660792138917,1.584303639681444,0.1999431446654908,-0.1591784068600432
13,-0.2585804003016688,0.9205405492691624,1.7105209017780163,1.880006337925033,0.1998580808970824,-0.0828407518550495
38,-0.745385599765929,1.4164569927764272,0.9056768203761916,0.9231579883279988,-0.1999999820632887,0.0935538680429972
11,-0.1774450615716038,0.6699401157886362,1.805233002701078,2.001991940413957,0.1999898942094586,-0.1480044514832929
23,-0.299363185695833,1.7948459956752445,1.348695875206266,1.6442208647700642,0.1999846992956438,-0.2172991164279033
20,-0.382754851276424,1.5403241831031078,1.4876889968898634,1.6305100293711257,0.0634221967167114,-0.0375569640518125
8,-0.0770166173211915,0.4659844200949784,1.6649790621039011,1.556187947048647,0.1997945238648206,0.4891469407391838
18,-0.2823838972842353,1.3238711470259192,1.6218789952088497,1.8521266658459008,0.2000000099429328,0.1119284745827619
33,-0.5258537359410559,1.7442396964169562,1.2759853968774992,0.8612351408479938,-0.0893321738607529,-0.4964846666411313
9,-0.0435088864434507,0.4757137660004399,2.14098729664949,1.9891655629331333,0.1999683278311919,-0.2426440999649267
0,0.0333333333333334,0.1722222222222222,1.5707963267948966,1.5707963267948966,-0.1999191914260114,0.4067251970426995
39,-0.8712933636611232,1.369744374697012,0.7769319201495986,0.99124099673376,0.1999995693120548,-0.2244757915017566
27,-0.3422967597036876,2.06375847163966,1.425777555567561,1.2856301906182095,-0.1374363218323306,0.1217292661440685
48,-1.0396196891016247,0.689379703762023,1.7120486433294158,1.228961057486928,-0.2000000099634375,0.1958788829661068
27,-0.3446018862736816,2.0530204529314333,1.416260809698377,1.2851082984148308,-0.0958007853784005,0.1791960398685066
5,0.0302609780371561,0.1479220766150289,2.1446215557542185,1.3258129896336643,0.1999666925110067,0.220961234083912
18,-0.3702878817733325,1.3988928166603716,1.5336601371553282,1.6864873700511134,0.1998708550827299,-0.0902597349016788
17,-0.3589086412927822,1.197095158785959,1.640230835476194,1.7453170645758314,0.1999989248718948,-0.1656226020018257
38,-0.8624548696951522,1.3943678670160915,0.6498473855343203,0.9182104582360716,-0.1862233012199626,-0.2419802434551322
40,-0.882010042491603,1.2419886316097706,0.7068871455874781,1.033231672515854,-0.1999999965263495,0.2258592708647852
26,-0.3525258895661347,2.1146472139957075,1.2599156136300902,1.3794348642280674,-0.1999998291437102,-0.2586566645758472
8,-0.063235707133609,0.3189956687338435,2.096376904347215,1.9051442087197648,0.2000000099530756,-0.4209860231512678
7,-0.0155286911094559,0.2715007753050587,2.28107796336082,1.7878495831081622,0.1999963585318239,-0.3116085727243194
34,-0.5922037934707534,1.6714715163036054,0.9875348369267324,0.8103830628709853,0.1043355813689469,0.1902237676959657
3,-0.1033257967425209,0.4562327848851222,1.369141544879711,1.5470182289998595,-0.1082076170711165,0.6287540261506306
24,-0.3648474322013053,1.847173965305551,1.2971320637404231,1.5202623698890017,0.199862083025586,-0.0710316288305299
17,-0.3246132041063559,1.39683121248625,1.6068547228958945,1.7933708896036982,0.199797744893677,-0.2903560669474612
2,0.0776805340425826,0.3887997824989451,1.5729700225081782,1.5684891709765365,-0.1998733791813912,0.0662319766018715
20,-0.3657518402212995,1.499402354887443,1.538010207065616,1.6860678592065677,0.1518729010864046,-0.0611789946297412
14,-0.138431722119962,0.9207280889660588,1.8356436798956728,2.0367117865330457,0.2000000099673352,0.0132800153883558
18,-0.3672918413465825,1.284718962555673,1.624628552296434,1.7251205572134105,0.2000000099929472,-0.2283633251940722
5,-0.0481371827350184,0.3412055718534262,2.179979951181684,1.558057199378278,0.1898287474739158,0.0667181293963162
12,-0.0368590085634335,0.7313824171701515,2.0947854044523577,2.064569900249503,0.2000000099493883,-0.3451755858852772
5,-0.0741775216732903,0.1530299931670049,2.131573599823985,1.461379307695331,0.1382875615156221,0.1510000499131026
42,-0.8624365982596959,1.341583851768427,0.6831125797843836,0.988530443574184,0.0016679978184385,0.2054042588753865
31,-0.4111456821927763,1.893154010643858,1.515332594011633,1.056569830626754,-0.1999113529622095,-0.2061203288918568
11,-0.1494948410098188,0.6339709042069649,1.8232135186579568,1.9984837421547712,0.1999941669320678,0.0099881600071771
26,-0.3741674950304849,1.9290713520175389,1.1797246868398528,1.4876235584603683,0.1999602892671795,-0.0587804891271788
1,0.0084340341377232,0.1228281444439479,1.740292535224233,1.4845357980209013,-0.1998880285254432,0.3929668414876031
34,-0.5706624739988175,1.6650551956086432,1.10070505578447,0.8658050772586299,-0.0312553834940262,-0.3234828606669744
12,-0.1752345610577449,0.7464632797469415,1.8052196869404376,2.0210126782209814,0.1999936541297769,-0.1735294264999291
38,-0.6961509039035851,1.5386806678193787,0.8482200779695241,0.8645559459196185,-0.2000000099602021,0.0078457959143374
24,-0.3737950809930331,1.874724125060972,1.270593718686376,1.5209171545144682,0.1329516454496897,-0.1652996990872115
15,-0.2049182906600169,1.0584450736555784,1.7513447868564118,1.981326442388379,0.1999845376347536,-0.1372743633816986
17,-0.2885810969090878,1.2097530518655994,1.616322242715631,1.8016664106774096,0.2000000099683981,0.1567749309355976
17,-0.3089979146920392,1.2512133151320437,1.626516616039973,1.7884859962869208,0.1999910821184733,0.0138033192241962
22,-0.3717054715638224,1.899495038708404,1.2271296950664858,1.5218458616624366,-0.0010509072707833,-0.009924118609844
22,-0.3939120784043584,1.6146188631262577,1.472491872557674,1.637486278072377,0.1427156586075014,-0.1379878224516858
6,-0.048159321927546,0.1942686661095148,2.1724122623589377,1.5581385453457164,0.1999730210507708,0.0446202207094358
31,-0.4115728855988417,1.9039611220220851,1.4842770333078246,1.1412527526322918,-0.1999864702635967,-0.0232283147536797
3,0.0268782774510588,0.1152049046892426,2.0675912658360343,1.3214412245424276,0.0542010397839667,0.2055080715790145
1,0.0104168532333842,0.1597298496420936,1.6751598427679877,1.5275566790602984,-0.1999602682671619,0.3423552271635766
29,-0.3617562603197679,2.0360823465046383,1.3742914656784873,1.289808546632211,-0.1121370296584193,0.2567445730133513
26,-0.3323781559625192,1.9646664455887817,1.1914346451547484,1.4326287810560954,0.1999913357520893,0.1700858199429707
24,-0.3447917630719347,2.0380069375520606,1.2293323511865475,1.3824146872925591,0.1537544608579292,0.2086952376925269
23,-0.3788655825156539,1.749673779495405,1.3865517557862816,1.5539962472146935,0.1692970725297337,-0.3677627760701327
5,-0.0949581772971071,0.5144145373350756,2.08498647908238,1.6336362068485042,0.1999436527948936,0.0264853023458488
44,-1.017601279720271,0.876243934099059,1.1589918984707932,1.346374475167746,-0.1999999712307383,-0.0197540813594996
35,-0.578815314231078,1.6624415138706392,1.1204494024303298,0.9064469706188572,-0.1999999161131734,-0.284644328726759
7,-0.0519048858953086,0.4187486281551414,2.190247633711264,1.454939090173457,0.1998298550263138,0.0615596950261492
5,0.0176407104018331,0.2109210679735082,2.272965014972959,1.525117250493836,0.1999664142491538,0.0576129256059964
48,-1.0620641892595464,0.6849875600813741,1.5482673918481664,1.2120099499187993,-0.2000000099587176,0.3933204098836583
46,-0.9797005957134516,1.0022891670832978,0.8578607449915747,1.248374812292879,-0.2000000099891604,0.2472630414767191
19,-0.3475635910252185,1.4219883492843777,1.5037531155754258,1.7180276212492354,0.1998740780281334,-0.1148774589844261
27,-0.3218807853414906,2.086999556419468,1.4549360874615278,1.296795767773416,-0.1997642745788493,0.1112315831076664
28,-0.2998361520024825,2.0739357314543696,1.159655042984758,1.448475860272492,0.1999999098132673,0.1645350038091228
0,-0.0999999999999998,0.2833333333333333,1.5707963267948966,1.5707963267948966,-0.0185437722467093,-0.0478809998652313
31,-0.4130077288162621,1.934359798769993,1.4928771490020476,1.0981972965955924,-0.1999259429194183,-0.1306611872849828
16,-0.2909796712531179,1.1284709914040223,1.6132893721249442,1.7660272392227674,0.1999949361211903,0.1674109735754693
21,-0.3649883312178741,1.617778731527834,1.501354199879216,1.5961199935403176,0.1063625473098054,-0.0999034110529236
31,-0.4386063634603886,1.8561846320009363,1.4574868539955954,1.0513409650305543,-0.1998304167119622,-0.1352962730023149
22,-0.3796998136218538,1.5759901757921415,1.4798941920187811,1.622841129674356,0.1830568855045062,-0.3034746978628823
20,-0.3694046418945876,1.4554245798560346,1.5565476762738566,1.6912234178577406,0.2000000028542012,0.0326693963380572
31,-0.4189946448016904,1.8479432587031013,1.3760799920858613,0.9995761301700464,-0.1999972240789018,-0.2283661780187926
49,-1.1313182450301091,0.562367375018368,1.6794571197268109,1.0065764635564185,0.2000000099611339,0.8423802221778173
8,-0.0916822856027775,0.4893737358888432,1.9771088967707493,2.077066676666749,0.1996657629147051,-0.2767414715847213
13,-0.166788268103934,0.818003982367535,1.7577157514777522,2.007769842929996,0.2000000099466575,0.0929256585489212
7,0.0035023162077539,0.3156007483356226,2.2546304995801787,1.7934611708111483,0.1999821325676821,-0.0893619354320058
12,-0.2154589654615976,0.94527100354284,1.738211440412618,1.946277588984156,0.1996988693605339,-0.070885306584473
15,-0.1470069978848371,1.0900479609087634,1.8564073565092425,2.0461555621223475,0.1999825781273276,-0.2120667434203864
2,-0.0007999154072275,0.0636198888241851,1.94469075004128,1.3195526786563556,0.0371318785038688,0.2824071003199627
31,-0.4156423748426025,1.835931127939777,1.44820157910255,1.021124589182145,-0.2000000094502137,0.0424534922805297
16,-0.3473904766651368,1.102664422696322,1.623148632296596,1.7933096903574608,0.1999858149896943,-0.1421814723272087
3,0.0156866365139429,0.058089697469848,1.9692035178330285,1.259591821517161,0.0290841285112727,0.3276907104808939
20,-0.3965784898478358,1.6339161856652438,1.4966459470477442,1.635445145998073,-0.0342767679333562,0.2156929054249698
24,-0.4170031259015846,1.7208427708379626,1.499273867407117,1.569574568117713,0.1999995335367052,-0.1283783963745991
21,-0.3831053404857229,1.6269851220030445,1.4219423393395283,1.61660035734238,0.1086373270694836,-0.0328332256677179
30,-0.3790507522857365,2.022414103630908,1.4522515377895715,1.202083116485836,-0.1999952819570787,0.0094294648936814
48,-1.1032371400614678,0.6218661305072021,1.8140376778927187,1.057364056580437,0.0107406749408281,0.1539795747747879
9,0.1007688301274302,0.5001916016410043,2.059377267086182,1.6707077667676005,0.2000000099530326,0.1604248769814434
4,0.0786938986236996,0.2760162833981546,1.7751411321249346,1.5171610508535662,0.1047853722954869,0.4425326384978962
37,-0.6976070216062679,1.4935979540323376,0.9086944787439446,0.8791735780287607,-0.2000000082646512,0.059067322813294
43,-0.999417778527687,1.080911083530776,0.9421123834934572,1.2877054994777375,-0.2000000087066124,0.0588503453907616
11,-0.1972685650308588,0.6510200602657437,1.7746516510570034,1.9680501262611845,0.19999043495334,-0.1229304893271076
27,-0.3506731372872351,2.056034020812417,1.2123517925527434,1.3798271200374983,0.1996845551417499,0.2306801325221058
37,-0.7170891219623539,1.5452020840461378,0.8316574181106429,0.7996978514758514,-0.2000000098050014,-0.1347618347923228
37,-0.73453474727664,1.4593780446628957,0.8946868563678603,0.9285281575371452,-0.1999999065341846,-0.1926533690559233
14,-0.2657923164792439,0.8902960820256165,1.6846452141788344,1.8709718126965376,0.2000000099649647,-0.12812669005605
8,-0.0236108249169931,0.5083468664114442,2.1729822615769248,2.001977692594481,0.1999635176519858,-0.2217535905479525
39,-0.7833214280672406,1.3784508799843145,0.8320959481087069,0.8775871270713385,-0.2000000095968365,-0.0949328378565813
16,-0.1820805460422102,1.22445264899967,1.7969480800118784,2.0326009427972185,0.1999785401997605,-0.2323517745985501
4,0.1028624492141503,0.5048263301285423,1.927494236328874,1.495354491759676,-0.1995470121399547,-0.1423552602447487
35,-0.6542176666747438,1.540323591977392,0.9196153665569168,0.8722917257222467,-0.2000000068235212,0.0785267229731559
14,-0.2046681867426108,0.918705226405213,1.7094804430988173,1.9460035138665144,0.2000000099662655,0.1149684845281312
43,-0.9475099411581522,1.090867774838439,0.8842833145197968,1.2129831106780316,-0.1999999071252813,0.2934914289989058
14,-0.250528336631443,0.823828693423118,1.7121512527253966,1.885736860560756,0.2000000099812159,-0.1554319661636011
19,-0.3779756969801702,1.463221468358158,1.508981448658977,1.6537956521724957,0.1998583781888012,-0.2041656762616805
44,-1.0014880736204594,0.925929393830234,0.959856511154447,1.3238533672084185,-0.1999999808658148,0.2272568269031173
48,-1.0596988746287226,0.6882235346630967,1.6429423308598865,1.1772959292895817,-0.2000000099625629,0.2649851951694866
38,-0.8008655811498175,1.4596893577790435,0.8539804714408259,0.9048892799609142,-0.1737899891411891,-0.2943277673624398
4,0.0563311209882634,0.2473258663203489,2.0430776711431635,1.4195446602956618,0.1714151029684277,0.3592284889550547
4,-0.020350065598765,0.0751311081343385,2.154339880743299,1.252302121103748,0.199982046546979,0.2319287305811729
48,-1.0733889446264528,0.6592944996873479,1.6342308350958112,1.1321020179256125,-0.2000000083225335,0.3808498733183307
27,-0.3352218046025324,2.190766556527605,1.3650094578650336,1.3414598974815322,-0.2000000094893367,-0.3318791086519436
11,0.0679517602874065,0.8208201749110603,2.1881096894529204,1.857266850427669,0.1998980746848732,0.1556434571076785
47,-1.050508839059459,0.7968491701397872,1.350954552241836,1.4027329928796528,-0.2000000099387077,0.2451662531631089
0,0.0111111111111112,0.1944444444444444,1.5707963267948966,1.5707963267948966,-0.1999403285461828,0.3746942485993789
14,-0.2341857455468888,0.9149799479519404,1.6952216188099722,1.8893612910736104,0.2000000099659651,0.0968363872588461
16,-0.1857624506573939,1.144679264670501,1.7357582497086863,1.9745890572549367,0.2000000099678773,0.1078261039009223
2,-0.0088605303966757,0.0729847591444072,1.9247817258026936,1.262062057610569,-0.0396268771072752,0.2020788667579543
6,-0.0289509076113929,0.2643863919262189,2.2528465958919863,1.6699191293777724,0.1999588800176766,-0.0353400678227579
3,-0.0561063022202729,0.0910804508309182,1.9196261479570136,1.2419857451482388,-0.0168105279583134,0.2584111857166175
7,0.0085640568733933,0.3132589475771681,2.25944967294601,1.7455118803706149,0.1999488065629158,-0.0453530745276156
23,-0.3651116564312469,1.693244092570834,1.4087193990733962,1.6255456590897113,0.1999589970823603,-0.1337761627730985
9,-0.0785517256820253,0.5514701100611193,2.08347333321837,1.9528441870450957,0.1999307179116864,-0.2674046457923361
39,-0.8484029308239724,1.2878791061752657,0.9197420263983398,0.9990830165985792,-0.1999998908879428,-0.224907033496773
47,-1.06014213872858,0.6827754069484394,1.4151342856374125,1.2972556237253092,0.0241111688089451,0.4693730602513965
37,-0.7448977664852393,1.4819070558798624,0.8395329322052896,0.9268895000359686,-0.1999999010736057,-0.1864671080243391
41,-0.8980276770084618,1.2143226257863902,0.7681131167945008,1.019949990375894,-0.1999999854574946,-0.121675258779735
32,-0.4565112026336768,1.843750886327279,1.4532209265042642,0.983404518982912,-0.1998859161251297,-0.4121778594353267
49,-1.0978984947489556,0.6341675729017769,1.8031536499646048,1.093475927010566,0.2000000099927496,4.849812928441055
10,-0.1739724370910202,0.7156812277684007,1.8044298710909228,1.9711364198858583,0.1999741908588523,-0.0234995851073617
16,-0.2637841015639262,1.0874578550345848,1.6417329656567912,1.8315521040530784,0.2000000099457416,0.1639707789629091
46,-1.0390435670842788,0.9314261764897176,1.1196271638062338,1.419027158579797,-0.2000000096319925,0.455565255074802
9,-0.1080054689480256,0.5617710880186282,1.996035394319568,1.94607089210492,0.1999475239110169,-0.1610124484110138
44,-1.0040513034098106,0.8985961315029114,1.1208216371622424,1.3373220108654211,-0.1982436268438606,0.3474828251646246
44,-0.8793138744287454,1.2455036550347047,0.7038536565986018,1.0212629104052855,-0.2000000099995044,-0.0388511396586952
22,-0.3899273561325949,1.6275498325712767,1.4344517002489905,1.605088021289004,0.1212239003763804,-0.1059411690463267
19,-0.3821868500117645,1.357968890784961,1.6010756055500843,1.7155075871581824,0.2000000099377478,-0.1542140504175586
26,-0.3303079563109797,2.0869489461395987,1.247474279966402,1.3728932410010666,0.0226818745197715,0.3622542781080498
31,-0.3893430371011118,1.952650790131912,1.473700881996427,1.215840422012992,-0.1995488252616825,0.1509802992784547
15,-0.3079538071295532,1.010128285634608,1.6074619526651244,1.7671773906107684,0.1999908328378677,0.0128091429927586
10,-0.1129715925240815,0.6541068870410652,1.909584094831024,2.1022229512103063,0.1999829647523587,-0.2226922915232524
28,-0.3610199857495137,2.0388277738540457,1.1847958053138594,1.3873577336949383,0.1999663456472618,0.4383101989090855
49,-1.0677446682037417,0.7166504975603816,1.619768624254737,1.2961494650622665,0.022954895667317,0.8148106430569729
26,-0.3457424801954027,2.0429219424130785,1.1623380673668526,1.427640098567141,0.1999724371641123,0.2146384947421548
20,-0.3669787597429683,1.5298151354914418,1.525531386086021,1.6829910740778762,0.138284616475939,-0.0533359893584366
39,-0.8589727686067681,1.3891887085622772,0.6651852550592761,0.9180084993857812,-0.1647930836777971,-0.2017255365580945
9,-0.0981546062337271,0.5018475590310263,2.0810863515969853,1.698913243306594,0.1999886723851595,-0.0261980527728073
40,-0.8841323310568889,1.33101806573506,0.7773512052979807,1.0223022662523416,0.200000009516304,0.2658279978594077
38,-0.7209059719001801,1.4487528408764474,0.9028378120299916,0.8769444523040744,-0.2000000079092965,-0.0289500159100279
43,-0.8809246308710021,1.2032301212219656,0.8696100311961512,1.02777332607234,-0.2000000099745342,-0.1070479534457262
42,-0.9654950682451908,1.205231925201696,0.7198231565442423,1.1688627504481544,-0.2000000097356686,0.1054943867504136
24,-0.348943154259233,1.7977802547870876,1.2780153761294226,1.5464516529808152,0.1999863872017626,-0.196196240144961
47,-1.0376008521253028,0.7533079609319002,1.2641188602002795,1.325426932013646,-0.2000000099926733,0.6612180050087465
31,-0.4146521253930636,1.9703142399612648,1.5502852472153048,1.100489218588384,-0.1999999257080268,-0.4906072028473152
43,-0.9706866222414546,1.0297271907157186,0.8965319814768176,1.3098174420032886,0.081761592461823,0.3354385302991498
10,-0.1219526833501027,0.5415972930340053,1.944800135740314,2.098474604260616,0.2000000099524664,-0.3602714470056583
32,-0.4451602533835819,1.8193980729729304,1.5128624608648331,0.8801724879099976,0.0997981231273004,-0.5932218884008789
2,0.0247414412421322,0.0555041999988682,1.8761081556465964,1.378560452002046,-0.17816546384446,0.3375163214659137
5,-0.0481396376354193,0.1567757802093219,2.2679885145881737,1.5389986077697393,0.1998640641376835,-0.0156114986630879
33,-0.4371066728499125,1.8502573646122988,1.4596561352398734,1.071324233751347,-0.19995027984863,-0.0367896887224334
17,-0.3056649053038902,1.2223216902837957,1.6300218599524836,1.8007290371978868,0.1999772053497516,-0.0170109916739768
24,-0.3897809530786864,1.80131283577448,1.3337539630618434,1.5294571435870292,0.1792851951849219,-0.1877866839021907
43,-0.9864046116566796,1.0147559126364576,0.9873665205224972,1.3704053700670695,-0.1999997802486569,0.5126956634268529
43,-1.008556894772454,1.0588418229123715,0.9825741025295596,1.314553666706424,-0.2000000079727646,0.0525276301405016
31,-0.4237563688675822,1.8324783918201133,1.4269132251527648,1.0153222871459846,-0.1999836131460144,-0.2675601258665798
0,-0.0999999999999998,0.3277777777777778,1.5707963267948966,1.5707963267948966,0.0787592040528488,-0.3182789076510651
29,-0.3513546468562887,2.089386957044693,1.2819490740683417,1.3258959695670107,-0.0703746203555639,0.3469580669947323
10,-0.1129403318594458,0.5517210481893864,1.881120436885629,2.0064829326054405,0.1999934555328874,0.0208076346418318
30,-0.3763678621375126,1.9897533479848644,1.447313611456428,1.2429500719523188,-0.1649553963248489,0.1874688964508113
26,-0.3793650309288941,1.8855211182558889,1.238665749379669,1.5073985332928412,0.1999714366768301,-0.1654674126600876
11,-0.1835426659072049,0.6809875770230007,1.7742348174240927,2.015127970575392,0.1999898291625946,-0.1065097965451581
24,-0.3661890993866132,1.9486136276174024,1.2202873537924628,1.44448133741361,0.1999026361783047,-0.009377895638235
23,-0.3684776813982433,1.7766434852894937,1.3174262931905032,1.5643474789380958,0.1999219595740272,-0.0899242375694216
0,-0.0999999999999998,0.2388888888888888,1.5707963267948966,1.5707963267948966,-0.1999399601009763,0.412871109669042
32,-0.4071536865728135,1.8556717051031075,1.5130894939091544,1.546497867635693,-0.2000000099436365,0.2216632953102913
9,-0.0852195717045015,0.4009192976424075,2.0786616476860384,1.8803886557691705,0.2000000099481299,-0.3878077579587109
26,-0.3224807003938809,2.1360880359833083,1.3398330519583563,1.330024175400894,-0.1993598346037892,0.1392039991589546
11,-0.123175131279055,0.6051164741150894,2.0266392762449126,1.8375782852429825,0.2000000099933664,-0.3001801834150867
12,-0.2213868836014459,0.8056357743702653,1.7567687137660126,1.9591560646833823,0.1999691829226187,-0.1404724651481451
40,-0.919434370782746,1.273334197119082,0.5790088091584511,1.0126062420360336,-0.2000000091198321,-0.0799432095947187
26,-0.3580570731007692,2.043835688711437,1.1913929740574698,1.382375588457447,0.1910339236770601,0.1894518820766903
43,-0.963073694334632,1.055717084897304,0.8480999069896082,1.2809602523570858,0.0007011761611087,0.3626456477831853
43,-0.9560018110188222,1.068101734219607,0.8991074944522719,1.235231553079824,-0.1999999113208314,0.3197602331583371
0,-0.0111111111111109,0.2833333333333333,1.5707963267948966,1.5707963267948966,0.1193790211321792,0.0225090814272034
14,-0.2820290507305852,0.9231308575470784,1.7129443372276167,1.91654981927464,0.1999934005276694,-0.0875031533367362
6,0.0992065622497705,0.3113890751577695,1.4716739850726466,1.5707040371844847,0.1576722690132688,0.633845681660132
31,-0.4231450755693607,1.8537334404575705,1.54420171022392,0.9353610008512973,-0.1999628080118244,-0.5767097346093136
48,-1.0837205342732747,0.6690222805748012,1.4625876723465066,1.261329600017098,-0.2000000099417649,0.4672077807593409
2,-0.0409963185263403,0.0976749641756337,1.867318675914083,1.3893792914942051,-0.0938103163031298,0.291308383284362
18,-0.2101078315212598,1.3764741770914877,1.6686629513886313,1.9140118122552845,0.2000000099940692,0.2090922050370066
24,-0.3776313966210726,1.8679186984609768,1.2655142294850688,1.537857541971263,0.1164228361441975,-0.1676812692914701
41,-0.8809925746936594,1.3469753824219692,0.6717847260322909,0.96502980953206,-0.2000000099241192,-0.1082742068370238
45,-1.028235204012557,0.7946473067096476,1.3743055858069526,1.3684689294935617,-0.1999999830555251,0.0741256242811002
37,-0.7174186022578715,1.4523960004956356,0.8864448487261798,0.9133569441509068,-0.1999999156880642,0.0849134172754047
9,-0.0330886162826339,0.6371192106029805,2.116470837095056,2.044579934742929,0.1999663734040962,-0.2060197098059007
9,-0.0681185795603891,0.4291760731297314,2.1101086335864405,1.908710692467267,0.2000000099492774,-0.4193131252745836
46,-1.015556291095508,0.8008923752638878,1.3045387203481535,1.3965222979812113,-0.0698813642541634,0.5269752350238488
30,-0.4348276141813393,2.072934967737478,1.295043042921696,1.5007828560309362,-0.2000000096963491,0.1589268469412954
22,-0.3739959662787324,1.6299881512725132,1.4448306205010186,1.5921407476726297,0.1996742764437002,-0.1048633521612875
1,-0.0122479348655808,0.2031905404755371,1.7383518079903464,1.5007685301177756,-0.1999117855520466,0.2584041623420559
1,0.1002579585537458,0.3260640184492228,1.653130986788545,1.5469977299514357,0.1838118277905644,-0.3669717479276256
11,-0.1507761008464571,0.6592166178693979,1.8600589626670248,2.036463391379728,0.1999766008652652,-0.2014592743955365
48,-1.0363321919029913,0.7531068166548451,1.4160927879300456,1.2929506580542864,-0.2000000099653628,0.4919824790420798
3,0.1017733888285961,0.3921912922375319,1.9137138063695769,1.4839112362815885,0.1998512512769246,-0.0016094446936611
2,0.0186578066785849,0.1508297144329231,1.943401248255048,1.2942685922856014,-0.1334743526980932,0.0563695617856025
22,-0.3951750965371196,1.69799452896565,1.495063436278377,1.6370594863921826,0.173769768975198,-0.1233658986799906
4,0.0022946126950983,0.2207935028617525,2.119053230681692,1.27455505271627,0.0528572344094283,0.0642014323002165
19,-0.3767688858184394,1.4561070335258752,1.554448285200868,1.6867120460530134,0.1997395869391829,-0.0275298896604869
2,-0.1006314506889329,0.2555432294132169,1.535450748228703,1.5674936756930895,0.1643125306096821,-0.166187349066218
0,-0.0999999999999998,0.2388888888888888,1.5707963267948966,1.5707963267948966,-0.1999399600656949,0.4128709436070196
37,-0.7204069693999562,1.4808933762643024,0.8527874933463533,0.8926910890148615,-0.1999999797358091,0.1069980097511711
41,-0.9016783976112828,1.3211992029184556,0.7640225226667265,1.0517949453752808,-0.2000000099494842,-0.0820401379082739
49,-1.0295074759255585,0.708781537378924,2.1452582302179675,1.1378020950165424,0.2000000097470122,0.1694477133406361
31,-0.3934883241032486,1.9459407676453184,1.477717679986034,1.1946229834944209,-0.1998578982379984,0.1113424023856821
13,-0.166810488163984,0.8448573792073436,1.7568645561721663,2.010157186344005,0.1999965637059653,0.0836390642719733
30,-0.3650816008730072,1.9949013799812965,1.5140604774565478,1.2038460260942023,-0.1999714755750204,0.0355896006489685
23,-0.3492022278824811,1.7114514360626585,1.36318185279635,1.5898299849773303,0.1999806693521059,-0.1649439536259248
20,-0.3545695601321778,1.5374986048384782,1.559358171982308,1.684334080610006,-0.0479091543612746,-0.0387824923895757
26,-0.373647146158245,2.05215894886614,1.2212603921678404,1.424022535082856,-0.1999708287522739,-0.2363267161114835
17,-0.348295559339392,1.2302972245243955,1.638229758539472,1.7394619058176723,0.199970403803164,-0.041500144592694
30,-0.3985518011909725,1.9855440797260504,1.5582701536503176,1.1117417883405656,-0.1999432991967959,-0.2364618291030634
36,-0.6909062612179259,1.5147763695886516,0.9562848276135067,0.8978481053051894,-0.1999839973662701,-0.00564255998407
39,-0.8310490381971557,1.3236060211612868,0.7710669483544543,0.9585206058001458,-0.1999999117762576,0.1079847679611275
43,-1.008772938690209,1.0383407275474237,0.986719806739364,1.3184967331257684,-0.2000000070205234,0.0379691185978078
23,-0.3932736495359544,1.8375517323830943,1.49070526386169,1.5739660984584642,0.2000000068178529,-0.7784166915674069
9,-0.0893159859604219,0.4343828090339511,2.0142458910730223,1.8932898950667847,0.2000000099539499,-0.3145919387242415
25,-0.3807985201516964,1.8383115810924875,1.2036587856244625,1.5145942629559763,0.1999595141376616,0.0217290629215184
6,0.0417278568786361,0.17930710737065,2.297442958750997,1.501451246248314,0.2000000099562187,-0.4959219399029031
33,-0.5188150041193651,1.7458436657283352,1.1148215436049762,0.9081872016553056,-0.1999800038053602,-0.0854859931486651
17,-0.3233947021485467,1.4069247840946255,1.5761275077846388,1.688058117173964,0.1999610640117489,-0.0340429541771281
46,-1.06736578434496,0.7115839069154728,1.498496470102344,1.3412720485220917,-0.1999993854810404,-0.0028946532121503
32,-0.4065851140463375,1.859263899851048,1.514721424379621,1.5413185809644223,-0.2000000099288872,0.2208815153018451
13,-0.2262744555934384,0.8714925012539642,1.7299964922156672,1.922320950953151,0.1999766867359595,-0.0572594502554466
34,-0.5430833161157944,1.7269196337611203,1.0667067589845995,0.8204231913404697,0.2000000097600626,-0.256029729044134
27,-0.2997107830562489,2.115684284169929,1.2556887614217145,1.3296133480934758,0.0747777552672539,0.3633216747387179
12,-0.1734025930495233,0.7322606939739381,1.7881529750910143,1.985723786085588,0.1999981839036133,0.0132893793104557
31,-0.4021410014065376,1.8622646355100303,1.505381234982286,1.557059244482327,-0.2000000099203462,0.2661470300455195
12,-0.2087592311053082,0.8301871581582317,1.8027545801040272,1.932547198349934,0.1999889222303275,-0.1566364366716303
9,0.0377489497275428,0.4707451879985051,2.2409531707551817,1.861371669444444,0.2000000099933656,-0.4332619250169638
21,-0.3742439073635498,1.4896538426332526,1.5296313176539282,1.6435714978493905,0.0814452308206064,-0.1419939249398051
20,-0.3539211861046215,1.5436790104908709,1.5075463774290423,1.6937178092132814,0.009071035533064,-0.0358134971402194
38,-0.7781058375995848,1.418407215032484,0.8087761897137113,0.9006918920291213,-0.1999998978871153,0.0320931250567747
11,-0.1434437591642096,0.9100588534852831,1.881042837226067,2.065544790282529,0.16918739347815,-0.1774993113931605
0,-0.0777777777777776,0.1944444444444444,1.5707963267948966,1.5707963267948966,0.1999210610547306,-0.2055364662061665
43,-0.9518997637103456,1.0767744382998166,0.8977482943472008,1.227156954431942,-0.1999998548477916,0.318951598259119
8,-0.100650794140607,0.5864533687259637,2.039124564328466,1.9550811919685067,0.1978208179644187,-0.3276552513211988
13,-0.2088624865946282,0.8178357707464691,1.7326830672707896,1.9409745612308087,0.200000009962431,0.0581986519995305
0,0.1000000000000001,0.35,1.5707963267948966,1.5707963267948966,0.1415933412629537,-0.3774983539238071
27,-0.3355618651598771,2.07024203500349,1.4433703321640432,1.3003084734705692,-0.1999681499925304,0.0723240835425208
27,-0.3069218440276506,2.0991876507942986,1.3306451934066157,1.3061021321419293,-0.0599194340714416,0.3119961709212491
20,-0.3442433528328389,1.648960261312098,1.4306434700873236,1.6240287203809505,0.1659626399542124,-0.2458277966416938
17,-0.3440127793488959,1.2785633413535893,1.5909256714476092,1.7137715175687689,0.1999896154353598,0.060996220389858
22,-0.3515154343451069,1.6079412825740296,1.4253453659501414,1.5822093008023892,0.1999931683730378,-0.1836108926014643
8,-0.0716767305285503,0.355117574569498,2.072099425890718,1.8386802008496417,0.1999832948637499,-0.056580042650039
5,0.042153333957682,0.2057950793099729,2.294677525339256,1.5434836857224905,0.1999367312234057,0.0351234461765856
29,-0.3589639013935537,2.0632179007568063,1.3889889354493956,1.306966218516571,-0.1999775851536727,0.0634397635335876
31,-0.4041001953768382,1.8554081187209657,1.505088050910507,1.5612608442799742,-0.2000000099442128,0.2688168352094815
49,-1.1035900022560483,0.5996385440408771,1.7964775633778982,0.9007927612687816,0.2000000099752755,0.6190806363106531
3,-0.0570106574945143,0.3356918430472563,2.016586036482129,1.393032447359,0.1314856011834333,0.1431118504267667
29,-0.3500212008648088,2.095554185779545,1.3108647065844874,1.3182084449471243,-0.1550439840445371,0.3194359415014552
49,-1.0933564915190963,0.6233544726498764,1.7869784004131732,0.9448972694435382,0.2000000099669398,0.6310019805896296
35,-0.6284810402097998,1.6158567767089116,0.9173654355048116,0.8992006446440759,-0.199998591047162,-0.0882817072995653
18,-0.3345570082577851,1.3360395840186796,1.60987559432653,1.7325760610580083,0.199880234289773,-0.2109036076600612
26,-0.3243909019316821,1.9806127505703195,1.2129953997817378,1.418306968325172,0.1999951436937762,0.1762683287449304
24,-0.3824379163172657,1.7713026186963832,1.3573604683068137,1.5595994107311026,0.1999697255507865,-0.1714878145355565
47,-1.0222701899538646,0.8179753913484866,1.5802240108120549,1.3274048779504386,-0.2000000099634363,0.0875693123234955
38,-0.786346518508854,1.3878801852424232,0.8539381744947772,0.9626071471598068,-0.1999999281124243,0.0009699421291252
47,-1.0603184343673129,0.7577334556653965,1.5110927457597594,1.3624153506016738,-0.2000000099515706,0.148527738345851
24,-0.4078950578389512,1.7542543893068727,1.4970564125713448,1.5752901276741964,0.2000000066593013,-0.3615441773968936
17,-0.3488390070557682,1.2790410880758076,1.6088823723283152,1.7231230129662722,0.1999726298676717,-0.0888105541368899
37,-0.7533956814981202,1.52465805315607,0.8842231156912188,0.8898499309931718,-0.1999998842664604,-0.3096825714042772
8,-0.0780664750358333,0.3323448987249001,1.857351136454616,1.4650822748688488,0.200000009993552,0.2899937234774655
38,-0.8405574641414588,1.4069593267222371,0.8528709719565253,0.972301690475028,-0.0851067357649868,-0.2440597526159668
32,-0.418803653451599,1.873779156164898,1.4028711701419692,0.9418361995420504,-0.1765334889385628,-0.5424980457230343
25,-0.3846493310770998,1.8543447036401963,1.264695313819919,1.52738848106435,0.1998869235514444,-0.1985302043577227
34,-0.5463060291590998,1.7187087982882887,1.03257513376695,0.9074209606176727,-0.19999992957633,-0.2526654650243137
33,-0.4993418158345691,1.75894417517839,1.15154108460181,0.9391259328833188,-0.1999964474693588,-0.1391144723693773
42,-0.953762892351828,1.1519682640993054,0.9256312019841988,1.23225999143563,-0.1999999766631988,-0.0159382122058571
4,0.0777577125642003,0.2488858612145483,1.533820808925901,1.5828380751148263,-0.0042676732738328,0.5011391074254212
34,-0.5676406616312116,1.6299765398104875,1.0476347106185298,0.8781983651063602,0.0711918168936945,0.1394612547578808
13,-0.2060108168711906,0.7535026440155564,1.795578573891197,2.0608997983160564,0.2000000099808495,-0.292279715910938
26,-0.3607682992669132,1.9523697720078457,1.2292300875652558,1.404396868575274,0.1999547688361168,0.1167520960093689
0,0.0111111111111112,0.3055555555555556,1.5707963267948966,1.5707963267948966,-0.1997620564012107,0.3573864510789855
3,-0.0337778051066476,0.0871072816749738,2.0117430175330977,1.1970791778339387,0.0910592977373317,0.1677333977453846
13,-0.2582147605939979,0.8916531320809413,1.6919986550317836,1.8811137838954888,0.1999492735613559,-0.0988336125200641
2,-0.100134694501507,0.26001184646366,1.5882227132704596,1.561222379509562,-0.1999395746065957,0.3034470673260739
6,-0.0099508313292408,0.2444342171886825,2.2388499240067343,1.3938233969167395,0.1999388515429496,0.0867479018259075
30,-0.3659645077436742,1.938318140847018,1.4566487381842474,1.1764946390498638,-0.1999859469964055,0.0316755177422331
22,-0.4599156645684296,1.5775307470195623,1.5560396491226296,1.7155754138810642,0.1931555046575666,-0.0472030878308075
45,-1.0022917070981996,0.879566648974622,1.1407589438047747,1.4032534332265594,0.0273584056047043,0.4400460961977927
2,-0.0275963503652274,0.0846602269929737,1.9029352823880057,1.3012170609415878,-0.1049630805323334,0.1860043236646789
24,-0.4120887267970657,1.7337543365107515,1.4977680342879631,1.5673196327097985,0.1999997386815107,-0.1902819252364244
7,-0.0484297785659542,0.385137325707452,2.156806186833654,1.575240721708927,0.1999553535144016,0.0691707628090816
20,-0.4040173420009778,1.5003162348255956,1.5080374936249594,1.640304034767623,0.1098421363689134,-0.0505166072252417
40,-0.9129594225439208,1.1863796810240108,0.6845687116172652,1.1169914331266697,-0.1999749089734955,0.375191703345941
5,-0.014297966533176,0.1413160176577006,2.17240280012158,1.3676697269315787,0.1999649533247193,0.1846530301723755
48,-1.0687595578076374,0.665620364540672,1.5474002056599598,1.1710683954740184,-0.2000000099600048,0.6060468824680547
1,-0.0999251257595095,0.2788883898260099,1.5981765324857573,1.5627293624447909,-0.1998372337412552,0.3073674132185872
7,-0.0520312419293355,0.2763998932693919,2.1646808284011225,1.657860496272939,0.1999758279063305,-0.0211053740505892
44,-1.0120170793480177,0.882806843728249,1.238531835810884,1.3693607699598076,-0.1999999850910041,0.0465041577210032
45,-1.0419686443984002,0.7836408527299688,1.2711154455926756,1.3436632478526755,-0.1999999864299763,-0.0425131332513306
6,0.0377280038130679,0.2759362711489435,2.268142418065344,1.5068856113395472,0.1999878255648579,0.117459129157939
33,-0.5202549822100454,1.7355429999187972,1.1289583930745968,0.91103450108275,-0.1999930948806993,-0.1163776018441695
37,-0.800712207450819,1.3936397314826567,0.8223426736308447,0.9257996214989348,-0.1999387831400385,-0.0247590083099522
47,-1.04423652367519,0.8946204658521667,1.1897106888380389,1.426106378999678,-0.2000000099972977,0.3373253499846585
40,-0.7433052217491795,1.4160142311741568,0.894230363019977,0.8799749415658523,-0.2000000098712784,-0.0807003141326917
17,-0.3746525872485043,1.2138486447107235,1.5982802557435374,1.7196532503129962,0.1999879458220035,-0.0216225356617199
43,-0.9567313677668856,1.102863503784089,0.7979810191926102,1.135160488085875,-0.2000000093045851,0.0052114429757597
4,0.0144417561281813,0.1711215227872596,2.078683496513639,1.2013902246964223,0.0401787698431123,0.2041940842915664
28,-0.3138017386370427,2.0845588178823293,1.450839654603277,1.2303295938426289,-0.1718452792509353,0.0701066963305808
26,-0.3491825353594808,2.1127790015674326,1.208671254166637,1.4403766586806013,0.2000000098814141,0.2040529882989309
30,-0.3765902189504532,1.948015292903356,1.5233011274274926,1.1568733543477965,-0.1999269095705919,0.0622191650018288
5,0.0398476038755134,0.1658062042399564,2.283366055288587,1.5751415525294763,0.1999660936057304,0.024205987894515
14,-0.3032045809470744,1.1627585053153344,1.6683388697591166,1.801057734475289,0.1999743940193963,-0.1040729354598131
2,0.0784522069461975,0.4085501223309616,1.7090226943281035,1.535046528801065,0.0894526375193755,0.1547310709024671
19,-0.3416517365358993,1.5983467586410476,1.4875756884601454,1.6374747267458225,0.1989295866829099,-0.2896556010070811
30,-0.3372916963593139,2.010019345411194,1.471309726187263,1.1135796961351634,-0.199997985409522,-0.2163001226128592
48,-1.0586695343112829,0.7662449331101472,1.2169386009362082,1.3569522528741116,-0.2000000099954264,0.6724261664469395
31,-0.4067668103025357,1.90407581281674,1.5449008220553604,1.0717349634951123,-0.1999940382033863,-0.1945298285403615
16,-0.2652049764521753,1.0811131728424912,1.6484368639674525,1.85361068038302,0.2000000099934248,0.1197441720739325
3,-0.0011309794974491,0.0994424052573691,1.9748796234515047,1.299580171178315,-0.0277928388455854,0.2574616109553611
20,-0.3412046288616275,1.546008072211361,1.5360896932568888,1.630569765649125,0.1137017139562149,-0.0760756759259862
49,-1.066499889436959,0.6458744022251957,2.040059075751577,1.0963334180725957,0.2000000099465419,4.37600207442642
36,-0.6517954426864196,1.641711141915987,0.9394839229669908,0.9069972555918596,-0.1999998936158977,-0.1869177789594238
25,-0.3823381992478078,1.9067365207499063,1.2640812742200236,1.4799923773263928,0.1688327904113374,-0.2108618492070232
7,-0.0012742780088261,0.3172037767712463,2.240518455454384,1.8279801150080484,0.1999345714454016,-0.1026032204137661
21,-0.3822068978849661,1.5922796295662005,1.4672778407719471,1.6227431027502746,0.1998481854189278,0.0855615605710039
30,-0.3650380365231778,2.0384371205671643,1.357265179106269,1.3009942186306491,-0.1999999216418125,0.2660255108291292
16,-0.3280677893459541,1.2381950752857571,1.633668259778295,1.7803093393941989,0.1999697047039503,-0.2549239534388458
11,-0.1207979777207904,0.7006229598774691,1.8646750857976588,2.098223002542919,0.1999774051155401,-0.1091334223022598
40,-0.8988863081028569,1.220733357919472,0.7785732439395527,1.0728246026209225,-0.1999998894579782,-0.0370133405313246
24,-0.3799538137269388,1.7545697577640336,1.3692179741945605,1.5677468501948248,0.1996695201805057,-0.221445765586104
2,-0.0252148371495057,0.0492867769778727,1.9011627147581915,1.3211948297028548,0.0733898126425905,0.3130685141805025
5,0.0576662638419098,0.3276610841394275,2.080663382654304,1.423657171665749,0.163137815273818,0.256111368934553
35,-0.6135037815511444,1.6972627787861303,1.008709662654672,0.905495027972448,-0.1999998794959749,-0.3121864580759981
42,-0.964926345061335,1.063477343939291,0.9217001215624722,1.1900038906299366,-0.1999999697522475,-0.0883808000760682
28,-0.355653450369324,2.034102818867976,1.17485095287231,1.407347932222378,0.1999933444557985,0.4512351055059337
13,-0.245058897510119,0.9452899528418824,1.7197502637889723,1.928905013032152,0.1999708992747511,-0.0909607226024043
10,-0.1046474076211903,0.6138844003680233,1.902747132876192,2.057838712922967,0.1999638186282964,-0.0415389559415108
46,-1.0492892890582854,0.6970995658931823,1.411368397947503,1.344587292534929,0.2000000097862806,0.4196543588497045
27,-0.3428657576860007,2.183754201574236,1.240132705369268,1.4131651750890375,-0.2000000090538483,0.2942699989801088
30,-0.3627339095511098,2.045989314138711,1.3721624063935618,1.2959259273792156,-0.19999993520184,0.2495407593199281
13,-0.0838753914914289,0.7867466384086513,1.994692432754908,2.088229313483698,0.2000000099969557,-0.3590482253060927
34,-0.5662707153373172,1.633540703888306,1.0557324635472636,0.877675145327514,0.2000000061124996,0.1095533793065849
12,-0.109025509071209,0.7884126646366929,1.8910224537085087,2.0983356264029625,0.1999818970692818,-0.1144839646277156
30,-0.3286207741534961,2.004579916265851,1.173819356658731,1.3880352470906,0.2000000080783459,0.4401001659215076
7,-0.0130627693559657,0.3416021696151027,2.228234768905912,1.7224839024940646,0.1999362475374357,-0.0419961488323698
26,-0.3275504624568013,1.9858539449943728,1.1980769420650343,1.4112491281116972,0.1999904971368406,0.315226919918584
10,-0.1357627848274976,0.7622886053235146,1.888289088478757,2.007778251514423,0.199985862446555,-0.1453006241725038
31,-0.40237090219491,1.920903307142355,1.5339753447091344,1.0857273791876652,-0.1999113167058309,-0.1864671799951783
38,-0.7869115144109649,1.372847633811641,0.8304459984090666,0.8788950145439873,-0.2000000090684931,0.0003866942156749
3,-0.0368425061937238,0.1847213923591159,1.9664232517269,1.1911329072106125,0.0626843074201529,0.0909336691473178
27,-0.3084792851031527,2.090963687136563,1.452869244911943,1.2338488659478954,-0.1571994605310084,0.0605612919821234
37,-0.6717113450849734,1.560582729635683,0.987060746534974,0.8358289244161363,-0.0530546119904573,-0.2633879680410551
10,-0.1399294978211737,0.6025236053868614,1.9120658012714724,1.9677543190884683,0.1999324264940704,-0.1643732520161583
47,-1.0310626306617767,0.7205152745677451,1.437714778878961,1.3552063227782474,-0.1291759346992396,0.6429006804431779
23,-0.4082401638034423,1.7125864679836504,1.4940896863725524,1.582503530743372,0.1999827380218449,-0.1526962092445373
44,-0.9640372501776812,1.0527871002383915,0.8591079684582095,1.2862678317617888,-0.2000000099572084,0.515774797624411
13,-0.0545170542128825,0.8692176305518824,2.081499753950406,1.968248545070768,0.20000000999379,-0.090383838221752
33,-0.4785949496034212,1.8031611296998284,1.3835594868895154,1.0024833824995851,-0.199979559412181,-0.1524035276099014
33,-0.5095317279687634,1.7354887710612417,1.143513109265728,0.9330963879443512,-0.1999969113927261,-0.0813082205839546
22,-0.4114859342322216,1.6428554090864878,1.4939241344716887,1.586175482200654,0.1425679849245163,-0.1063442920544303
16,-0.305552162502566,1.0921924910205083,1.6346619884159903,1.8016663146457148,0.2000000099435316,-0.0698725522212993
0,-0.0777777777777776,0.35,1.5707963267948966,1.5707963267948966,0.1994508462489837,-0.3960369384433966
38,-0.7896239117779174,1.3690819377488803,0.8302731561150889,0.8845967886461528,-0.2000000090510087,0.0399094936753783
27,-0.3498727417605312,2.154839767347936,1.439830468097005,1.3198218663587145,-0.2000000096112195,-0.3947765731193369
22,-0.3730451223513834,1.6327834253940396,1.4515684666719777,1.6286909814673978,0.1643790370458083,-0.130179512066572
25,-0.311436252680243,1.9407833665656609,1.2220347570863108,1.5084843587211438,0.1999897268052497,-0.0762563208869739
0,-0.0999999999999998,0.2166666666666666,1.5707963267948966,1.5707963267948966,0.1267728252473177,-0.4128075021082498
10,-0.1272161897365407,0.5037342430591891,1.877390855052744,2.015465869553557,0.2000000099545179,-0.1880685400860239
22,-0.3386199335441043,1.6212529555798303,1.490257268567309,1.7268915724419032,0.1681164145205955,-0.1970673233812499
22,-0.3551813127264336,1.6621012684204894,1.4912129263701166,1.6297571176683456,0.1720693777158981,-0.2086407490917476
0,0.0111111111111112,0.35,1.5707963267948966,1.5707963267948966,-0.1993020561145907,0.4129433269416733
39,-0.8280867599454238,1.3311676560810255,0.7783358367767672,0.9384183411775264,-0.1999998913061373,0.0095369438831525
29,-0.3272104892114879,2.0249154294890706,1.1882446790721757,1.3793479046982793,0.1999999845213232,0.4434878165392963
45,-1.0019651903879794,0.923571077337772,0.9680815609779696,1.326859055247446,-0.2000000078312335,0.2919967713776324
26,-0.3087129218929411,2.066459491037643,1.4972251961615424,1.273485932718424,-0.1270015231845522,0.17914657587965
26,-0.3663483341369437,1.991891831163189,1.4815883869912962,1.2178502989782087,-0.0875589358484706,0.0950539625940847
41,-0.9389326732063412,1.1280085496962369,0.7370322058585028,1.2019104609465618,-0.1999999499460712,0.4798454453068422
3,-0.0009611093076617,0.0807486954682065,2.002549232044492,1.2877242552155133,0.0154780538054038,0.2516169378938153
13,-0.2399292436521485,0.960637816576824,1.7318723932891715,1.9017588957768767,0.1999455928751569,-0.1237924416576483
31,-0.4054865045112459,1.8983584848951005,1.4211398224022729,0.9867836738682414,-0.1999916749247767,-0.328509802619972
11,-0.1831490569812708,0.670135281475477,1.808984390932096,1.9876040518644256,0.1999895822186932,-0.1518659685989746
32,-0.5231312033277139,1.7478397766895883,1.103103038915668,0.8415949155458291,0.1999964145994789,-0.291467152030762
18,-0.3622324025061766,1.3813273082487838,1.5550606521454196,1.7052936560651202,0.1995261282339257,-0.0264652469316187
41,-0.8757952448456953,1.2972285795746752,0.6854861555752298,1.009762661817174,-0.2000000099579954,-0.0638051825004339
25,-0.3423762932785778,1.896126436792693,1.187288531163011,1.4922280731759756,0.1999824690126416,0.0342038951360619
8,-0.036601737540244,0.4690422452320214,2.241721262284789,1.7830102527400082,0.1999871459824369,-0.157696190357517
48,-1.0412418929470588,0.7544716669852088,1.2612020457771165,1.3476439617644844,-0.2000000099954808,0.6388769685512087
28,-0.3519434095406881,2.071130183757283,1.2284740536150078,1.3580997642059955,0.0506393750432898,0.4058461769083173
21,-0.3789375089101817,1.6990609245139294,1.4154193523016314,1.5928734783531588,0.1284333224246003,0.0802975210394305
2,-0.1023993294074273,0.1760797053710798,1.708154330049303,1.4985959936916178,-0.1998895184726488,0.2844057865412105
43,-0.9390260476060508,1.128469608504726,0.9602712419751516,1.244688540485636,-0.2000000099441252,0.1126925458145007
3,-0.0372787704678763,0.1681822719192035,1.8426227728512623,1.4329270265525045,-0.1955999128376958,0.2916569099478471
39,-0.8801766240063935,1.2986769291980829,0.8025678210342446,1.0533444309614337,-0.1999998849322869,-0.1004818764198588
29,-0.394113260495649,2.014166487302776,1.5590501810100417,1.1560770946436578,0.0055496954800621,-0.4154899711304928
11,-0.2036964239506913,0.618510320096349,1.7936138967659812,2.018675812444969,0.200000009944923,-0.2914174568404353
28,-0.3445421349074449,2.109131703589352,1.346792404342426,1.3008701438971773,-0.1828994282140635,0.1270371373648083
41,-0.9451083051030424,1.235786606426431,0.7815882349994521,1.1482005767682948,-0.2000000092513259,-0.0376645173455251
8,-0.0106389349501137,0.3719180673168503,2.19338791171578,1.8849722003489824,0.1999916363657306,-0.1390294139061524
2,-0.0564791961276682,0.1756579556173755,1.7345860647645337,1.504378386988782,-0.1998870432433905,0.3223787640857162
0,0.0111111111111112,0.1944444444444444,1.5707963267948966,1.5707963267948966,-0.1999403285461828,0.3746942485993789
47,-1.0340912904539177,0.7602838738760683,1.557817150590284,1.34363454429387,-0.200000009952281,0.1631243271115179
40,-0.8792870955640975,1.2502133454308582,0.7127705859628062,1.0292540577227005,-0.199999941001983,0.216091042374413
19,-0.3705567048721875,1.5091458672565947,1.5369301568748677,1.641034611419566,0.1431146080273591,-0.2595886631337777
46,-1.0339633048198769,0.7621848348371679,1.4807449567725803,1.3444902879023366,0.0215198058592642,0.2557590988119897
18,-0.3588696276456423,1.430822713207746,1.5741099874165396,1.710670457033194,0.1256012348351436,-0.0835430211784207
18,-0.3182358839248126,1.3296632092624514,1.5867964076485972,1.7031670707959816,0.2000000099691512,0.2181052839347985
0,0.0111111111111112,0.35,1.5707963267948966,1.5707963267948966,-0.1993020561145907,0.4129433269416733
1,0.0292840872500957,0.0941280498626107,1.735114292302404,1.474335263860191,-0.0503811164253507,0.4010461406188786
22,-0.4098304851107005,1.6536735441147072,1.494085100540195,1.598005859227619,0.1999556177820169,-0.1577497809729836
27,-0.3062838181584052,2.103103609546225,1.218064577379499,1.3349839308208775,0.1069324763647518,0.3896006975221295
14,-0.2922969712007868,0.9024966413939276,1.698919923105512,1.860389109710204,0.2000000099633257,-0.2505082365472005
2,0.1001825202724314,0.22238763397629,1.585554943480764,1.5689778110055244,-0.1996058317276218,0.0959694407840819
22,-0.2891197686282195,1.581346201916337,1.5527449260142188,1.8298981649707275,0.1999865971495638,-0.1439479314640127
23,-0.4019303730110735,1.748468934412454,1.494119425365005,1.589400163637998,0.2000000079995957,-0.2979603731679363
21,-0.3442998434008023,1.5733053982428664,1.4947721856322629,1.6261348245517178,0.1999499898557596,-0.0178415769987269
31,-0.4241308132313872,1.958213787069636,1.524199110516582,1.0586858141997837,-0.1999976387135801,-0.4155722706785546
12,-0.1898223183805694,0.751582742717308,1.7698494280364852,1.9798804463630504,0.1999794056163174,-0.0437215833653896
0,0.0777777777777779,0.1944444444444444,1.5707963267948966,1.5707963267948966,0.1724183780960599,-0.2241122916277018
29,-0.3560164481377457,2.0347033876905347,1.4767878478218552,1.2535072624566246,-0.138796081167489,0.1328226213926823
35,-0.6141113888928169,1.5780693653285556,0.99564362044004,0.8621720142863928,0.2000000094034232,-0.0939710969976463
48,-1.078648866899104,0.6750264142873124,2.007388179251228,0.9599027491183764,0.0309732697490575,0.1229947058149873
3,-0.0170510288747946,0.0901386775089519,1.9940712163832528,1.1601399078291306,0.069666722520591,0.1880052009230822
3,-0.0030292859275799,0.0275507476997866,2.093669639029775,1.233660292724524,0.0347269332162293,0.2340820206876896
13,-0.0415332634215493,0.8791519536925959,2.0291938322472385,1.9958356385949485,0.2000000099938272,0.031911557554833
30,-0.3757828847883129,2.0065824305282947,1.4780194091811598,1.2124571543164224,-0.1999761563073383,0.0511399975838765
0,-0.0333333333333332,0.2388888888888888,1.5707963267948966,1.5707963267948966,-0.065248876132601,0.1252489774661425
22,-0.3766495465507995,1.581242073190464,1.4759910042074065,1.627948887609856,0.1995962622849651,-0.237218051857627
27,-0.3398449410242534,2.108527247955116,1.2190088383236397,1.3537300561568526,0.0117725796533704,0.2879944610278135
31,-0.4315803133325639,1.8451593418406929,1.4758207487189647,0.9352823169328046,-0.0881744518397127,-0.5728324672835071
4,-0.0586521779872802,0.197702575913709,2.019511961438928,1.3743229624238948,-0.0906357128518061,0.1730749847911724
34,-0.5654893694560115,1.6333328634318158,1.0556134218957762,0.8787434008304393,0.2000000056965197,0.1101372728961004
45,-1.0202644920060078,0.8305531033757967,1.205791455754314,1.3496081124995898,-0.1999999692622426,0.1651616744124797
23,-0.3869753418065236,1.7280541744672588,1.378126517930303,1.5642154322315276,0.1843414773620915,-0.1017890883095909
7,-0.0351225998091167,0.2688496418582276,2.265004647025142,1.765654894623025,0.1999889505312063,-0.1975958907166633
7,0.0263333768009445,0.3348840688979585,2.275317152091537,1.800260317097694,0.1999636528851333,-0.0666550338708496
49,-1.0991447066042783,0.5944317232393386,1.7162007163741082,1.0651736646688508,0.2000000099654366,0.7833255655378121
48,-1.068437252530385,0.6610857597141971,1.7009272756797698,1.1350707287145334,-0.2000000099586113,0.2002710877478702
22,-0.3546333181097617,1.7606055797230658,1.4322499009456973,1.6727431912113389,0.1982647306361876,-0.0945920711817648
33,-0.5195338900956308,1.7320557077790149,1.2236514846470694,0.9301946158215711,-0.1999865314988229,-0.2336325226859499
15,-0.2854968733235791,1.0066623398132608,1.6868752362814288,1.832487433640545,0.19999815192593,-0.205039642727174
19,-0.3609375256257959,1.4679999169283962,1.473335474287727,1.6923097306746049,0.1998060478555849,-0.1495763881252282
48,-1.0393691552942028,0.6905167009544618,1.672704272964273,1.2445638842552338,-0.2000000099613609,0.2330913736505295
17,-0.3411566609728698,1.321979095574372,1.601059486218963,1.7579757265863654,0.1999843047080103,-0.0278978324210429
42,-0.965397305374462,1.0823547001474996,0.8766947455114551,1.2209094467311985,-0.1999998033188033,0.0163188061947619
11,-0.134898513642284,0.6611981680634182,1.94391077111033,2.09307196274238,0.199989242239789,-0.2569697035894364
38,-0.8035068160596583,1.3942176787171037,0.7904877281221725,0.907072912446938,-0.1999998768615887,-0.0704981406529082
13,-0.2389323162013504,0.8114159462343415,1.688971341648374,1.90174948540906,0.1999984330740007,0.0757447179448093
19,-0.3306797012173796,1.3828801479965165,1.5796467597272734,1.6525673191583456,0.2000000099484588,0.2856294022343655
24,-0.3419897837533693,1.8061976871784744,1.3009892227735858,1.5155940862223276,0.199990297330685,-0.1916089691771348
5,-0.048059688641731,0.3814134129270634,2.195503198602472,1.5876824394187825,0.1996686952539286,-0.2050437671548322
8,0.0348569397980975,0.3353665994676349,2.2050215835359435,1.8785489107337296,0.2000000099932625,-0.4309084440403952
0,0.0777777777777779,0.2611111111111111,1.5707963267948966,1.5707963267948966,0.1715896042370564,-0.3450117782622205
47,-1.0281815013412317,0.7842939444451505,1.555374774901681,1.3526920864678715,-0.2000000099696816,0.0989749248495454
30,-0.3659365652322842,1.9629971349405029,1.5154775766027495,1.1697376855636603,-0.1999864003832252,-0.0115295321271104
43,-0.9720525469354776,1.0166434107225153,0.8600843446936945,1.2290836977169624,-0.1999999875103881,0.278705702190261
3,0.0555625795238189,0.3718446437896939,1.574531071880136,1.5696458810725882,-0.0736538997296908,0.3445395614044828
29,-0.3617628219896294,1.939504680373076,1.46325429628161,1.1766071980777608,-0.0253772138547087,0.0800306868003015
1,0.0069369944810364,0.1256070169196564,1.764486149945531,1.4618372764992589,0.0078436776045235,0.3357289551325449
32,-0.4583906891407447,1.7739429969236955,1.3673254447665553,0.9482599836996684,-0.0985982619218566,-0.4915698863855359
25,-0.4071058884289039,1.8601820186004687,1.3223089362171034,1.5340421328767777,-0.066972812925233,-0.3164566179881314
31,-0.4232232336043036,1.891105549800942,1.483664439120565,1.1002726151853124,-0.1999834522930772,-0.0793556760960537
37,-0.7401093764132625,1.4494639329825745,0.9244630287530328,0.8891155676680118,-0.199999048447753,-0.2842823357282816
17,-0.2553598892534582,1.2813095573521605,1.666495647995106,1.902427200100469,0.1999764823284676,0.0429070322753637
1,-0.0341532284050584,0.1825220446426641,1.696877853074346,1.5186866082382489,-0.1062179327193017,0.2762740974342552
23,-0.3710397849373423,1.739634428713786,1.3265298447248082,1.5776522998422926,0.1998679007442581,-0.2635597393413468
44,-1.0189681150393866,0.9947388354950272,1.04700426856545,1.3539651012621892,-0.2000000078243193,0.11275489195236
16,-0.3331631359160805,1.1077066731574612,1.5644376003358955,1.7399626643410682,0.1999944566382046,0.1659991756922814
13,-0.1997567223428241,0.8193776826211459,1.7200212190535409,1.9426765403583104,0.2000000099468505,0.1144424285243071
5,0.0533047736845203,0.2924028665327265,2.1430847431209425,1.3459780502240717,0.1566879914658916,0.2749475237504112
45,-1.0516767053942742,0.7989282357031146,1.397981078424726,1.388330060162078,0.0519033416225984,-0.0554038014643901
8,0.1042179965646726,0.3260201771664588,2.2057173485544066,1.6826083638598317,0.2000000099794064,-0.3983122956626851
30,-0.4022109693992245,1.8568968883802963,1.5039922493186335,1.558473518150445,-0.2000000097537188,0.3278101175429702
6,-0.1190984014923702,0.3198492724597983,2.011608204699764,1.1573038736396528,0.0903345990843272,0.2427267336065493
13,-0.10852176270788,0.9070247391568568,1.888315125293858,2.105351190372495,0.1999666736087954,-0.1137696302035559
8,-0.0823007981899514,0.4186913232347966,2.07314479077724,1.9766436604969224,0.1998563712895242,-0.3485898780093426
25,-0.350187265415166,1.9420338947501616,1.2787000184434965,1.3948262684296877,0.1999449538893488,4.529430545130603e-05
28,-0.3390788706634453,2.01115249924798,1.4108638810601573,1.2339192894224504,-0.0570224746843779,0.2131845817366139
45,-1.0183626571715163,0.9335069385627986,0.963471989208136,1.2990074699076917,-0.2000000099275012,0.2024005397635064
7,0.0130115780833568,0.409624667446651,2.226247438765605,1.8091168654872647,0.1999555705875259,-0.0631404071588509
26,-0.347250757668434,2.0075145481458225,1.1638148463031228,1.4473369414633666,0.1999591426418344,0.1895406899435828
38,-0.6787717826609374,1.5888672294803508,0.861350935944591,0.795208193916989,-0.2000000099024659,-0.1120090330115517
30,-0.3408929981034035,2.0075168176406204,1.406466876217399,1.2397965060877354,-0.1999998723164782,0.1585138037620059
17,-0.3438212704058511,1.2482662199096872,1.5673598969761062,1.718277742292953,0.1999714452632996,0.108324319799625
45,-1.0565596760198526,0.7090170380975439,1.5127010690656046,1.2238641547938356,0.2000000064495839,-0.1699711971325012
16,-0.3349283807297395,1.1431072704577738,1.604562760845035,1.734402588018534,0.1999647567119637,-0.0182137648304185
29,-0.3593393172072606,1.9441436527266784,1.4622609774258477,1.1730245369323706,-0.0459383192529324,0.0701974412375567
47,-1.0572708972980642,0.71637374616829,1.368916959562574,1.3315780167689537,-0.1186927082111158,0.5057341081349246
26,-0.2865406808590586,2.1122975583049897,1.5372577217206067,1.2894763065912065,-0.1999637348089265,0.038794248192758
32,-0.4078760919974648,1.9083620907587984,1.4915435249593596,1.1377657962106855,-0.1999804170429256,0.0070868288282394
0,-0.0333333333333332,0.1944444444444444,1.5707963267948966,1.5707963267948966,0.1587521130006082,0.0376993850135428
47,-1.051397946248962,0.8006007685454853,1.3448254177954535,1.4096171541788567,-0.2000000099139825,0.2510362622355715
19,-0.3682757722806168,1.5250179437690972,1.521961604305778,1.6722164892074871,0.1663350959644295,-0.2443952087580138
35,-0.6147693441361067,1.5868572407667687,0.9930801066246372,0.8657894919589825,0.2000000089403429,-0.0771315625178229
33,-0.5024003060904109,1.776172366730271,1.1852580011562033,1.003595679341632,-0.1999992097635752,-0.065374221709686
21,-0.3845104951406257,1.5416628848864906,1.4822360845890383,1.637249890054917,0.1996878340705213,-0.0295527369984017
36,-0.6786904648421178,1.503871712636845,0.9765158417311052,0.935640891092706,-0.1999878970287681,0.1062273568090397
2,0.0773883747943955,0.3261850709472328,1.5915691340949871,1.5588766259749638,0.1122331008189652,-0.1260964449401552
2,-0.000513115032507,0.152191899035431,1.8704807917263848,1.355070442262278,-0.1991667763834379,0.1441083853843266
7,0.0996965776291568,0.4144975008125391,1.5501262630012371,1.563051012096919,0.0852884330491914,0.4093631366425965
31,-0.4065746748934233,1.911603018136808,1.518266218960923,1.0777145364759493,-0.1999758045516233,-0.1701957048177677
4,0.0315030802527468,0.1423310282422318,2.133945637443338,1.3554867589157102,0.1999277910029667,0.2760353380432572
4,-0.0571317123677627,0.1923225240817218,2.0640297840025763,1.3810451503842274,-0.0702285010494117,0.1578997956138845
23,-0.4108399947772576,1.6997344611781884,1.4936652714994292,1.5735289695271473,0.199820425830635,-0.1567868864175605
21,-0.3913943089646195,1.5727864043860915,1.4928426826980452,1.646913798646223,0.1992190318080208,0.040869986629682
41,-0.9353183727774176,1.1741737459573736,0.7595918703743201,1.2365013468577088,-0.1472796983148557,0.4904729665723185
4,0.0041781978295689,0.1664699016793905,2.1139691779997687,1.3125683005799142,0.0396597141360784,0.180494371104647
10,-0.0949767050077262,0.6231755734888199,1.9116856614735465,2.094393940914184,0.1999641575513634,-0.0659200682569814
18,-0.3153377602008775,1.3010733850696534,1.5901639657702784,1.7108255842921627,0.2000000099685027,0.2137249539338453
18,-0.3380835582038564,1.2361771713681071,1.6036669994380812,1.7296448537021325,0.200000009974393,-0.0535793249468268
25,-0.3429348772965663,1.894709032848218,1.185748309889112,1.4897569335539027,0.1999824981622492,0.044623140484869
18,-0.3178909371166111,1.339237890445571,1.6489714283849244,1.7630117947815829,0.199769082578868,-0.1946691494004036
9,-0.0987054207249582,0.694672463304107,2.071974254039151,1.939998083478748,0.1188585228867681,-0.3158196452619318
35,-0.6562531591466988,1.604186376213509,0.890850112834249,0.8094484309424695,-0.2000000069521801,-0.0968538364415479
3,0.0517709291565546,0.1457050875177993,1.9374583373453955,1.3981710181893685,-0.0496236304138642,0.3263719354385272
3,0.0784733646066889,0.3322450816291886,1.6671179505672793,1.5507364891335185,-0.1998899971554673,0.3570856837341601
13,-0.2187559597182164,0.731703826609019,1.7711536968734602,1.9186506941615653,0.2000000099759553,-0.2274971058599262
44,-1.0137775763267929,0.8808608089683693,1.0195791618334402,1.41474793752932,-0.1205379360916866,0.6042368900435149
26,-0.363432391892438,2.0084639677930145,1.160967900478516,1.42232967220587,0.1999055530775566,0.1330056612006906
28,-0.3588908008480833,2.1195178249368776,1.4272233183172087,1.3028032549517543,-0.2000000095678349,-0.3659030069660422
13,-0.1879276788303605,0.8503288126003673,1.761729390421186,1.9696463945659528,0.199984875560025,0.0243063758264138
21,-0.3460468473725737,1.5602379577067904,1.4512013802912571,1.6228579319020933,0.1817822743833551,-0.0497696772982369
42,-0.9087444684701153,1.3178112007019218,0.7927830713477473,1.0713583355978509,-0.2000000099342746,-0.0549169599912007
14,-0.2675489043797543,0.9588826825799044,1.723462359109197,1.9302390530724025,0.1999882900872563,-0.0935756411469844
19,-0.3892052272214767,1.498097144408875,1.5201690244164805,1.6895301489897605,0.1999580867218034,-0.1928563384118973
23,-0.3599109800140391,1.6161902631121052,1.4096942032363753,1.552644169450278,0.1999875515474806,-0.2305389415610396
16,-0.2932969551086299,1.0971584878073866,1.608658836283956,1.7549097806686933,0.2000000099933146,0.2059719704190683
21,-0.348570705606307,1.607238470227212,1.5581676867117218,1.673688770467176,0.1981967354855116,-0.0519102693664145
30,-0.3916753181794564,2.0088238884044385,1.5597363981094698,1.1517397099117008,-0.1999346752058151,-0.1834511979855503
16,-0.3415691108119155,1.1617625969864491,1.6051892368372604,1.7126039094531094,0.1999507928995109,-0.0360307398349954
5,-0.0549498205345847,0.3639671588023685,1.664255294078265,1.5503083192831415,0.0037822821868403,0.496685467026493
29,-0.3613746447494619,2.0020709034163984,1.5367970512622608,1.2216177327922355,-0.0606985682031059,0.0576409579851819
26,-0.3675634582506217,2.0932706987712493,1.2394886399295668,1.397437632333156,-0.1999997986147285,-0.2585051147444017
2,-0.0015610804016615,0.1896198454816982,1.8879528949644904,1.3388501533149293,-0.1877387699160116,0.1187914608376627
25,-0.3396776184761583,1.8850119694353704,1.2330261367049555,1.4945434852166826,0.1999968790250184,-0.1300282718129573
27,-0.3387820264840343,2.123194179444372,1.3214166658606867,1.3221441661665276,-0.1652733949354576,0.1429494660602722
41,-0.9495272406444132,1.2032449038086483,0.798542664447103,1.1661804906698228,-0.20000000890594,-0.0611177482854954
19,-0.365772422045791,1.5289556782546885,1.4529076042261462,1.6822432178443052,0.1996219284099777,-0.2273829003812585
6,-0.0092742492960084,0.234364571689389,2.266399980583463,1.6975873125587524,0.1999295315115337,-0.0601455765880683
43,-0.97306608209982,1.184270162571765,0.7437110180642943,1.1925828955731568,-0.2000000099525164,0.1287354110619765
24,-0.3600747960695436,1.946517423336218,1.3330903489005663,1.4801665111743934,-0.0225635607246853,-0.2433984203642958
16,-0.3207854410365834,1.0340726397836724,1.6590856360879285,1.8674860435017089,0.200000009985841,-0.2275859282633402
2,-0.0776743084726682,0.1939590656421747,1.6108755441990237,1.5589051920708024,-0.0228112695898791,0.4356151008817782
32,-0.4963482685532426,1.8376187899892744,1.314847228178058,0.9370840574664332,-0.1829481351226387,-0.2892869035338214
48,-1.053508215390607,0.7080059704296278,1.6579091623348303,1.1988930845033487,-0.2000000099638933,0.2500183637762777
42,-1.0026018499234486,0.989069242034374,0.8999531912293772,1.2616941176527696,0.004259569826471,-0.128761431270233
2,-0.1033586126567918,0.4439049353482114,1.270464373855531,1.5913731470690329,0.0304797581558722,0.1973543420483602
32,-0.4385491544747686,1.811712401412928,1.3768137293544154,0.9814503354997912,-0.1999829811680278,-0.3904081209887445
15,-0.3209760243505688,1.125539673293381,1.637829997637544,1.795465502920137,0.1999786762303173,-0.0866382873524353
23,-0.3481171922167133,1.7320793585767444,1.3514639000084738,1.5471316298436577,0.1999810160981981,-0.1551671869791812
3,0.0544033906247136,0.1540761824520753,1.7589764604952671,1.493484268192117,-0.02573765234332,0.5413829325393852
26,-0.3274429882863831,2.026209956253728,1.1977954069760184,1.3699122298481283,0.1875874259473476,0.3964293231614369
26,-0.405017270559996,1.8915700069473136,1.3037649552014212,1.5216456798906732,-0.1999992038688872,-0.3174928470623339
9,-0.089134157997618,0.4383373586302224,1.9831064204361777,2.0062144705479747,0.2000000099501904,-0.3359304780162896
32,-0.5059803132187239,1.768775070280255,1.1449340815332274,0.8556755021810515,0.0750931490568275,-0.3535094590326
42,-0.907371963773982,1.3067853548703623,0.6752730319884162,1.0162935624937277,-0.2000000099008655,-0.0209692639739179
40,-0.7848648799637975,1.372562764329469,0.8561985111471753,0.896344022193373,-0.2000000099521787,-0.1196816375224886
9,-0.006379281266698,0.494855750512663,2.195606869706188,1.9443775453253271,0.19997190115346,-0.1459699488630931
7,-0.1169219100445238,0.3304988328283385,2.07427441009966,1.1867095783413109,0.1999487144684146,0.1495228713405347
22,-0.3794287425012089,1.5781337029209168,1.4784905845907073,1.623000246096526,0.188026639745252,-0.1308238723491258
13,-0.2287671130525925,0.8378722170159232,1.768425398566995,2.0084039120515538,0.1999934991613653,-0.1247921463597375
37,-0.7260992060933948,1.4702671913767682,0.9151022108879427,0.92127716387494,-0.1999999212485735,-0.1952655291754635
5,-0.0101234104461879,0.1122545259275649,2.275506348409925,1.3523958441561956,0.1999614763186964,0.0182202543944989
5,-0.0927147370598348,0.3734908605029757,2.153396078446184,1.5596975657319316,-0.1334285405225237,0.1706073286960694
5,0.0562806160482697,0.2976860182292055,2.1039755503323416,1.3960188381442027,0.1994240202349231,0.2634583934070914
19,-0.3723523780886077,1.4003930449744422,1.564986010142837,1.6725172114304965,0.1998973055829111,-0.0098997355043853
1,-0.0117315008198461,0.1859660698830231,1.6781469667938094,1.527347874315014,-0.1998978018277626,0.3329128278369401
49,-1.0449801099353946,0.674155529030944,1.837535117813621,1.1528307509531963,0.2000000099928328,4.781049992745486
36,-0.5992469136185417,1.7073225154901812,1.0295800055053572,0.9011039577020384,-0.2000000083216601,-0.3364892415713933
6,-0.0279793883785122,0.2225621956150602,2.249214411773954,1.4467050268672117,0.1999875858632688,0.0416082129712344
34,-0.5569162893601447,1.7097704470776267,1.0161888720380825,0.8967408900102442,-0.1999999241362452,-0.3067769399492237
14,-0.2307472003550364,0.8954907389428252,1.7000122229245047,1.9052850260171303,0.2000000099632941,0.0839846558870793
49,-1.0864089721993848,0.6462949882591525,1.8500910038736205,0.9224802517874848,0.2000000099626155,0.5037627447558508
5,0.0539520409436205,0.2137408160692312,2.1383221047606806,1.3594228538029842,0.1999841423992511,0.2885411395122526
1,0.0072012457331299,0.1213065806167508,1.7408384839680533,1.4732958096183553,-0.1999564094995883,0.3831077534490755
26,-0.3211282011281237,1.948422733654612,1.1686366433885436,1.5554441074744134,0.1999969770255237,-0.0216900397871434
27,-0.321190671659982,2.137769516195729,1.3359349825493014,1.327787298528872,-0.1996070921361454,0.1841469961849675
3,-0.0257822560843032,0.0821110005325314,2.0250290195134024,1.2607945968949867,0.1999233805389619,0.2778515729745871
7,0.0107656312448502,0.3703419406660538,2.2559059048679213,1.715589416026186,0.1999591280002326,-0.0173049883963065
19,-0.3312540238150583,1.4121901791003613,1.5731796185162406,1.6605034133817878,0.2000000099934504,0.2880021236609592
29,-0.3500762345611124,2.0927031395947098,1.3347074250367026,1.31268494592824,-0.1999655419092135,0.2712471652081466
23,-0.4016852526443005,1.7695733944510663,1.4942303645100932,1.584403296490482,0.2000000008645201,-0.4333741973110214
48,-1.0458471776056448,0.7222344746066081,2.218897576504622,1.1426998936543924,-0.1827916195621553,-0.0615456162473829
10,-0.1005408847632273,0.4731328628961057,2.191139002391372,1.7365398154825216,0.2000000099776568,-0.4950726283919365
40,-0.9175304263353246,1.1701013283573016,0.8168480629709105,1.126740625420344,-0.1999800918483828,0.2299644176901709
10,-0.1685235535542521,0.5911067001019017,1.8166669718473163,2.0211445512921244,0.1999858362983765,-0.1537811833753453
43,-0.970059535363547,1.193832781893217,0.7311695451524596,1.1834728060811228,-0.2000000099378019,0.1269854587878303
10,-0.1395450421271984,0.607427370927113,1.8989267545428608,1.9234588489006847,0.1999660552513894,-0.0257544121978227
10,-0.0911359446481724,0.6620975005339843,1.9679689663674271,2.0659703555497835,0.1999556206439809,-0.189551827818751
3,0.0036409063208925,0.0791988832431559,2.074157283702169,1.315309982196181,0.0285379576582926,0.2113295714867611
46,-1.0222158706933318,0.91346085729975,1.2335109627666252,1.379366513989197,-0.2000000099746528,0.0967533112370137
17,-0.3287645172179307,1.2656822687815266,1.5646826058207783,1.7532386189238194,0.19997127616357,0.1028905683066503
7,0.0359161570402298,0.3187026216915651,2.219028667027364,1.829975153020632,0.1999911617172458,-0.016465724141621
46,-1.0247155517554487,1.0113617311847534,0.996318825581346,1.3724553118636622,-0.2000000099984085,0.2126828514943703
2,0.1003123262115473,0.4673706634374593,1.6297279084709029,1.5533066890661995,-0.1305354865430513,-0.1160523970714157
19,-0.3906281882440738,1.433346702285565,1.5467807511475424,1.6933876990075292,0.1998795857357384,-0.0402121357054884
2,-0.1021137297560801,0.2841858331656746,1.377033115425382,1.588180330362833,0.1331002537514927,-0.1510968225089407
27,-0.3693775983603727,2.050681927077551,1.2195739010956623,1.4271817265731426,-0.1999995878558761,-0.232527486159975
7,-0.0723735071135872,0.3791273221577278,2.124349891268883,1.6304112412605412,0.1999763500769338,0.0651892984472476
18,-0.2885508156850694,1.2399499922174089,1.6115961792555191,1.762227622808807,0.2000000099970827,0.1975508268070812
42,-0.969436814038011,1.0563572154334466,0.8862436748923892,1.2173700306518478,-0.1999998944172894,0.0128729312326293
3,0.0773511461942022,0.2468583640068842,1.5056315744903426,1.5856828286613402,-0.054304568170282,-0.0657976187495038
40,-0.9004936935386659,1.219183407757643,0.7555164071407656,1.0629466366440654,-0.1999998925260723,-0.0446477267529884
22,-0.351129837695281,1.6312744504864447,1.415873703607593,1.577558218119653,0.199968174932404,-0.1618445859602271
23,-0.3805343071534897,1.8294914571944296,1.3512320453908782,1.5720213635790163,0.1719001776481157,-0.0570612978041352
4,-0.1061320787816604,0.0546439490744572,2.02451028901442,1.1518867999044955,0.1219017159576777,0.2422105110498585
22,-0.3750278950391792,1.7291661460889065,1.3941601114955289,1.6129028255577085,0.145618615598939,-0.0456461825547587
23,-0.3547531554589899,1.7703233884091742,1.2988464655962328,1.5839394375162854,0.1999128284724188,-0.0488218349413234
26,-0.340500726034888,1.95364967909062,1.1349796588209011,1.4598256559566445,0.1999909542433293,0.3082381129292157
24,-0.3802789196363054,1.7380057075489137,1.3810753534224371,1.5717110145630957,0.1999173854844938,-0.2355810623340941
7,-0.0275583693201219,0.4026518949558644,2.2560393658814486,1.486905917218673,0.1999323868223812,0.0731799427715421
38,-0.6391719652998448,1.552180282854013,0.967944205799375,0.9473262926851462,-0.2000000098500874,-0.1914395453745808
41,-0.9144971288787817,1.182188378327055,0.6899916576829295,1.1223416045494865,-0.1999999775939199,0.4048193025562877
14,-0.2552846024079725,0.9197446224564062,1.650161069878612,1.8299333256278385,0.1999958700026204,0.1664572233853159
38,-0.7872297984673376,1.3728029121774783,0.8314999351885657,0.8804423014058124,-0.2000000090604651,0.0143240247220621
45,-0.9513213071107256,1.1796187772543465,0.6852638194799736,1.2164051320548732,-0.2000000099980888,0.1597150789899526
6,-0.047565659378364,0.4055130038596155,2.25354168153799,1.5636599119059011,0.1276303243355027,0.0197030574440084
31,-0.4168174093628449,1.9077755622563304,1.4871186102416851,1.127747382298023,-0.1999180143848735,-0.0323120736316893
4,-0.0948098329867241,0.1773166714693602,1.9252814393075035,1.2936239242003755,-0.0705879697082059,0.2556244639722019
0,-0.0555555555555554,0.1944444444444444,1.5707963267948966,1.5707963267948966,0.1331731936600837,-0.0938280440611772
3,-0.0782828000220128,0.5130556179544465,1.6055867749788186,1.5056179979247566,-0.1872677509428119,0.3586068483884952
10,-0.0640983051590641,0.620276114400902,2.014952038475548,2.0486092381356262,0.1999686857871389,-0.1061193347300369
27,-0.402102793602811,2.0115219385562018,1.2377743358400206,1.4465734596078017,-0.1694559432125069,-0.3165233452973329
1,-0.1001094029563838,0.3509587709425458,1.552852843948875,1.5750552098223578,0.1362822411817472,-0.3360661565288083
15,-0.2365518527294021,0.9831862532637072,1.6734890016403536,1.88510588322882,0.200000009993427,0.1348134389086489
6,-0.1011026286605565,0.3418286758527322,1.4973778362062315,1.5556585475753513,-0.0035575053003698,0.5290645502895082
30,-0.3576305461772223,1.983082449596504,1.4589305306461195,1.108599072455166,-0.1999822235275427,-0.1126378702375081
2,0.0542297747081307,0.2391495308669521,1.6247399600991876,1.539419567952372,-0.040809848125279,0.4575895256543257
8,-0.0514025224945063,0.5457262294808035,2.130860854932342,1.8672690363747904,0.1999686433645331,-0.0982948202087348
44,-0.9982790522736068,1.1170280266486896,0.8561496036734919,1.269640117962848,-0.2000000099130852,0.2212161651246399
30,-0.4010414468602176,1.9374300054245777,1.4893983016398291,1.1555662238322242,-0.1999847658962569,-0.0063388561720615
16,-0.3368644013753307,1.192650888536192,1.647348971166883,1.75636729340544,0.1999688541398673,-0.2005593666067483
30,-0.4219523760742814,1.9577878352962728,1.5395205552366118,1.0652244052582789,-0.1999816647369554,-0.3753235811796088
26,-0.3549856821285203,1.9638612830708984,1.5324249426510672,1.1092566418697554,-0.1250243189613021,-0.036035170485621
27,-0.3350576760547414,2.018288337672512,1.4881795244899134,1.1506009311117076,-0.1281781067992626,0.0010347210087537
25,-0.3818509185443077,1.87592974188911,1.2899337849256138,1.4980194754749858,0.1814741706053994,-0.2561463865942344
1,-0.0336147280754529,0.2257167551752915,1.695233182111059,1.5255110783823214,-0.1418221239071928,0.1875441782012293
38,-0.8046556149190153,1.452495711726784,0.7408204163101058,0.8449783169439923,-0.2000000098745999,-0.1274453566466143
3,-0.0013608996573766,0.2118541744724439,1.9996751705792288,1.286847137486728,0.129949397094933,0.1798666417649564
31,-0.4087781647573775,1.8918549559704203,1.4208422350373606,0.977583111085408,-0.1989889002135763,-0.2811399420543246
8,0.0556831778241426,0.4158505275889735,1.5887420895185809,1.5669128421011778,0.2000000099537967,0.609651728169273
23,-0.3107988109792381,1.7553790406251335,1.4261992360141615,1.6900561761571875,0.1999905458004601,-0.2412215789163366
0,-0.0999999999999998,0.1944444444444444,1.5707963267948966,1.5707963267948966,0.1996243258761508,-0.4421779976392802
12,-0.1894588303337744,0.7210192500555254,1.8470178524446823,1.9321931514767472,0.2000000099465635,-0.3151709046890361
4,0.0264923507471404,0.1228573576129484,2.121294827261244,1.306108026609758,0.1444332565989004,0.2607652577500962
4,0.047005073300671,0.0650295011774199,2.022907638051782,1.314216879429061,0.176858302380709,0.2836318689455553
21,-0.3751933861389932,1.783996024735051,1.3132594535734992,1.540753126801335,0.0893687104745016,0.0920298415115515
1,-0.0117268054581312,0.2982054665755901,1.6820291514184813,1.5260695250704193,0.0577516579425455,0.3694649857195616
28,-0.3431967401881571,2.116600210598234,1.341251784065042,1.3159795832957966,-0.1999035608259867,0.0384880573014474
31,-0.4312590445969331,1.878027045277592,1.462536704787288,1.0843043381968354,-0.1999730467201706,-0.2163335524976714
49,-1.0928893838381497,0.6245538656188083,2.150690217563186,1.086555243068814,0.2000000099345947,0.463687771350356
1,-0.0557123821975777,0.1598431538846078,1.6435273746636252,1.5445023575335155,-0.1999531478864264,0.3389578398221192
0,-0.0555555555555554,0.15,1.5707963267948966,1.5707963267948966,-0.1997542636124916,0.278074191517087
10,-0.1899103526756878,0.587645069576223,1.8214661554846263,1.939998203064984,0.1999443383793308,-0.1573711450223788
33,-0.5110336938123778,1.707575999106482,1.1526862951603274,0.9115127329176858,0.0229194623401775,-0.3232309764419968
33,-0.4559682818184597,1.7772067080664795,1.378826675066028,0.95203893554247,-0.1061216343176843,-0.498704391424654
29,-0.361749421275063,2.0336319044548232,1.37566447729734,1.286622160231562,-0.1087368015454062,0.2528439036577432
10,-0.1454165390707655,0.5067858964686931,1.8619341971960408,2.029812964796495,0.2000000099931539,-0.1897008584116301
13,-0.0837054329123076,0.8717662606760666,1.9973806099234697,2.088309911927288,0.1999984516291409,-0.3718161375616117
10,0.0920221699951585,0.5645130070727328,2.1036303183671574,1.740190964996614,0.2000000099686723,0.0293353127136672
0,-0.0333333333333332,0.15,1.5707963267948966,1.5707963267948966,-0.199754981867732,0.2746246162523801
35,-0.6576528737098063,1.523755871667294,0.9080862152066568,0.8708175915014128,-0.2000000074240222,0.0994531394085937
47,-1.0309058740420116,0.7211039083201871,1.4314838210728509,1.356781285956305,-0.1312500937366492,0.6498393532712698
0,0.1000000000000001,0.3277777777777778,1.5707963267948966,1.5707963267948966,0.1824898363344993,-0.3521421311486158
31,-0.4044731784303267,1.9208210834730184,1.523277276765977,1.0844746427144183,-0.1999831584759334,-0.1828389550576866
11,-0.1643308470650027,0.6908853875157048,1.818336078026567,2.034921349817377,0.1999883854958666,-0.1681065629551667
17,-0.3078631857835812,1.224293569312897,1.5973853702333312,1.7257140842434862,0.1999991185799656,0.2100037644548628
24,-0.3743364710951209,1.9115490560522088,1.2484531263497214,1.4705543975377018,0.1645418155347867,-0.1224328826552458
24,-0.4108900728727122,1.7398631663137991,1.497352206208978,1.57378271664692,0.1101958467978127,-0.1043560446207905
48,-1.0716171581751377,0.7052973200341022,1.6488612192359309,1.2853411964724388,-0.2000000099725905,0.2521423646454725
37,-0.7336861747366915,1.4367878684240394,0.9026022451606136,0.8606891349723704,0.2000000091447805,0.1950966182630129
10,-0.1792979679852285,0.5959648114216307,1.8339504050698616,1.9658486421733137,0.1999441371545072,-0.1659262268620094
34,-0.600141555744966,1.6560548525576533,1.053208692454179,0.8490413748153989,-0.1763031214054725,-0.147536231118432
44,-1.0026167640773238,0.9061261861847252,1.1093093725529055,1.334279622839568,-0.1999999679878338,0.3271937049502468
47,-1.019504648462091,0.8471287176917338,1.1429719823088984,1.3368921877983049,-0.2000000099827923,0.3790706643007444
4,0.0788967728987273,0.322213513375547,1.727638960876737,1.5387599083647097,-0.0185388631276167,0.4106993657313379
19,-0.3825476075114702,1.47799257817547,1.5052174227919917,1.644667502688493,0.1998563219790666,-0.2004837363748201
12,-0.1830826568830187,0.747177228308986,1.8371690521624424,2.065759849915501,0.1999897506637135,-0.2257985076598525
10,-0.0978185317905334,0.5613991172483389,2.0399383721542934,1.9823335490661391,0.1999779704655584,-0.335643982200396
23,-0.3736271885650217,1.7616270956960496,1.3614219288018088,1.5740016880925212,0.1995601930698133,-0.1227187417635492
23,-0.4185169536005971,1.6692291144333429,1.4391811052944998,1.6117162647492942,0.199833088598943,-0.1841515885350406
35,-0.6317632554029569,1.6306506475581009,0.9161061021175724,0.8079836590914246,-0.2000000089442367,-0.1826526377274183
23,-0.3610731557706679,1.843241538770748,1.3723614635553698,1.6238728533072688,0.1460139997085576,-0.1264767243236152
25,-0.338438291630577,2.0509942501593788,1.4537649481233696,1.26466236787712,-0.1325347625393461,0.1181773121879819
16,-0.3160674143072568,1.1223759295269626,1.6291716982866142,1.7680466008307798,0.1999632290525435,-0.0803947751350896
10,-0.1222693593690204,0.588419193065163,1.9848514581706864,1.9084569602888928,0.199967778022249,-0.1488447618760248
44,-1.012480989751676,0.8786551692244982,1.2413088377965882,1.3373361458804218,-0.2000000046603871,-0.0514161395027877
0,0.0777777777777779,0.2611111111111111,1.5707963267948966,1.5707963267948966,0.1715896042367034,-0.3450117782613353
31,-0.3677220864636876,1.9503809590742207,1.5208545933153967,1.0580008640741307,-0.1999723878923875,-0.2346198094905336
27,-0.3502760366344403,2.065009206944268,1.4061020399120192,1.30673609833718,-0.1908842208394464,0.062334934750042
45,-1.0202335469662904,0.8365750001247962,1.211803508423813,1.4318221198759813,-0.092958535328712,0.5211343643461064
38,-0.8463225858939523,1.3428324770563358,0.7439957444914569,0.9783734833513592,0.2000000099070777,0.0678881618394767
33,-0.5120678743365967,1.7447513342466998,1.123831160868631,0.9228285253148316,-0.1999969838646628,-0.0611125494749924
0,0.1000000000000001,0.3277777777777778,1.5707963267948966,1.5707963267948966,0.1824898363344993,-0.3521421311486158
29,-0.3419455412217717,2.002550412824436,1.40625095466641,1.244506791310442,-0.1999621215915601,0.161452120083735
43,-0.9792708817542368,1.1404286988510712,0.8764637159791331,1.2350644076008752,-0.2000000099635439,0.0659371045763918
11,-0.043128230702177,0.7245255098427046,2.0499423826721053,2.047157102284469,0.1999754440885239,-0.0927021146964364
37,-0.7180861893705038,1.489982719758943,0.9520576931363188,0.8552815479157361,-0.186908342851655,-0.2865630068452152
48,-1.038064773749563,0.6931292656458798,1.6146790022638182,1.2763625773547431,-0.2000000099449506,0.2919831055076661
17,-0.3052015844681749,1.2776648666110644,1.5964486869659762,1.756216539818908,0.1999733360197879,0.1030162471946504
32,-0.4209504462819828,1.8732465019809217,1.3925763155010085,0.9635940680769164,-0.199999907452021,-0.5309507710236402
48,-1.0752187491650895,0.7180997540489259,1.6152394386616091,1.2971905759487254,-0.2000000099759036,0.2845757877437968
25,-0.3410002131093542,1.93377397696676,1.1417697417226176,1.468722620438164,0.1999828370771959,0.2502445961724617
3,0.1000160572089188,0.1262014459578452,1.57324738527206,1.5701641456090016,-0.1437570677191696,0.2757517100211248
1,0.055484411482516,0.3222648252481728,1.6482815603402,1.5439883892496742,-0.1999007127823901,0.1504821801948464
28,-0.364218754654235,2.001955200078503,1.168817033120666,1.431340104503615,0.1999918418375212,0.1387286536542086
6,0.0321681069512114,0.2506236916328274,2.3232297944512705,1.7740105458534754,0.1999675078756315,-0.0972023655548729
23,-0.37452106358821,1.8740478393174096,1.2738693068411688,1.4958458334737188,0.0553831871178954,-0.0905387725903581
30,-0.3699231467002449,1.9733596187879887,1.5442166970213758,1.1612060477866402,-0.1999740109756134,-0.0476898017964469
0,-0.0777777777777776,0.3055555555555556,1.5707963267948966,1.5707963267948966,-0.1999339340142471,0.4435297310424763
31,-0.3996398251040625,1.8724260353687587,1.5036442028966288,1.5602284356306904,-0.2000000099129946,0.263809141798691
34,-0.5304900645131517,1.6795207646883934,1.3230430437859635,0.90809219661522,-0.060264800155221,-0.4845183024655491
18,-0.3489078946828728,1.2084187202088237,1.598032766082559,1.7019928172003678,0.2000000099847725,-0.0326818504797703
40,-0.8522551340270688,1.285481165941991,0.8356715804573636,1.0350051908380902,-0.1999999837966634,0.1975746497187122
0,0.0555555555555556,0.2166666666666666,1.5707963267948966,1.5707963267948966,0.1494447317461191,-0.1330514787925186
35,-0.5787860638968487,1.6192494193564804,1.1243951870736222,0.8902164232134399,0.0079961319869177,-0.3216099465396116
37,-0.786046221977527,1.3825440189156335,0.8315427834775786,0.8864613995523969,-0.2000000089802555,0.1417759789665645
14,-0.2455159749878702,0.9443958537992504,1.6612166176226475,1.8636145851069608,0.1999831364097014,0.1280518419365428
27,-0.3610198806394912,2.08246056078298,1.223955643424068,1.406688305121127,0.2000000092246054,-0.0343465247809914
27,-0.3333192466432782,2.0982331195892523,1.2889175727526867,1.3423764478137998,-0.0755415341917855,0.3134726456928672
6,-0.0061270171089766,0.2075990688121318,2.318771050372396,1.4594610454076675,0.1999830619022579,-0.0671099645568315
14,-0.2513662131053902,0.9431216710543194,1.7134188647058348,1.8898242167365853,0.1999807136097695,-0.0863413865550416
12,-0.1996474179563821,0.7911333381089005,1.81618889520434,1.9357315810225144,0.1999688457657144,-0.1748046219940852
9,0.0110126570552867,0.4822563487409915,2.203461372354303,1.955237645296212,0.1999971255127211,-0.2104806403281588
30,-0.3662783518834295,2.0289788903148978,1.36633383954433,1.289632763335162,-0.1999999166538689,0.246799719034475
5,-0.0994555469884528,0.4035832420945753,1.5803926299002509,1.5499998052343535,-0.1010793774737109,0.4281660575358211
43,-0.9338721281569746,1.1521531099200968,0.9923664380422026,1.2034500060066184,-0.2000000098994482,0.2435758414836358
6,-0.0052524534620429,0.2861450857048826,2.244047892340694,1.596977984695093,0.1998362733736562,0.0322235002870571
19,-0.3323233601574404,1.4147201549975348,1.5712984512236456,1.6598387549314613,0.2000000099934321,0.2886232891184473
38,-0.7857159636927598,1.396867560156295,0.8640659681040503,0.9950820009170408,-0.1999999115719893,0.1870141424607881
18,-0.3001120419959212,1.4019606012036572,1.5733360658076148,1.766556573328247,0.199974008165917,-0.2242870386587526
7,0.0194140971450036,0.3238232206620315,2.2707065055754523,1.8504413263179085,0.199926585191472,-0.1080336120060122
43,-0.9578828213036188,1.118889495767171,0.939480426536334,1.2252711039426034,-0.2000000094531105,-0.0005704831955549
11,-0.1477011159069513,0.7101293167146786,1.8998949882958849,1.9349070611401264,0.1999910243976858,-0.1016481255759676
44,-1.0438494708828223,0.866095190353346,1.16795934463409,1.4474528855329951,-0.0870611052160227,0.146562639303618
8,-0.0521596657356496,0.3280097329829728,2.1761782663550715,1.6681474799325031,0.200000009955938,-0.4324328725814962
19,-0.3879273076485213,1.5221778147835372,1.5155811170723776,1.6924553639721138,0.1999169445942929,-0.1772123600343812
3,0.0008043324785391,0.0280662842312093,2.0498293052103858,1.30131648186533,0.0474848721271373,0.260056599223822
23,-0.37694723043365,1.7673786761408872,1.3689683909204344,1.5922425821317203,0.1997765170960364,-0.0954281747687879
40,-0.8378345226689644,1.309569215437823,0.8383495072510581,1.0178393889497566,-0.2000000009516903,0.1874859846863648
28,-0.3705117659608914,2.124069072132141,1.2738134349372725,1.375621263025958,-0.2000000078542012,0.0490704276669691
27,-0.3305447977400643,2.0035547381340124,1.5384651842203478,1.1950131746781,-0.1283541434114858,0.1209568625262906
2,0.0265577048614317,0.2077285389154129,1.8399869064476828,1.4086509122911135,-0.1998312715659647,0.1368638543179885
13,-0.1269492200500532,0.8811407633770737,1.85056980360918,2.0931275551862214,0.1999939839293919,-0.098581517248448
25,-0.3430605136916169,1.8999074216099767,1.265757688381944,1.6112304056687774,0.1999701089553476,-0.2665985063518653
16,-0.2698214959839837,1.1478525730079905,1.6698810016865613,1.870606479498609,0.1999693246902631,-0.0812099651137484
30,-0.3918781103782957,1.878704421016542,1.494823039570127,1.5631672189377883,-0.2000000099851558,0.330148495160626
26,-0.3705336222637889,2.053830976426536,1.2177697690811495,1.435808241493075,-0.1999996696240546,-0.235660863155778
44,-1.0174943965228929,0.8606277474648223,1.0849803849476232,1.4044621513266329,-0.1611702245361851,0.5644800021358723
47,-1.050008667379271,0.8028804519550425,1.3202468762781958,1.4129719666047469,-0.200000009896329,0.2685358017406991
8,0.0079049933481004,0.3045252267066391,2.3845086927202086,1.806657078355059,0.2000000099762424,-0.6179046372532313
29,-0.3258296760618761,2.044980950723299,1.2000174420562129,1.3683859787642578,0.1999999606401346,0.4341769370115985
39,-0.8200336045392616,1.336784288220537,0.8416276509549956,0.9944942188632272,-0.1999999709487851,0.1681476622007561
5,0.0162951700354264,0.1701282494492272,2.2371957237508635,1.5263713564810275,0.1999066449653742,0.1116219334782566
30,-0.3597170355590842,2.0258836421302,1.392403115579162,1.28931936375544,-0.1999999252156052,0.2292717016147109
15,-0.2895887774313035,1.0369017637096165,1.6577115396516149,1.8313783427392103,0.1999715077603214,-0.0851065688413322
45,-1.0053149943968909,0.8613367714718001,1.1689623976734025,1.4060060452811456,0.1002491400287384,0.3995353951012358
18,-0.3625971484372279,1.3119364170630776,1.6051430786636214,1.687507282268179,0.1999554762485584,-0.0407030310419108
24,-0.3715652964827091,1.7642173476239429,1.2894010636211624,1.6381477008508312,0.1999760107407469,-0.1235591027215043
19,-0.3702689104280394,1.5250181228253985,1.4669831274685006,1.6735137685178203,0.1938524724716971,-0.219634336404657
23,-0.376957495974963,1.7866139546696205,1.3458952035612757,1.5089839066337962,0.1998486853131769,-0.0467761943855381
16,-0.2944773515216038,1.2530991279499224,1.6046741204943995,1.7523785294178478,0.199971479386062,0.1127036127952806
2,0.0020183550283426,0.1863148102208072,1.874568999805723,1.374766880277009,0.0485072221542986,0.199012659566051
17,-0.2088107573085521,1.190603656775372,1.7001325013723712,1.9361652927764448,0.2000000099612494,0.1359761140111205
16,-0.3028969748473785,1.1568352774319677,1.6211618890646484,1.8106036913790904,0.1999677747863109,-0.012312174893156
11,-0.1871538929672162,0.7086353989808495,1.809156947829996,1.970591060713225,0.1999680201205256,-0.1519310371517477
20,-0.3765860145787523,1.5978372280783777,1.4223538572576384,1.6360013497634571,0.1266133424537417,0.1121499121336987
39,-0.8704343375491915,1.373099512420236,0.6597093949702124,0.9394672142309972,-0.0727429815198954,-0.1968542788835077
31,-0.403919709010526,1.8984777869857228,1.4333337816086154,0.9797021747670404,-0.1999747653058461,-0.3365123477772837
9,-0.1290573486436985,0.4429837674160938,1.9662910750256684,1.945350114527924,0.1999940724013276,-0.2643083071668467
1,0.0767001528116296,0.3005323551988068,1.4528469494506373,1.5900728598288534,0.1185705439608146,-0.2627302419135646
30,-0.3746643332201245,1.982483994726609,1.47218564996985,1.2374202140159414,-0.1998981763287564,0.1543855333071266
41,-0.928285823878384,1.1741326081315255,0.6987943384918436,1.146202502345897,-0.199999921896762,0.3558008140392228
12,-0.1809279071057374,0.7625792327831455,1.7788542891528945,1.9984516925768536,0.1999811780815974,-0.0485094310902697
24,-0.4051576278320546,1.7913931124266698,1.3639718974616866,1.5626946263905792,0.1234313242988289,-0.315974350883358
1,-0.0777006734980582,0.2743491101506093,1.6078210967269282,1.5595259096824323,-0.1998498043081823,0.3330066237160239
34,-0.583186294339433,1.6935261521845228,1.1282348871292438,0.8815253672172678,-0.1933050540315866,-0.1592574983661346
5,0.0777727620688256,0.2477374398149395,1.5280459011581282,1.584968713550054,0.1540716725992489,0.6362911779757591
40,-0.9116609513519156,1.307760816736964,0.7591552483525614,1.0701311512661609,-0.2000000079530094,-0.1110808015035037
7,-0.0323089887044108,0.3199087758235298,2.234008685746465,1.885340881193976,0.1998461867610109,-0.2438455453577387
11,-0.1797305639532541,0.8093195297614333,1.872363285222325,2.028143466160476,0.1998910483741723,-0.3389730034216862
5,-0.0945696144126927,0.3951621832974454,2.0311067002501826,1.5480497959242725,-0.0838708148116823,0.2375914442012443
25,-0.3359753745524751,1.9257053500077683,1.2189139510181288,1.451419750391559,0.1999773173409395,0.0240147403542183
30,-0.3718001722482572,1.9290452055952183,1.456733544417892,1.13467242075133,0.1999658627222293,0.2702023691743409
31,-0.4113622570502617,1.8451382353643115,1.4755848991361002,1.043563473147355,0.2000000092650594,0.2024098250571339
13,-0.2665536435365477,0.9330549439364316,1.689641953506742,1.902326275318865,0.1998306170245848,-0.0694846827153558
46,-1.038270350489818,0.7562508482994714,1.403770544626985,1.2961868321363097,-0.2000000094202394,0.1493531085170271
18,-0.3358360174000533,1.3330689993164462,1.628964714826474,1.7232023768096345,0.1998507378359278,-0.1509195991114409
23,-0.3980970994468306,1.6962299167102233,1.4251167374339442,1.6058532850090763,0.1881900301189749,-0.1478381981639608
34,-0.5783966988974484,1.6742726887178203,1.0406970986464064,0.8668130757020763,-0.1997911636796727,-0.1580427737313559
35,-0.6138001319584372,1.6922796885932176,0.9694825644281247,0.8870614362139981,-0.1999998786055625,-0.3063511808456993
4,-0.0252956462212967,0.1089300029346682,2.1235934356835227,1.2166211664571802,0.1295388817120324,0.2436520890281126
16,-0.3319174976682139,1.1580392674808486,1.6309685158219676,1.7599142517961168,0.1999654529963918,-0.1663059848807035
22,-0.3871063547146374,1.6403972941765903,1.445957069345985,1.5911557553546638,0.1867520108961227,-0.078975449076677
40,-0.9206265982390848,1.2677228370010476,0.7658332111921649,1.0953298241831373,-0.0298940656949189,-0.1543569164037089
46,-1.044640499808335,0.891349414092413,1.2034617467459778,1.4287957540337224,-0.2000000098951162,0.4817030131732171
21,-0.3855358042847269,1.6116417599882782,1.4594616154816489,1.6100467691951377,0.056712476426007,-0.1174983686847032
15,-0.2756191892177182,1.000117614905795,1.629406907656465,1.7852063748773952,0.2000000099670309,0.1857119740653602
4,-0.037346651200865,0.056734837967523,2.182241098084722,1.3129291522522344,0.1930035319674438,0.1511927234357931
28,-0.3923690303202313,1.928790215103105,1.5029962128635983,1.1260422827404526,0.0616197473398876,0.0734718845502891
26,-0.3442835779737553,2.060916334868933,1.4301023996111493,1.290751853358632,-0.1706291559836399,0.1299356636603492
25,-0.356577341546325,1.963200579119603,1.2106220178097191,1.421459292626256,0.1999292038399208,0.1443280418636666
42,-0.95046065520976,1.124720397028104,0.8462938871849262,1.1552206527617523,-0.2000000056757445,-0.0788206937859943
17,-0.3229259150071133,1.149277491910376,1.5864013443377356,1.710834419777301,0.2000000099670021,0.1919627655388867
34,-0.5639674794867525,1.6349824176714134,1.0604511770096163,0.8776059047481201,0.2000000076666182,0.1039080922471637
25,-0.3332640775390073,1.934138382873308,1.22286764631537,1.4455738962922533,0.1999796404184248,0.0255289067686931
19,-0.2542071714529197,1.4711046852752283,1.6983323516931872,1.9007096241422496,0.1999269669024644,-0.1199389635968682
15,-0.3078971459765106,1.0168115891313383,1.6787063414838652,1.818339430780532,0.1999886194358109,-0.1810103771504771
41,-0.9396065056606884,1.1438719007692395,0.909595838239826,1.2128097861822351,-0.1999998944827249,0.1489417516967189
8,-0.042192502401,0.3495609803311563,2.159616173305784,1.7946171940229965,0.2000000099561913,-0.43581136939046
0,-0.0111111111111109,0.15,1.5707963267948966,1.5707963267948966,-0.1998254647636516,0.3758563771383168
45,-1.0375148196871238,0.7576093924540813,1.2072114320485152,1.397334161972305,-0.1999999991367063,0.5164239559974052
49,-1.0529661551636265,0.7056685102540102,1.3638693476703505,1.3073424160791984,-0.1091483940899372,1.3025285560562587
4,-0.0668490448544677,0.3121295647702174,1.918435258797213,1.328693508598164,0.0705122343751867,0.2336105231360631
35,-0.5458292448058217,1.68392396606458,1.1694754036751132,0.9414435791662484,-0.1999999791671826,-0.0616071297385304
2,-0.0196259361346166,0.203020290279997,1.868251160779272,1.3815610899319968,-0.1999040009060587,0.0701197056501011
32,-0.4592495911123338,1.7747909634888688,1.327986647435699,0.9428864111638758,-0.1007878511000792,-0.4663290268758991
20,-0.3423945768230932,1.58832488227922,1.444236901649509,1.610308696288081,0.1998543624519136,-0.0042356822168093
6,-0.0496366462436698,0.1953883060366448,2.167777174213205,1.504919385011053,0.1999547149521128,0.0955485086725995
39,-0.8208241294629759,1.432891365371794,0.8413258055832724,0.9272427177176314,-0.1270428212865141,-0.270731160971928
7,0.0477414504917877,0.3453076166326098,2.30001523784249,1.805980852304086,0.1999765547289262,-0.080478599671577
8,-0.0713407005640089,0.3135575263655599,2.1091892095890383,1.833731726622409,0.2000000099555565,-0.4262797471141746
47,-1.0531896685949178,0.8366267188173818,1.316121463724647,1.414009384216126,-0.2000000099725125,0.2572197755178521
6,0.0630978267902872,0.2621903974291924,2.174484481164489,1.5521812064758758,0.1999652163696659,0.182801491973041
31,-0.3863406335097666,1.9596877881787984,1.3883367935803277,1.2674333641359967,-0.1999999477557323,0.2102188684544338
14,-0.2495598840998377,0.8996665350958508,1.7467033127930502,1.988359307761001,0.200000009959598,-0.2709701016455885
30,-0.3604504345933791,2.039097109316669,1.3743539536979537,1.2917462642087625,-0.1999999212770584,0.244410577923726
3,-0.1258547664497417,0.0480525130566109,1.868160504540179,1.1071027085128136,0.0565965947548565,0.1677366363175627
33,-0.4940777749859441,1.731156181414644,1.2200396182623248,0.916703734951428,-0.2000000047352531,0.0344600126614421
28,-0.3778193404345801,2.1180236378424344,1.277653512605701,1.37585305263933,-0.2000000082122749,0.0451570147518364
27,-0.3066643798019263,2.099757667159441,1.3337976271894316,1.3056494917969972,-0.0658586919822857,0.3095775415665766
27,-0.3732164640153584,1.9959308477448747,1.3969917791571955,1.2734754891996,0.0077951725177256,0.0667921294642653
23,-0.3494024828045591,1.7312437857962246,1.3524365286019189,1.5834344243559482,0.1999679573704929,-0.1276016932954297
35,-0.606001120727616,1.6225601485517636,0.9277134031731986,0.902890812322572,-0.1999999152488708,0.0741631934203851
34,-0.4920884989467475,1.7613325196702287,1.3490106100824215,0.9640182468387064,-0.1999999353993505,-0.2233053993289556
23,-0.3859525199196745,1.755616064715689,1.38802378723887,1.5831011115845006,0.1972922277818742,-0.0856894983325522
17,-0.353271353346092,1.2680768344705955,1.6176065309580905,1.7922026271310916,0.1999737832292944,-0.1226293540187326
4,0.0502210595797527,0.2665693524941961,1.9867865304139,1.3625369481250993,0.0845421970931862,0.4249202859634524
37,-0.7524152182297605,1.467775656945124,0.8972683691116661,0.860870345238368,-0.1999998960299664,-0.3165454226434666
11,-0.1770985214699887,0.8533243323849592,1.8156387763925053,1.9835655368427405,0.1999340261892345,-0.1548546719597747
4,-0.0042735769449625,0.1321319673540949,2.0517969588425498,1.2441930359852034,0.1999761471078316,0.3360049872915387
3,-0.0246705033044986,0.0738974978796262,2.03390592435864,1.273216249926414,0.0258717114748471,0.1858133011155757
10,-0.1637324493553486,0.7013369567591448,1.8831405835833888,1.944020911008716,0.1999421276070973,-0.2024119908320543
29,-0.3591168273082556,2.013763142237275,1.5180053193727792,1.2352047524034242,-0.1208801163531166,0.091321439156889
1,0.0330843348406074,0.2835265081280172,1.6327233324435095,1.5470320330542655,-0.0676233525016037,0.3890738436054939
26,-0.3572691732535982,2.0030448161109025,1.180403840788875,1.428840891448226,0.1999430471015133,0.1231309730095875
35,-0.6463017285520799,1.6147310992683988,0.9345761535732464,0.85588640843285,-0.1999953052611677,-0.1027751884158374
11,-0.1238819789833828,0.6341817237189451,1.880523053058658,2.053391136074644,0.2000000099932563,-0.1016020390015554
43,-0.982719088150076,1.0321876891952642,0.7944562339347883,1.2916373651623247,-0.1999999797812401,0.320176414490691
15,-0.1889596595768409,1.0456115974115296,1.79504278028873,2.0275382975085487,0.1999987408288509,-0.2827179261016277
8,-0.1098624808044609,0.353343103633388,2.126093791381715,1.7993206468170244,0.1999731621310481,-0.3128329103709772
12,-0.1892848377392097,0.6790166046774577,1.802116313078676,1.971937309928254,0.2000000099522493,-0.218519022080629
10,-0.1308111856740604,0.6332925226455173,1.924318336942468,1.9971147529429367,0.1999365254116773,-0.2352148215894672
18,-0.3289427333310021,1.4195655823198592,1.5728036808457713,1.66888397658779,0.1997498228095714,-0.1221191246802703
24,-0.3438171253570061,1.848738333793286,1.2581734480944018,1.504765717921551,0.1999572413734734,-0.0120260014132538
43,-0.9710322793936148,1.0718711806823846,0.8191563999888043,1.1720922618823886,-0.2000000091999704,0.0063520348176598
14,-0.2914640467729821,1.0434517764925295,1.6627182784166674,1.8498563038115297,0.1999732020924551,-0.0917756630455083
11,-0.1871673866959307,0.7516408520481509,1.8332712026920657,1.9633008289860163,0.1999182807484107,-0.3175404583096218
10,0.0945878128498119,0.6899249627022735,2.2140017869558672,1.7614101056129796,0.1999738034292786,0.0889011732541519
12,-0.1981672952466574,0.7077912462824874,1.747149878242288,1.885868534614423,0.2000000099581535,0.122349025882069
41,-0.918376722456828,1.1627234484464424,0.8420481300589184,1.1428829797238065,-0.1999999786369878,0.2822039706295336
25,-0.3814234058056291,1.8369181750827777,1.3094901340689995,1.5255161494823593,0.1999787737852517,-0.2625405073759892
6,-0.0304217952350395,0.4230216906154611,2.255484626689229,1.7061067714693725,0.1999650771613791,-0.0998656836442764
28,-0.335749482495814,2.126824917998469,1.3471382978048665,1.315468174035121,-0.1999626017918978,0.0369957276614278
30,-0.3379209163998725,2.0104644688850666,1.5106397169318535,1.1577966034139175,-0.1999978740428915,-0.1472713123316318
8,0.0254906061581722,0.5776441719023521,2.2373984093454222,1.9266571194933584,0.1999654622177727,-0.1017029688626585
1,-0.0558136450132292,0.285449656567027,1.6418235982444624,1.5438530451111236,-0.122763512682905,0.3627278704423426
9,0.091936817022247,0.4967374624841867,2.120140285291944,1.7784072405435325,0.200000009948542,-0.2088277582094005
22,-0.377584467090063,1.637370960451216,1.4050313410551845,1.5986072564998572,0.1996324564324796,-0.1021239012846973
0,-0.0999999999999998,0.3277777777777778,1.5707963267948966,1.5707963267948966,0.0787592040528488,-0.3182789076510651
16,-0.3095456531655354,1.1671733315543726,1.6662105647518444,1.7689190540281583,0.1999883911650721,-0.2030559178621322
49,-1.1043886864834649,0.5965132955020154,1.7846690534671028,0.9210289569271136,0.200000009975515,0.6491633855458274
24,-0.3139224366496035,1.843062577336425,1.2884586277094223,1.5826791163593343,0.1999919421433429,-0.2206583318206606
11,-0.1951937349577023,0.757909371435354,1.785311141112123,2.012741788453932,0.1999446250730708,-0.3001617169649162
44,-0.9987990150809428,0.9628001175511,1.1498633332339194,1.3950762252723956,-0.1865733663715822,0.2275736811196172
13,-0.1887649280439483,0.7994528162276974,1.8553122962501387,1.924345711503808,0.2000000099929346,-0.318908574843911
16,-0.2903945329002508,1.1293625227873785,1.639290085262251,1.8319557363346108,0.1999882065530152,-0.028402360117457
2,-0.0332117942619126,0.4704039122483541,1.709990489901628,1.5081451974152416,-0.1999553780882415,0.2471930674260904
3,-0.023092076859865,0.0451993743176617,2.0486760745432715,1.2860983486075743,0.1889376682493403,0.3217610686104401
2,0.0530267707536579,0.3246839395539462,1.9314229349282128,1.4134732809761792,-0.127845416618632,0.1235575359888774
19,-0.3910688963269704,1.460541240664461,1.5332592344519238,1.6861223287358431,0.1998957302547484,-0.1271623242910603
26,-0.3285901964423898,2.0003796384765047,1.1710167611625533,1.3904588095066508,0.199943579361358,0.398986324147632
22,-0.3124311008582301,1.675819020287125,1.488146691643868,1.7914767452510068,0.1868310002778208,-0.3135553466652091
29,-0.3910812576291413,2.057021128046868,1.5394438999381403,1.2058773010522807,-0.1875399015724873,-0.5060137726870859
46,-1.0238563002797147,0.8022561703624306,1.2341995714840035,1.3555594897953878,-0.0610548951777255,0.3769121112663847
35,-0.6395899157701938,1.6685642338854596,0.948534176745687,0.9018926647675358,-0.199946696441773,0.0425967999021459
21,-0.3850611902277568,1.6504885253694384,1.4546747180309634,1.629745092954197,0.086336625331099,-0.108554015058887
37,-0.7003868829083462,1.4749932285372929,0.915714736157332,0.8807617051883652,-0.2000000074339362,0.0390952219575401
3,0.0320305029136436,0.1110814110705725,2.087147254960686,1.3778083408668609,0.1152064171173816,-0.250586046879065
12,-0.15521124360638,0.956017754137944,1.8414421873774869,2.062287689256219,0.1997391205111556,-0.1949411091714971
9,-0.0927921425832364,0.3918967091337946,2.175255780169044,1.587384784269372,0.2000000099582258,-0.4180504765100619
35,-0.544937807452124,1.7765801888485648,1.146771625676427,0.915506229937529,-0.1997879653519424,-0.1644375015310458
29,-0.3200149398029583,2.068689316531547,1.4452693919327595,1.21527124171148,-0.1999651888169656,0.1038282328410387
23,-0.3788527829300089,1.6826186954896551,1.424178739139114,1.599414753229618,0.1998522746027846,-0.1522422590242382
22,-0.3632895413953141,1.6145541937073205,1.395316313081656,1.657691495819717,0.1998725654683217,-0.2836634287652895
5,0.0072397209295691,0.1607779956903363,2.235402219989572,1.3441616954400213,0.1999446648826631,0.0517515346921516
22,-0.3763656791210117,1.528115782551115,1.480363001176391,1.6506136644360834,0.1999552549690743,-0.2021913652421143
24,-0.3689697180996885,1.9282972105396308,1.1868482391026358,1.4957730531850824,0.1999271342464888,-0.0187423762944038
1,0.0097373504600147,0.2774598428220103,1.704871312775884,1.5100362840227088,-0.0783158588337158,0.2871251414471028
14,-0.0771222138659051,1.0889330952447198,1.9740864122894148,2.0752926919350974,0.1999743754977225,-0.11469641852145
9,0.104467919065143,0.613644499238009,2.184326204532061,1.632480417568875,0.1999784070706268,-0.0652403817878365
18,-0.3044859421282602,1.3378939396518164,1.6763418853330228,1.7853722521647706,0.1998771188940429,-0.2868886698871553
29,-0.3289496152709287,2.0425894822822475,1.4748920957234244,1.1811233648743138,-0.1999808938584215,0.0327412617883927
11,-0.1776225640998899,0.6152511954288458,1.791211617239986,1.9959258101647688,0.2000000099931762,-0.0751045952445307
8,0.0366867945598099,0.5720433069871691,2.276585356846464,1.8771973125613708,0.1999894841743894,-0.1052613807648264
6,-0.0717681662567353,0.2079431933543338,2.1269746190544705,1.4856984195681744,0.199964971094082,0.101844560363928
15,-0.3068612594200025,1.0120417865731526,1.6370170625729203,1.7894708015191356,0.1999872925771095,-0.0462688847854965
32,-0.4678856861272308,1.888672775699032,1.4216666566815714,0.9598779829769571,-0.1723872230529354,-0.3769414197238598
12,-0.230406437940535,0.7246759719277496,1.7608088041332106,1.9526503611420043,0.1999773115708115,-0.127895825485993
23,-0.3432674005657309,1.762031566727876,1.3327643359687666,1.539463815790966,0.1999725292736266,-0.0990123337142584
38,-0.7604676445189844,1.5105546929358848,0.8856830979373793,0.8971364866108601,-0.1999998886115399,-0.2941376529247942
39,-0.8379429661096547,1.307867019318778,0.7512813630190234,0.9423965651727948,-0.2000000095334535,0.1214741070579226
3,-0.0395688520830493,0.1988972588897493,1.84888664732245,1.4086115068296257,-0.1998481079674977,0.2584581895144093
41,-0.9179728218067604,1.244862869820606,0.7523927837521631,1.167608699213012,-0.199999897813502,0.3464768364640717
48,-1.0727600410439946,0.7070276644275161,1.507504497715507,1.3340782391615953,-0.2000000099494288,0.3979579178752574
12,-0.1236226106804098,0.7717436503195553,1.8723336468127112,2.044864398264861,0.1999850881202407,-0.0458366112983114
13,-0.1766828041022879,0.8611602955037109,1.7511122087624411,1.9836915887838225,0.1999822912134533,0.0855712250661951
6,-0.1052462431199161,0.2857003860825302,1.7282445217159133,1.437985206445718,0.0544305083452992,0.461557736282037
44,-1.0016833240277945,0.9894857611659802,0.8913716851410012,1.256090763104929,-0.200000008281206,0.0902755166981019
44,-1.0026108170416854,0.9471081946869332,0.9199203299966195,1.3178804211327642,-0.2000000079738143,0.1793461211293498
12,-0.2047141553675345,0.6797376874382856,1.7295006896045546,1.943532726853091,0.2000000099932304,0.0785575606453219
42,-0.8152457702640845,1.3291936435448617,0.8321423596378903,0.9121459409731524,-0.2000000099739057,-0.0692545257178159
5,0.1087930319910463,0.1067636513826988,1.872594192953235,1.5571721213873704,0.2000000099511117,0.3044974893826072
6,0.1035658759356509,0.249671182037801,2.05314260075358,1.4584476054404505,0.1999815603280196,0.1219799775130967
43,-0.9987650912987156,1.1160278376237858,0.8599064360049109,1.272043303497779,-0.2000000093012622,0.1549452272331947
25,-0.3402649348517256,2.0728878787164,1.4133863198247294,1.301738597197076,-0.1821565856265989,0.1459757239288121
11,-0.1918493143357286,0.7963258481014909,1.8405896770444248,1.9195556973272785,0.1998941322110469,-0.2887085433078654
3,0.1024891076711583,0.483776726787963,1.82514771173266,1.5373147748352682,-0.1998432411724539,-0.1997259087218978
1,-0.0777348582583357,0.3074524025682312,1.5827254066851475,1.5674424811011205,-0.1999499437940543,0.3599164528347398
30,-0.3655992496784996,1.9385793817240509,1.4579257937755925,1.1797935711882055,-0.1999972037903729,0.0345481703846411
33,-0.5502458819332525,1.7669309300209797,1.1288091811027865,0.9095249043115762,-0.1994203970396781,-0.186161889290352
36,-0.6650434209477243,1.5608571478602482,0.9283191975656436,0.9214026229906208,-0.1999999177912543,-0.0858085738483277
32,-0.3945617421101061,1.8752645692945136,1.4978887485947947,1.5612299159563,-0.2000000097389375,0.2462001761588386
29,-0.3290922698856885,2.040132980247962,1.4853045168009142,1.180714372005176,-0.1999638886019961,0.0168256792326203
23,-0.3701486483917648,1.8661022395153395,1.259388898560081,1.4849426386637057,0.1993353244883582,-0.0488456997184345
23,-0.3753742444245735,1.7176106099203046,1.3703119087566082,1.5477228887369014,0.1998899378246831,-0.2399419875018593
0,-0.0111111111111109,0.1944444444444444,1.5707963267948966,1.5707963267948966,-0.1999373627620227,0.3806528055010543
5,-0.0490430395355306,0.1181996276747637,2.229422644253109,1.5439026289772582,0.1988221317222203,0.0116665600873461
5,0.0711512344475881,0.2859116769994117,2.067058139989512,1.3263690970695623,0.1446236960212669,0.3091265158482439
21,-0.3123068662968813,1.5446525710229997,1.5808197212268391,1.7874099637628844,0.1762434700563515,-0.1834198089434477
46,-1.0309170921418114,0.7762182460476904,1.4997181314750252,1.3395886260483612,-0.0455340471468469,0.1094454121475216
10,-0.1578908220061723,0.5197950256685303,1.86858515168098,2.047559415361196,0.2000000099536685,-0.3249180357347823
36,-0.6931957604045462,1.5684471538254872,0.8561617257681231,0.8021068999743414,-0.2000000096249949,-0.120021142715315
32,-0.4565074028208517,1.8291504241106944,1.4322111450882955,0.9562400619188614,-0.1999713599463532,-0.51462850209105
19,-0.3249269520881509,1.3942350737974052,1.5446987832572798,1.7154672105213815,0.20000000993845,0.3142203386112977
33,-0.507193912067469,1.7065607546682382,1.176614579805408,0.9082021526089618,-0.199999992026206,0.05546649619024
32,-0.4423367762534729,1.9274301278152144,1.4934663037445883,1.0258405746735024,-0.1999999184351133,-0.5548841557129633
28,-0.3438340962216999,2.0669586166049023,1.4249386991441844,1.277760717888086,-0.1304903956089669,0.1078913491217535
29,-0.3644669316019461,2.0864985370404603,1.4880299801614625,1.2574239794891042,-0.2000000086384659,-0.3911575774862628
23,-0.3457742674144884,1.7960998683352083,1.298755263039146,1.5338124993732674,0.1999379606164488,-0.0863375715867466
26,-0.3297961132958116,1.9985497193465087,1.1685977290060858,1.390964106026803,0.1999410984809927,0.3990461692010972
13,-0.2013998284087361,1.0234680442740918,1.7761550481107573,1.999798982644675,0.1999405191899634,-0.3111118782182047
48,-1.0399846464926,0.689046962205191,1.7170431288566927,1.225906868934299,-0.2000000099636046,0.1908843974681922
7,-0.0709936997277614,0.3598523954480875,2.106198535361562,1.5723058403029346,0.1999558814147961,0.0606580586680362
10,-0.1136747481908902,0.5273907120253489,1.98391487921146,2.056203033847916,0.2000000099401324,-0.3832247841452874
27,-0.2920530793865935,2.148922840695858,1.293796689310346,1.3096191993669,-0.1215254022180578,0.3118743322713586
2,-0.0212492934143513,0.1450644326075646,1.8708341429617743,1.3669002886465815,-0.1991974869035084,0.1494671763485174
46,-1.045249134370236,0.7235139947890666,2.2268292466786246,1.1412346014882415,-0.1746914582912031,-0.2462326366166496
31,-0.4162153603437379,1.9446558406117047,1.4808087417125444,1.109821815734415,-0.1999975756629623,-0.1633392456884591
21,-0.3716602403239275,1.5540347443509532,1.4833794739816044,1.6680793963667837,0.1999051563764363,0.0734501663491732
47,-1.019348833342019,0.8473502041862796,1.1419484699752669,1.336452499071471,-0.2000000099828628,0.3797530058545054
44,-1.013854587463511,0.8810183140984958,1.0167801096535665,1.411047186739655,-0.134984100395568,0.6066783331760938
36,-0.5776746009661955,1.6189639549617452,1.0278754654016833,0.8720003826298527,0.0803229703398223,-0.209376800893767
11,-0.1746005379626836,0.6323817043297869,1.8583473889764883,1.9433332487096493,0.1999927913690395,-0.1878282001224964
27,-0.3710536616300379,2.0834989207097774,1.2371712336924414,1.39973775786124,0.1081827408072936,-0.1839949780514021
9,-0.093147597780962,0.4853190628962145,2.11633571336535,1.5490903853968914,0.1999668982756595,0.0493710546428993
47,-1.0390877425628249,0.7625370862392626,1.2374952110138278,1.349421753398112,-0.2000000098718755,0.6812439995467157
30,-0.3846901274995744,1.8895447566757584,1.4824242974307875,1.1020173033007332,-0.1999928297349898,-0.1311539939375925
4,-0.0510792518731644,0.1081831562567775,2.033139421497838,1.235361619210584,0.1999619686256579,0.3092965809699768
31,-0.3860678755051839,1.963157224228016,1.3782678628948073,1.2761065277555623,-0.1999999473060764,0.2266880559803795
22,-0.3419011563038534,1.6035143476202238,1.4421756463733058,1.637324670605845,0.1999435900801738,-0.1674868604871895
8,0.0344296736078557,0.5186852511214349,2.2537999572840075,1.8925255592992616,0.1999619114580143,-0.0919104166525597
5,-0.0995601577000399,0.4122372800985439,1.5826574126866202,1.5548131241415462,-0.0624931068425048,0.484469983349971
4,-0.0938344846098639,0.4412238081936393,2.0735940049078803,1.5564459882448614,0.199937228806444,0.0872555155398179
26,-0.3555518031024775,1.97445166972118,1.5187783213940005,1.1844662200117737,-0.0988006526797285,0.1058974683420453
3,-0.0466616042614891,0.1503035342597265,1.9362676675107813,1.308050547580808,-0.0993985454054045,0.1605451099176035
6,-0.0568124125711462,0.1868710519298367,2.0488946634021143,1.3832215228840543,0.1999771717505858,0.1581311757238206
44,-0.9838357712884692,0.9769784614699356,0.9966056952860692,1.353982063380729,0.0183776141558112,0.3910662278545505
0,0.0333333333333334,0.35,1.5707963267948966,1.5707963267948966,0.170124964207505,-0.1804545883788153
13,-0.2021574240027461,0.7738138846681352,1.860329293706689,2.0731704513888776,0.2000000099827722,-0.3211726441833474
17,-0.3085800055377821,1.1860347412837282,1.5978382090714316,1.7110034955219935,0.2000000099933953,0.2199118832376081
6,0.0147364428081121,0.2937798920888714,2.229736060896192,1.6411281370608266,0.1998676556630321,0.0645328748110117
16,-0.3301464268542761,1.1917260499276412,1.6317877965655665,1.7717823282931466,0.1999600433684049,-0.2515275242511191
46,-1.024714685736174,0.8311844811275891,1.1599988537516932,1.337350774998485,-0.2000000039587813,0.2558901727813274
7,0.0252131740005011,0.3469311062128431,2.223615621277366,1.8053758035142744,0.1999072396886261,0.008836434923551
25,-0.3727664781282608,1.87468424787048,1.2586733932283265,1.5237586139595305,0.1998868245780407,-0.2046209721324003
0,0.0333333333333334,0.2611111111111111,1.5707963267948966,1.5707963267948966,-0.1999421749747252,0.3726202475038699
35,-0.6804512876929598,1.5280008478852962,0.9487644015487772,0.9047102665951812,-0.1999568445258444,-0.0218114180657128
11,-0.2250698533261874,0.681287574280039,1.7427805829734366,1.9168552247888213,0.1999468048178059,-0.1046809420810303
10,-0.046876083091989,0.6063075111526119,2.083282937356506,2.044379542153142,0.1999690277635158,-0.1866573095271258
12,-0.2243461600360384,0.6827558444962614,1.6994887414064743,1.9421091137770776,0.2000000099931543,0.0554180557968747
49,-1.0387967440564667,0.691507600203696,1.6468346575882773,1.259596497290186,0.0929623369884303,0.931340024732467
48,-1.0370654779012587,0.7355090603444859,2.3701958945628743,1.1646686058196056,-0.200000009726216,-0.0793552302553796
36,-0.6085958105401462,1.5799681143344846,1.0596703990038971,0.8786946348148219,0.2000000097808253,-0.2249371870473715
22,-0.3470515105181586,1.6562500169529024,1.4374571527030806,1.6056838390802142,0.1999327484729666,-0.2077930589741351
43,-0.982425189711712,0.9846396707131836,0.9871343738075832,1.3024715467500556,-0.1999998494011373,0.3912373894331702
21,-0.3384032566340491,1.5662722495456325,1.4987634132292609,1.6496914092241686,0.1998319110607903,0.012014665839777
28,-0.2891447033557016,2.142261585999434,1.4545128690686564,1.2533927353738883,-0.1999640147852086,0.1110028602378559
26,-0.312558097947465,2.082737619476486,1.4066520454969744,1.2906362930413562,-0.0887305679259977,0.211439414159778
23,-0.3913656112515516,1.6039203452349569,1.49905996496347,1.6508447689522818,0.1999586036205426,-0.1640563350780578
15,-0.3091010557350753,1.0825792490702535,1.652514913498884,1.7787835769808626,0.1999621371805041,-0.0739238211986108
31,-0.4025713454343881,1.8965324883945545,1.550831015351279,1.0672937929581228,-0.1999876138088797,-0.231760625355998
18,-0.2613481390819788,1.3722534398784734,1.6231939616289477,1.8317054859090829,0.1999940785192959,0.0792483442256755
26,-0.3216661001924341,2.055663982104265,1.194591307142053,1.3584435552658891,0.1063809730535748,0.3951765187892486
42,-0.9648275605022876,1.0487433607189984,0.8584076138820986,1.2871526891247491,0.0097894598795857,0.4056125404663523
34,-0.57690283023571,1.6641510540044069,1.036399131167891,0.8871972617985336,-0.1999845955414239,-0.1053386851830339
10,0.0737897075172507,0.7651857897503289,2.19932892272738,1.8629760358317573,0.1999569648084393,-0.0828744244137822
0,0.1000000000000001,0.1944444444444444,1.5707963267948966,1.5707963267948966,0.1985157296788187,-0.2420414008807337
26,-0.3279560499896561,2.0152692717714125,1.1812571744110922,1.383336076806686,0.1998457473706491,0.4037516476668318
32,-0.4474730924518453,1.8189296896339453,1.2196529545038337,0.987039090017441,-0.1999856402869481,-0.157740046436084
25,-0.3633302708773445,1.936429765554096,1.2276226426021908,1.4649913280874134,0.1999167044356109,-0.0714940682660797
12,-0.2322640574994718,0.7198836688105686,1.7588433949884514,1.9951125151177305,0.1999992829367136,-0.2708439758837407
9,0.0779088033045663,0.444786394994292,1.586165894815002,1.5623449106191336,0.2000000099630895,0.6426689689692453
2,0.0249370730236709,0.0349142598980703,1.8753445158388955,1.3805540253210042,-0.135017141700365,0.3435167863869509
45,-0.9795129917641638,1.0389621559785276,0.7371021207916504,1.2211901897537465,-0.2000000098448793,0.253379932114615
3,-0.0225323902163102,0.0701070391512812,2.0493519763138632,1.2830128663332605,0.0323364753840298,0.204845497317655
32,-0.5130711309756556,1.7214203149523044,1.1294428641584258,0.92875023030495,-0.1999860341592201,-0.1562123519460769
22,-0.3800633763710637,1.7840882879771165,1.3264063941922526,1.5390816803956515,0.1998658996064834,-0.1818753099244697
12,-0.2204952886881159,0.7607842116240109,1.7440870786693434,1.947241405949364,0.1999901213209767,-0.1071261397172557
9,0.1057737534717394,0.5762614643791791,2.013468519845281,1.5752644977651866,0.1996408916384073,0.1398586042513007
32,-0.4159919663231548,1.8811084006472008,1.3981999764826636,0.9755937048037276,-0.1999310724016647,-0.2739490095358918
17,-0.3206845573338878,1.1840110305501612,1.5869522700693943,1.7231814354928685,0.2000000099575112,0.1853829830447388
31,-0.3918775914103253,1.91739232539463,1.443953306474958,1.002282909326586,-0.1999265833648673,-0.259484783108789
30,-0.3696781623436344,2.019957341776974,1.3439112352815012,1.301646730311078,-0.1997652084621818,0.2788570428627739
30,-0.3767646326027837,2.0563198641158986,1.4935549731042723,1.2387226076228055,-0.1999987185148652,-0.3483632979777055
48,-1.0537884261962236,0.7019447386314024,1.556085812920008,1.2042153171031311,-0.200000009994388,0.4361753586440051
3,0.0773857851123422,0.3735430012280004,1.5627697269108634,1.5642511930578158,-0.1838133163906778,0.2968517951220767
33,-0.5312530384458295,1.8109214572787176,1.1825506399062018,0.9191939372523904,-0.1871706959817524,-0.2217728264774218
4,-0.0345760807773408,0.068114549520197,2.146336198845182,1.3723753185746057,0.1629859317878609,0.1901692806313811
3,-0.0781575172572887,0.2484367857436503,1.6923605735090117,1.525273408775969,-0.0657170841584231,0.4079052118806324
0,0.0333333333333334,0.15,1.5707963267948966,1.5707963267948966,-0.199885537064881,0.3758363323674346
8,-0.0763260893366621,0.4071371338743317,1.6265769648042063,1.5409531910106844,0.1999824183307024,0.5239404458821844
8,-0.0443264950528816,0.3986612012938324,2.1598284608360867,2.01779648089999,0.1993342682344591,-0.4571870729200967
8,-0.0588135257121685,0.3912187796571351,2.101399623849664,2.054182930623771,0.1999295940786466,-0.3954427681979255
23,-0.3450326246185165,1.67641917534279,1.3959348472442965,1.5710085590621057,0.1999859264924304,-0.261118673630004
42,-0.9122980286517918,1.1889670601383804,0.6821712712433676,1.115201735244913,-0.1999999552974521,0.3545676026905667
39,-0.8395222454370158,1.3059462109858715,0.7518270994212966,0.9480936141483964,-0.2000000095357734,0.1585265212696293
34,-0.5764249376196687,1.6648206970075856,1.0488583732869785,0.8834572002129276,-0.1999843980899171,-0.155431500212694
28,-0.3457287222097838,1.9897215864715163,1.511602853485618,1.1886747376765403,-0.0680143853991346,0.0973277774960419
48,-1.0706941909606484,0.6567687801758553,1.5926265002996514,1.156062430928338,-0.2000000099468432,0.4077021261564933
7,-0.0266136605434391,0.2852212063676607,2.251550399759088,1.5931745980844851,0.199984828839053,-0.0495782339943282
25,-0.3645987625270409,1.9378117390556289,1.2637403835081769,1.4568184817609056,0.199812818577398,-0.1694559453834836
0,-0.0333333333333332,0.3277777777777778,1.5707963267948966,1.5707963267948966,0.1992797627005066,-0.2246322642690008
9,0.0864321282745041,0.418424820818407,2.2170194229718785,1.8305540237060984,0.2000000099800575,-0.4300692556103261
33,-0.5143873487094166,1.7507542393626654,1.20076142060474,0.8963943539911358,-0.1999615450426777,-0.3330787857796807
24,-0.4060652129355506,1.8104078842257088,1.3507256331529955,1.551364153044177,0.1290359790841147,-0.1765282235918222
15,-0.2832359535344397,1.108705668664094,1.6859584535148482,1.8381397690742485,0.199976566268419,-0.1067465796889188
48,-1.0656894774136043,0.6659692344917045,1.5947278627046533,1.161027570368356,-0.2000000099593323,0.3840039906784505
40,-0.8780398470180403,1.348513513640982,0.7795478972282748,1.0100203807666697,-0.2000000069024915,-0.1674530176955865
35,-0.6268369219121585,1.597334348572657,0.9685150710942084,0.8757017946251763,-0.1999966751954462,-0.114155633988779
30,-0.3846012796874921,1.9297996111578049,1.4249009462681157,1.0168580390301971,-0.1999644493236955,-0.2158431328747888
29,-0.3416348416205037,2.0019734437291232,1.404258438446794,1.2553562169705987,0.0620682897679698,0.2172436186346074
5,-0.0995511193044594,0.4622099134768309,1.6188375065710885,1.563602168180262,0.1997132675002667,0.487732730654753
1,0.0296336945144089,0.2084700135496729,1.7276323093378236,1.4802022904655658,-0.1999210416590744,0.2407906152561694
40,-0.9237172967517674,1.1586350388062696,0.8190852972355227,1.1388322156917356,-0.19999664667604,0.2441064415127642
7,-0.0759989323258841,0.5439452666746555,2.172909108051334,1.873454418628252,0.1790842075259992,-0.3429409358643231
28,-0.3221887493668269,2.0491117516286232,1.4134516502406935,1.257097352343127,-0.095666725821295,0.1990121777014652
33,-0.4045554697192004,1.858212833340101,1.505508397766624,1.5645488275739947,-0.2000000099339151,0.2224372623657967
30,-0.3725489041131724,1.928908204795624,1.480198551521012,1.0865838211544578,-0.1999845828611518,-0.143131049823028
7,-0.0048406254725564,0.2850775781434441,2.333490547784839,1.5821712148160356,0.2000000099929917,-0.53472057940358
6,0.0151351288689217,0.1917694965080698,2.3494330077108483,1.6989303657547612,0.1999967821297536,-0.2129897887243061
0,0.0111111111111112,0.3277777777777778,1.5707963267948966,1.5707963267948966,-0.1997446137441867,0.402096040717903
22,-0.3561047952934538,1.680762536020446,1.498419246374752,1.6281532200789997,0.1768428353234583,-0.1569191734363225
29,-0.3472245381870339,1.9833652913267408,1.4386323849346976,1.1947993488688122,-0.1729674566134635,0.0898152710290414
21,-0.3620721942076213,1.5853721953916633,1.4403429548062934,1.666019257228695,0.1782813312591361,-0.1147247407287875
24,-0.3522364570112967,2.033472083803108,1.2181517789748053,1.3916657392086984,0.1942316138145392,0.1256996314685157
8,0.083313946079664,0.4084645702595429,2.17275016481546,1.6348517976941164,0.2000000099561111,-0.3024450449904553
32,-0.4605072520616899,1.845838976964008,1.440641658382931,0.9613028935626368,-0.1999708982376307,-0.503001067261491
27,-0.32080860250376,2.0606270435284006,1.2113858545806746,1.3512738891758649,0.1998035917149872,0.4076569554395743
22,-0.366259650704304,1.6711581475421478,1.4514024943527537,1.5917448034842372,0.1384066519109614,-0.149937970815925
20,-0.3409165089840042,1.460285522884534,1.4937899122622351,1.659082650022102,0.200000009621235,-0.5721322793196848
10,-0.1464190819139639,0.6163223161537031,1.8503032541504496,2.020893914004823,0.1999564698303586,-0.1063969886136746
48,-1.056441037615564,0.6946393792695937,1.3922296921398978,1.3094751577032229,-0.2000000099927847,0.5839022936901944
40,-0.9151481246403012,1.1793159712757215,0.6908262270179133,1.1236560188582645,-0.1999712721904359,0.3886579709371363
15,-0.2661235979112589,1.040958170762247,1.639475462087665,1.8228608294324355,0.1999844312494529,0.149237696009489
6,0.0362840289590706,0.2056873114719161,2.244842709102903,1.7113591139587656,0.1999643403183347,-0.0101257813123392
33,-0.5206844304091625,1.7516781193603288,1.1300573656943182,0.8465399965616337,0.0900330014926811,-0.345689359771709
29,-0.371169908661036,1.93230249065153,1.453913220265184,1.1429302619172184,0.0766141015727167,0.081631326402041
21,-0.3440032960778953,1.565474547997966,1.5009218464281897,1.6244898033152793,0.1444317956261254,-0.1113247069296285
9,-0.088169262842712,0.5214464133855696,1.947169498601232,2.1080544510597816,0.1999693806088589,-0.174923035638257
3,0.0740932833047497,0.3724726955471978,1.5994599031217869,1.495295395888554,-0.1052842240491487,0.3695311339156089
27,-0.3245851679237452,2.139183003888858,1.2899900089876877,1.3345298670096415,-0.1511866439846078,0.2698973803129929
36,-0.6277550879142465,1.637217939361739,0.906615567454372,0.7999470115958888,-0.2000000091096264,-0.2554139969697853
18,-0.3592895926474684,1.3252445677614466,1.5925555090096335,1.6758655121654151,0.1998201497183483,0.0015652567009895
39,-0.8433403855784106,1.3260219782514404,0.7372706803684808,0.9637511777481894,-0.1999998795194695,-0.1092646949868644
46,-1.059910989135991,0.6997655037050942,1.5724357376482825,1.1964221793140075,-0.200000009137163,-0.0536744450986042
15,-0.2060226472891769,1.054747714444414,1.7233621860530717,1.9534998798008785,0.1999960492150769,0.0552515418187596
26,-0.3706364859354213,1.977531128006964,1.1292776400831084,1.4661839630934914,0.1999253183921042,0.0981826838254284
35,-0.6190157734833737,1.5695933387197063,0.9774887161937098,0.8637786218611363,0.2000000089792531,-0.0354899412661265
46,-1.0476253682155516,0.8132805752379565,1.1560926465925316,1.3521245658938337,-0.159897110570206,0.1599369485418824
9,-0.0812739546891547,0.4683281369026847,1.9712252366032936,1.9900990600144888,0.1999819152635878,-0.0275917960375563
37,-0.7243947864415183,1.479455243311774,0.8675307411085522,0.9482148437818704,-0.1999999187318853,0.0791901726329334
18,-0.3167633795019918,1.289281224410854,1.5838079946723322,1.731512982242929,0.2000000099499395,0.2008475029001304
22,-0.37456063983536,1.750701918462011,1.377639149450792,1.5010855583750973,0.1998001607740676,-0.0541184391798526
32,-0.4730638411775193,1.7594635541306805,1.3104254687812666,0.932571253880501,-0.0939949204324887,-0.4572608969716024
18,-0.3570964519647155,1.3789773828936038,1.61301901724889,1.6649327624693473,0.1998496510580218,-0.259486685458254
33,-0.5171897439555568,1.7558846889813615,1.1347799683597426,0.8482909921902122,0.0789315934456,-0.3494690215887558
33,-0.5603241409825794,1.7810353249638595,1.1479719812658171,0.9314245429878136,-0.1788221951076925,-0.1350907336544006
4,-0.078143671671486,0.2330161255403138,1.810959461205874,1.4845513182920622,-0.0930431881687433,0.3459459900923822
40,-0.86933113644961,1.270759642787082,0.726505403467689,1.010523235983756,-0.1999999779719649,0.1861414982454177
32,-0.3911094416969723,1.9021099184496515,1.5007346580412726,1.5566456026530202,-0.2000000099504004,0.2124649090886433
0,-0.0333333333333332,0.3055555555555556,1.5707963267948966,1.5707963267948966,0.1994579704298532,-0.1929509034648879
1,-0.0151245090350795,0.1665158745705705,1.7473741332676749,1.4698723174418251,-0.1999106844044021,0.2636942273867257
16,-0.276823521532435,1.185477911399405,1.6283233101156096,1.803693605199188,0.1999696770744373,0.1287740371267698
7,-0.0090662820831498,0.3099956845267437,2.2348925294962267,1.6684469737007692,0.1999698105996984,-0.0200686022307027
32,-0.4015861318229233,1.8658051346691185,1.5040741405126197,1.5621727017091318,-0.2000000099162243,0.2255636372616094
31,-0.4001168789638278,1.9070249192861763,1.4215548495438437,0.9964677940627266,-0.1999813961498571,-0.3914294040098413
8,0.0282012326466169,0.4833467675571542,2.2545312541213374,1.919092046171485,0.199968533623652,-0.11682172998455
3,0.0050897984138183,0.08660382962501,2.091152952113424,1.3222274989573637,0.0331478394602728,0.1960783119186499
0,-0.0333333333333332,0.35,1.5707963267948966,1.5707963267948966,0.1665577452238654,-0.2034687251757179
29,-0.358947392438054,2.0483840958072586,1.4065194251623492,1.298068450520064,-0.1998787100119078,0.1632696300412855
35,-0.5768645412711315,1.6565313538357544,0.9549712017099335,0.9107610961237744,-0.1999999192745048,0.0821420175128771
16,-0.3346565858940817,1.111275828538346,1.594941975910299,1.7341894341638453,0.1999895608420197,0.0538034317512846
38,-0.7289667409453973,1.4449576252607153,0.9058009470489364,0.8605497001638945,-0.2000000097399609,-0.1448513275984281
47,-1.0304977878142478,0.7227485815248006,1.426723581799541,1.359810673965043,-0.1378141657041661,0.6561008197656308
23,-0.3656936633250995,1.711408271579195,1.3107926017476448,1.6491157578745508,0.1999516677854156,-0.0882024856947785
19,-0.365588970532386,1.4058581295240231,1.5162666971794962,1.6682217011084386,0.1999980850004266,-0.0525357396435929
1,0.0778102023211256,0.3062380041866276,1.5802319022503235,1.5681193739404875,0.1039318838260252,-0.247901845580935
16,-0.3470519089211281,1.1203276800313295,1.6216026666250567,1.78065691224379,0.1999645724749046,-0.1109154480937208
19,-0.324178206382533,1.3997759832983343,1.5425012121584754,1.7152314645801872,0.2000000099384266,0.3247131279799169
6,-0.0778452074778529,0.2679604611994595,1.5776375318553786,1.5675227663060909,0.0988606562185119,0.5332077932422559
6,0.0316216563141719,0.3296631072514929,2.271236673989568,1.77212082446673,0.1999172038838366,-0.023080882775767
11,-0.1258449374795039,0.6777032183054358,1.869708583750997,2.007365910371162,0.1999926859891505,-0.0023797889924049
18,-0.3206347538317681,1.3889566616865376,1.6158533888545374,1.8012822138201094,0.1998905254635234,-0.3245007983034211
6,-0.0935764732588237,0.2409753264000012,2.133858637013708,1.5848747467588342,0.1991415726006405,-0.101214330981477
8,-0.0742434755153927,0.4623225633622947,2.118470639982496,1.9440357024756008,0.1908286040414819,-0.3380418447914869
25,-0.3847698100186467,1.8887976478049588,1.3029509345677237,1.5238869653642249,0.052955268785949,-0.3252317674044404
35,-0.6183339955544742,1.61813882957612,0.9086507333042676,0.8919919746010664,-0.1999999141501648,0.0992621450588692
5,0.0174061648499101,0.142508512898737,2.255704947808061,1.5981900408983742,0.1999613933613469,0.0805743984103425
15,-0.2569382843091283,1.0143321980213338,1.651241791495357,1.842167830248672,0.2000000099682465,0.1506666783773563
6,0.0352223112799237,0.2390760712203221,2.261333213248525,1.714455819875672,0.1999458987665582,0.0151988846113768
13,-0.2707672556140197,1.0103182494469487,1.691792861619268,1.8754306085510453,0.1999802074526794,-0.2577754193477561
21,-0.3274512443410312,1.6658080077774349,1.4699606781586878,1.6719005229950945,0.199939577705539,-0.0381631993677536
0,0.0555555555555556,0.1944444444444444,1.5707963267948966,1.5707963267948966,0.1995388147093179,-0.2005827059243218
6,-0.0071292781641647,0.2560156392162458,2.1989688659694533,1.6080325967930758,0.1999620598136944,0.0773909436524132
6,-0.0845598902530288,0.1533508456154064,1.8847457701948027,1.3887043248348323,0.2000000099581551,0.1699168669746566
4,0.0037748034825937,0.1015688419225675,2.1522555212166647,1.3097384210710732,0.1449965749357639,0.2003201374126366
29,-0.3786371428717018,1.987227979875215,1.4714884618904929,1.216036358992573,0.1107403450962749,0.0528906993492943
2,0.0777551688183928,0.2692019694583473,1.5692451606181006,1.5709216918636664,-0.1998283149987394,0.1152061563494895
43,-0.9945096738352204,0.97841738860305,0.9227642853282768,1.3421369812465247,-0.1999999670767628,0.2777751143245671
2,-0.0161579291529486,0.1753864335619642,1.8272745619204385,1.4294159830121027,-0.199853714470486,0.2139716860950161
14,-0.2832892905981556,0.91570537157788,1.665832874687548,1.832876326273278,0.1999932275282296,-0.0576316242292561
11,-0.1336581866741839,0.7550103268348537,1.8859184394266943,2.076141308558616,0.199807144146225,-0.2375625456891668
45,-1.0370893208336276,0.7890088652292617,1.2691680445012192,1.3503742687347555,-0.1999999408990742,0.0198346844511503
33,-0.5139816224488266,1.6979752047497505,1.1492683636632304,0.9029217352544868,0.1856000599804966,-0.3089571446182029
27,-0.2766824460422559,2.144868268673576,1.2115409756687026,1.3675970859642588,0.1999958841920196,0.4138613811910303
7,-0.0159039326184505,0.3017784970110587,2.217782021560941,1.7713960726867048,0.1999221572713157,-0.0650526280727804
4,0.025414181560592,0.1287762265728469,2.0186283784594874,1.3212340948051486,0.1999347841391326,0.3952928209717862
42,-0.9789239530154312,1.1556737646054698,0.8736623200264315,1.2315466072272008,-0.2000000084237884,0.0067414280703103
45,-1.0393430304629077,0.7554028697059662,1.4049516348775963,1.295291976038076,-0.1999999930985914,0.0282339326626533
21,-0.3739610737436041,1.4921457666691285,1.5279421443727357,1.6442382114776204,0.0787000236875933,-0.1380822543027038
6,0.0774010701857285,0.2995374473549846,1.5350881284710507,1.5741984180194264,0.1466458371931464,0.626598913146879
40,-0.7853666164988041,1.3573473050617924,0.9291787716236451,0.9579246688945514,-0.2000000078843933,0.0372822545785613
34,-0.5393618369499218,1.6929229742363798,1.1263542110708098,0.931425089730164,-0.1999999175129548,-0.221634654414566
32,-0.4152364295425966,1.837164932156352,1.447926432886396,1.0218955713322808,-0.2000000072394968,0.0405603638197155
15,-0.280366778697836,1.110252253756273,1.6643064595793322,1.8350741765407967,0.1999921108689591,-0.0416954174762126
23,-0.3773044918914916,1.787828091273484,1.344900150844131,1.5627789926592506,0.1998709385510814,-0.0880777205029102
15,-0.2813549113853615,1.1209005312427975,1.6269705044713358,1.7931156222489968,0.1999793566882452,0.1720861037437733
47,-1.054267369954955,0.7071301680669542,1.5207978496935706,1.2181584967554602,-0.2000000099760526,0.1761075495592647
33,-0.564284096699902,1.704444756021988,1.037597925462995,0.8166787419491316,0.1985425893218598,0.0757999503254611
39,-0.8663820309194012,1.3121247841342865,0.6897536383346154,1.0437117103000897,-0.1999999032266076,0.0254834107549962
0,0.0333333333333334,0.2166666666666666,1.5707963267948966,1.5707963267948966,-0.1997909226200475,0.2462540891719368
28,-0.3483206118328874,2.103166564411445,1.2824327359583716,1.3301932880268936,-0.099455889674408,0.2041295387704519
14,-0.2756926142659383,1.0501484092280728,1.6817234503712992,1.885365626600185,0.1999723840126923,-0.0953305493730995
29,-0.3561976565665212,2.056784072796883,1.3493587393005253,1.2889195929176442,-0.1805457634288207,0.2663424656474569
3,-0.1003621636425724,0.3559878999151521,1.5574602345612387,1.554788085807849,0.0198396172554436,0.4614177684946022
21,-0.3705951866264711,1.5613517600570448,1.490122784921203,1.646661155720809,0.1998650984800381,-0.0246119867630034
7,0.0222314525661369,0.3306625676496443,2.275814020135675,1.8313976648219743,0.1999470958925824,-0.0946102586541381
39,-0.6865766142351282,1.4887578584186654,0.9712607572462896,0.9379299919026384,-0.2000000098077975,-0.2105278818951982
34,-0.5703066614891562,1.627555931232309,1.0435176687922816,0.8761102518927152,0.0829002245345174,0.1413652237964708
0,0.0111111111111112,0.2833333333333333,1.5707963267948966,1.5707963267948966,-0.1997800309510253,0.3619618379412048
16,-0.3392922848356604,1.304621918843492,1.6045572395112853,1.751441336383485,0.1999390110761108,-0.0465815533487985
15,-0.2356041454735736,1.021364027114284,1.688294501104627,1.911437417170997,0.2000000099608274,0.0844761367196932
10,0.0695166769530166,0.529736346632204,2.280747537561928,1.8240088504560563,0.2000000099657178,-0.4095106576589836
21,-0.3808380834511118,1.544106719264059,1.4852354331549744,1.626796022048742,0.0486498452803929,-0.0518957992056586
12,-0.1612610871058728,0.8264706540534549,1.8077956261720995,2.0005221390201515,0.1999895427116107,-0.0085811098009342
5,-0.0258668024228379,0.3463327820952856,2.21065686742333,1.5474075282016757,0.1907427360809238,0.0980261475440977
24,-0.3756568276845292,1.7329182675957264,1.3834751034763195,1.581638517883633,0.1999379961505784,-0.2793026045121931
20,-0.3660908841778621,1.5693650525393943,1.5146422880378108,1.6903881870613364,0.1051945351039346,-0.0466980341884348
33,-0.5093017442249981,1.7037724950912942,1.171902802833591,0.9062565930063736,-0.1999999890587284,0.0578302400203727
21,-0.3437573502786987,1.5670762432208885,1.5013491297748427,1.62390852111512,0.1998389560397613,-0.1504755477197785
29,-0.3669733952427129,1.9394696726337848,1.449960564323936,1.160241788466364,0.0313288053644724,0.094479038726316
22,-0.371992416746343,1.632722320694179,1.4523250992086272,1.63044218459415,0.1376309734940587,-0.1638900981237007
16,-0.2975136031304489,1.0861542777488142,1.613227569558893,1.7723775047120691,0.2000000099436658,0.1620580470701069
30,-0.3889090967900839,1.9851413209036068,1.459068072089229,1.2114279723562382,-0.1998826248752067,0.0840936124946727
43,-0.9804110950373858,0.993486644043207,0.9733901108291488,1.2963524944126572,-0.19999992889366,0.3803918091189737
18,-0.3729926935066678,1.247632628849325,1.6317687342551093,1.7343436574351263,0.2000000099513809,-0.2501841539892652
25,-0.3828908871906291,1.854268084069591,1.2719703065839152,1.5292768379972403,0.1999068292854389,-0.2120621167511507
11,-0.1715671831581963,0.7408820866819908,1.7898035096612317,1.9983422641879345,0.1999719420472351,-0.0083220357793193
49,-1.0521688564432998,0.7106107444301928,2.2477540923890214,1.0344796400866916,0.2000000098663526,0.2489924904481816
27,-0.3069838700245019,2.101019167984314,1.3543092320349557,1.304031138569964,-0.0906124890602873,0.2833226805992682
48,-1.0077127180654593,0.8563676600782408,1.239748418488832,1.5451928795085783,-0.2000000099758513,0.7201403095271365
11,-0.1234102396884577,0.5930407836072538,1.8724082867291312,2.0596836126797315,0.2000000099932555,-0.0712270264076334
37,-0.7440865084974883,1.474745353355958,0.9352199564271714,0.8302442440603329,0.1999997442863668,-0.1505543184754879
30,-0.3764010284091462,1.9874802777566405,1.4519406455245356,1.2364315161152712,-0.1785420500549855,0.1741442783629797
8,-0.0777073868562465,0.3642499629146991,2.0440696189787726,1.8625390439652296,0.1999907377530507,-0.0413738131560834
6,0.0628296164413707,0.2509732482761593,2.2127284901824336,1.5403983414172877,0.1999886188272418,0.156560937861561
2,0.0997079113096044,0.3201422013469027,1.533146251985107,1.5788638307533045,-0.0199729870711499,-0.0962653775797134
13,-0.2518237996081547,0.8213216487556209,1.7399693811920027,1.9644974206913843,0.1999933495564623,-0.1525608222783098
48,-1.086026083596324,0.6200412517831395,1.820500039556299,1.0659034115741672,-0.0008400726306106,0.1506935824772453
33,-0.507485302161184,1.7044213502033838,1.161082294830356,0.9085806398846796,-0.1999999793788807,0.0636108943202964
29,-0.38854610945928,1.9511854009453424,1.4840753758933882,1.1924825189751154,0.1867318699727877,0.12490254388776
43,-1.0041058764088897,0.9194275233852672,1.096487338789335,1.4088735700063857,-0.0224767515408587,0.4425128869136745
31,-0.4313424844870823,1.8421775366591708,1.4633429749545197,1.1331263144289394,-0.1999971701023108,-0.021380273618628
47,-1.0491811640736124,0.8074496465701901,1.1543399366226534,1.3551073702855,-0.2000000099752617,0.3587727542951409
7,0.0842882456277801,0.4337848698039862,2.1121752011266093,1.5411240530446169,0.166929962956742,-0.0381648362268754
29,-0.3204591848633203,2.0578242404163656,1.4819658892836909,1.2000649563865489,-0.1999867660280719,0.0476692938305924
32,-0.4945730021287715,1.727430915217399,1.421895164125834,0.961316253207694,-0.2000000034355633,0.0580136507011971
42,-0.9455738524675588,1.099700398367064,0.8717285404589514,1.2035138205666327,-0.1999999767340051,0.311933381916857
20,-0.3673408561033096,1.4839806614402884,1.5307690995421748,1.6602798455186092,0.0386654954238889,-0.0572105772487071
11,-0.0993242236798915,0.6258773799522803,2.0327211702850203,2.1132885533537875,0.2000000099538678,-0.4025885177389577
39,-0.8370377536676766,1.3114448813883155,0.7530216919865946,0.9422480553053456,-0.2000000095256516,0.1292677389734359
35,-0.6087887163749425,1.637498812539162,0.8905496827105521,0.9378595102571944,-0.1999999123765487,0.1352099678769102
14,-0.277442325091414,0.988177440887975,1.6390208731947655,1.8442199703218591,0.1999551861477875,0.0716764388055057
0,-0.0333333333333332,0.35,1.5707963267948966,1.5707963267948966,0.1665577452238654,-0.2034687251757179
22,-0.4071524301696463,1.6768662801250345,1.4951130590077977,1.6123532834767456,0.1996051158467677,-0.1561583493270617
25,-0.361110405449782,2.0029420896509005,1.1800770620491845,1.4187933244696225,0.1998499598447659,0.1338367173257977
29,-0.3604063533729545,2.0051639837865456,1.5040252681451165,1.20939788454678,-0.0589355374156517,0.0712379447614867
9,-0.071984950063744,0.4981178473333079,2.2006462244924645,1.6453626548967988,0.1999787166242221,-0.0989019407582981
6,-0.0109251835780409,0.2337646576365696,2.274244793751512,1.7306229250459328,0.1999224347129322,-0.1001212871377849
10,0.048336453851793,0.7761939210742131,2.1773601798948388,1.929972699347573,0.1999800678512406,-0.0066167628596901
37,-0.726509765315073,1.4448679573418652,0.906716157743011,0.8575427362881003,-0.2000000091520925,-0.0955041414219126
9,-0.1240258603320471,0.4371828647388773,1.9974052214452656,1.9317542960413348,0.1999892295445891,-0.2980980368235363
7,0.1071345840386326,0.2397581181801433,2.147424151250396,1.5199761608547582,0.2000000099646587,-0.2798752476844928
21,-0.3799830637391324,1.6709757334181563,1.4285424324360232,1.605553586841753,0.1908712455320567,0.0607335103070462
45,-1.0353594724476811,0.90079315271015,1.1341929780927045,1.4147428173815566,-0.1999999821550691,0.2938110194065574
28,-0.3518524563116676,2.082192831161262,1.2542684274402005,1.3393903505346827,-0.0095551654182393,0.3189696992795376
28,-0.3598078530875095,2.0548621390183954,1.4044656241920332,1.2885838824946767,-0.1224990265427475,-0.0096556037314428
4,-0.0535905350327789,0.2731686224312323,2.0962259779360632,1.4208047398117516,0.0247831738471326,0.1670342982451615
27,-0.3028353544400821,2.101958343080682,1.2403095486250262,1.3385796944582071,0.1533700156349179,0.3829207928399637
17,-0.3331289271056649,1.1778954481923951,1.6099729249861578,1.736179560979234,0.2000000099571752,-0.0159990199988523
7,-0.1043488073975118,0.3690853685851722,2.1279024527335526,1.749767992473453,0.1986954379617888,-0.1643740554404157
22,-0.3323972941005689,1.631482677473005,1.4820906604316573,1.7577999106759672,0.1996732641216199,-0.3855440026158159
14,-0.2959156519263288,1.0270761019175871,1.6606212380018572,1.846181545585788,0.1999701481624412,-0.0816264339999438
10,-0.0801379165482295,0.5710318885753476,2.001761420779476,2.08225177979312,0.1999910411711748,-0.300698612358189
11,-0.1617492384350848,0.7820071075546274,1.8385586264219624,2.0540669696979825,0.1998928995065212,-0.3122309101255398
18,-0.3796658366528694,1.312293141402022,1.5776943462577204,1.7103906024541815,0.1999729477669745,-0.0570828555069365
0,-0.0999999999999998,0.2833333333333333,1.5707963267948966,1.5707963267948966,-0.0185437722467093,-0.0478809998652313
24,-0.4075388623654812,1.729081551991783,1.4949190961804728,1.5632471539943098,0.1997735575849317,-0.3371844015006103
1,0.0331129613148691,0.2357116469560471,1.6175687993553023,1.5524827863449622,-0.1996501517965963,0.3826424045548254
24,-0.3493641071115955,1.779589061464839,1.3125651339676718,1.562422771666593,0.1999874171938159,-0.1924895560159489
44,-0.9346161915443436,1.2166606355043823,0.8227504017241527,1.107252695021515,-0.200000009989174,-0.0708786045444826
22,-0.3637981765235419,1.657307508800494,1.4058166972011816,1.6345809671930995,0.1990671542208049,-0.1416679301711478
30,-0.3811389720725034,1.8948423058471489,1.4809924411263804,1.1037569488263652,0.2000000097298708,0.0337898328396031
0,-0.0999999999999998,0.1722222222222222,1.5707963267948966,1.5707963267948966,0.0400688559113371,0.0219498102015178
21,-0.3466946224506812,1.629480169814641,1.4903015002683653,1.628550299349217,0.1999714555896498,-0.0070798943935666
27,-0.3725420272737123,1.960008906571096,1.1693210574474673,1.460737383575879,0.1999880228709178,0.0670384080575837
23,-0.4095081795542511,1.6975183220080248,1.492762434357081,1.5765298706536948,0.1958262074934914,-0.1520905048674914
22,-0.4071570868785137,1.6589913281889923,1.493704923489366,1.600039174228362,0.1804099773097907,-0.1508475982917525
17,-0.3518291919261689,1.2920652531585186,1.6059445711460452,1.7192234443247447,0.1999602324886572,-0.0502142579596789
0,-0.0777777777777776,0.3055555555555556,1.5707963267948966,1.5707963267948966,-0.199933934033517,0.4435299120383008
35,-0.6275315900645061,1.5982050433578958,0.9614991443839412,0.9172809272743874,-0.1999844446812821,0.10759569156113
35,-0.582876067410412,1.647497157279885,0.9404766140506632,0.9141090443657472,-0.1999999187025198,0.0919641392155575
18,-0.2540208647131296,1.3235561720904676,1.731871249403091,1.8749779472434336,0.2000000099936681,-0.2782376292030545
20,-0.3711205227810841,1.5578515919494424,1.5150456177678446,1.6821095602542524,0.1087787770379443,-0.0489096001941695
0,0.0333333333333334,0.1944444444444444,1.5707963267948966,1.5707963267948966,-0.19987751810821,0.3680978232686064
30,-0.3673700901706025,2.0078732083161515,1.4869845096828085,1.220971192934955,-0.1999901242541419,0.0858757726319845
1,0.0765107066867,0.3169867308213142,1.427065728460196,1.5958501282590103,0.1162589326213194,-0.2130095948011843
0,0.0111111111111112,0.2833333333333333,1.5707963267948966,1.5707963267948966,-0.1997800309462382,0.3619618367486967
9,-0.0887863924420214,0.455045041074587,2.045041295760546,2.0933606842387005,0.2000000099470463,-0.4487196336988539
31,-0.3979318082555397,1.867590119240177,1.5006178571518998,1.5603209781721543,-0.2000000098574986,0.2710812442607778
29,-0.3385033709241368,2.021347174407864,1.4707858311620097,1.162602027408201,-0.199971639956354,-0.0291006817665066
9,-0.0796411265463786,0.5632281313872243,2.0196883427586894,2.045431236422205,0.1999287273497595,-0.2562885831952975
48,-1.0804139670405006,0.6799402379295121,1.6065274263408522,1.2637405541169622,-0.2000000099540777,0.3108501235758423
22,-0.3746130808671016,1.5947301627076065,1.46715156088141,1.630075605517442,0.1785411261860664,-0.2093726878340953
37,-0.7408196109841458,1.4506929937516049,0.8709814502534012,0.9312971097952384,-0.1999983756341774,0.0085790262716478
31,-0.3985850210094109,1.877035810267828,1.5044251597162823,1.5565080969678986,-0.2000000099050742,0.2616526872589434
8,-0.0921584588483214,0.3199454446739649,2.105029792585645,1.8251134155271207,0.2000000099550159,-0.4414208306694145
24,-0.3837954263463731,1.8097591437159648,1.3381893514331915,1.544840989242056,0.1996816129732316,-0.1283868741896334
40,-0.8857028504243251,1.336675691381828,0.7635317491975169,1.0169530809098324,-0.2000000080021512,-0.1571775264157367
48,-1.058955753157154,0.6831888374509298,1.4097653227534632,1.2956578054215595,-0.2000000099435454,0.6662365515870211
3,-0.035614747798416,0.074052327632984,2.004169882335935,1.1874839618202335,0.0526391181241271,0.1634294850688113
17,-0.3475813592891262,1.274134018878967,1.6008281456914286,1.7346741737603877,0.1999904969013132,-0.049463594269191
8,-0.0065411729718287,0.413620898603305,2.176279262700353,1.9642040105379024,0.1999736301923318,-0.1203365024207259
12,-0.2490327598036942,0.7787569534326929,1.7269036817040782,1.899925219983596,0.1999631515409086,-0.0952391290900669
14,-0.2618569738580844,0.9418059614542886,1.6949346812441215,1.878257034040324,0.1999806748469438,-0.0744462831850135
32,-0.4026948309240469,1.846589323079072,1.5032794597235064,1.556732733019471,-0.1054059592387299,0.2377932013380724
28,-0.3469147639693533,2.122454613285943,1.3259828882899622,1.3155015096778215,-0.1999568472233609,0.0331201708508705
31,-0.4172128508575187,1.9822531831287056,1.5507818135109286,1.108548356909936,-0.1999998252124467,-0.4657259936983662
12,-0.1812415057241059,0.7143582579661072,1.7642933885243277,1.945477519401268,0.2000000099932921,0.0895320576352188
16,-0.3583978353262617,1.1091955533926965,1.6096633012082917,1.7683290221170904,0.1999895938881446,-0.1823440481948308
9,-0.0904107756632021,0.5126457942384017,2.0871437127378325,1.8061542117116889,0.1999716047185139,-0.0956627980388392
45,-1.037303519032288,0.9435465323308984,1.1030792082336287,1.4164074913205835,-0.2000000099175755,0.4906068015218503
5,-0.0128919011965518,0.2479059660459218,2.1737929294493537,1.35299714552575,0.1999299476922126,0.2164695421351643
12,-0.2011089017834602,0.6870106526750429,1.7899810830738885,1.9471725881948183,0.2000000099513283,-0.2103596162689754
36,-0.6731271722208345,1.5401109624136564,0.9285304519024232,0.9149660647954908,-0.19999991546727,-0.1737146878860685
2,-0.021575987604317,0.2112500102789374,1.8589171771583235,1.371135520600327,-0.1999062059215795,0.0616233299194362
15,-0.1788053437369536,1.0462568285329676,1.8117253480802216,2.009317051868714,0.1999987613287153,-0.2736417964212556
0,0.0333333333333334,0.3277777777777778,1.5707963267948966,1.5707963267948966,-0.1997317424188848,0.3180073275846303
12,-0.1838357602218177,0.7309068636993132,1.7451870004322867,1.96049149308944,0.199997219246926,0.0948135689921396
0,-0.0777777777777776,0.2611111111111111,1.5707963267948966,1.5707963267948966,0.1999151556821059,-0.3097760448230235
24,-0.3447139828447682,1.8292873497736624,1.2737596268442015,1.509585823882083,0.1999688552683809,-0.0427790531297835
32,-0.4305540397619172,1.8504916555428657,1.3885124000397069,1.007067448791136,-0.1999659079983166,-0.1305589199483846
49,-1.0824897323852036,0.6635070604551041,1.768071120659657,0.9814152612872103,0.2000000099681863,0.639594678361566
29,-0.3617421009593135,1.9913576843070395,1.5201144026336868,1.199857600273914,-0.0394582985369276,0.0540411336422479
8,-0.0026533501827421,0.4134919409538016,2.2629911909487586,1.833016233173108,0.1999910083835437,-0.1457166054115319
14,-0.29547790711452,0.9522796791546224,1.6472622883148271,1.8184279988278835,0.1930422305391641,-0.0481918906362041
8,-0.0117001506374133,0.3936834315577099,2.2385701360788683,1.880810363540821,0.1999503932942842,-0.1712062205838972
20,-0.2947481718505992,1.6032611440355868,1.5659855688598494,1.8374347825040096,0.0348604755409489,-0.0797572063477022
1,-0.0335456858619182,0.2022705398746851,1.6548840786006789,1.5399991372463997,-0.199886098449257,0.3044713549298443
0,-0.0999999999999998,0.15,1.5707963267948966,1.5707963267948966,0.1997652969348818,-0.2996355163129934
12,-0.2555617234255171,0.9668601479728892,1.7035158211973052,1.8927348602762035,0.1999407466093135,-0.1395168947560602
33,-0.4389908249944542,1.805305557641839,1.392306757220302,0.9735258883937948,-0.1857388396952768,-0.5079821557239
40,-0.8319081501489133,1.306256153316984,0.8555981489506106,0.957576992303443,-0.1999999791212501,0.0225868510778745
46,-1.0287901773794224,0.7893044618300994,1.4488912689190494,1.3545512340411847,-0.097279829577175,0.1230301181111529
41,-0.762719931605464,1.4623506365693488,0.8532955319553301,0.8673353029582966,-0.2000000099798828,-0.2232428775923514
4,0.0468285180376857,0.1454246258231209,1.9988698410477976,1.3245872814116215,0.032289858198378,0.3215107651907168
28,-0.3142105058740855,2.0783066448566045,1.3966428833690028,1.27058260863995,-0.1647246066660582,0.2078941195965828
40,-0.8759493411681503,1.2541024223610773,0.6987357410278658,1.0111635891608206,-0.1999999505565741,0.1955475853933049
27,-0.3289781771318903,2.108731736547508,1.2888456337216845,1.3422657496278052,-0.0891492012643912,0.3122558844273417
23,-0.3480558849376485,1.6850173370873254,1.4290592754867415,1.602261714115988,0.1999641292587055,-0.209335344342255
31,-0.3693331253461429,1.9621641228636293,1.442639802643333,1.0846088564902268,-0.19999993890085,-0.1443269408025976
39,-0.8502892815461028,1.2869216679160664,0.7862080364164452,0.9572631419906764,-0.1999998809033535,-0.1019822442331858
20,-0.3863395888115768,1.528554043975376,1.4949678453293185,1.6199967103829216,0.0653734675295384,-0.0335795263479485
0,0.1000000000000001,0.1722222222222222,1.5707963267948966,1.5707963267948966,0.1997793340465271,-0.3401533708222552
20,-0.3720019632042288,1.575423634916366,1.3968138545055833,1.6392235560037187,0.1942598199951977,0.1182969823350635
30,-0.394467518605292,1.993757857777533,1.5662641721454005,1.119703904417104,-0.1999617686851767,-0.3580689229879228
9,-0.129046782924838,0.5328026576343737,1.926288985708032,1.990861113605798,0.1999268786007927,-0.1918559396733015
45,-0.9964165913415012,0.9342055464880672,1.195283970766456,1.4035447319492682,-0.200000009863948,0.4669282993946652
25,-0.3762705287256255,1.9147254549276027,1.186129760989223,1.5050751986234925,0.1998792193656266,-0.070650073383694
27,-0.332208592928443,2.1192737617639774,1.3120778644844764,1.3253533043906995,-0.1242435567138973,0.2348248118118675
27,-0.3167826971478613,2.0569009271327565,1.1794613795962672,1.3686932768354083,0.1999705775759637,0.4363269400909047
41,-0.8391983869065147,1.4569901779740226,0.9545906568553786,1.084953939957895,-0.2000000099948511,-0.1186917675733733
21,-0.3260255953891682,1.534643320063015,1.5456017265704016,1.6780182110281765,0.1999833250180717,-0.2625618073723439
49,-1.0411442760868757,0.7547211678144502,1.2562462064113955,1.3465784658296331,-0.2000000099546825,1.535680444265172
3,-0.0425422359255045,0.1915400557373738,1.9154342760973184,1.3580732100423698,-0.1826067855629786,0.1703940889569873
8,-0.0045639071654336,0.3548357134957815,2.202857748666082,1.9400665470081355,0.2000000099544556,-0.478734217207879
40,-0.8784591126779296,1.2497833995562435,0.7050113948669772,1.0221396839905603,-0.1999999410401155,0.2095711404081819
27,-0.309683293476412,2.06797821528772,1.223519262918506,1.3602762400991533,0.1999703596366359,0.4151489023833642
20,-0.3796425370539671,1.5246271977435606,1.4926048843797783,1.6431040182211754,0.0775345602203255,-0.0456594431003336
27,-0.3088041001685574,2.08612430364076,1.4542347426202635,1.2347985407404374,-0.1557139760362415,0.0685637997222334
37,-0.76065447871581,1.5245417320113022,0.8880365165558199,0.9023822482570096,-0.1999998852444262,-0.3032362121747452
32,-0.4378107272902006,1.876181650921883,1.4505788973209004,1.0914610268476788,-0.1999547854460672,-0.0703633068953923
7,-0.0516613483482074,0.565420043069139,2.139304434010062,1.855756914927688,0.1999565802587695,-0.0992889424177555
0,0.0777777777777779,0.2388888888888888,1.5707963267948966,1.5707963267948966,0.1544764426950508,-0.2874611966702439
23,-0.3553296760148939,1.790067787221239,1.3558166297760348,1.6455442141049943,0.1998921844154163,-0.1201630471447944
35,-0.6449302124471591,1.5434190497374447,0.9849226242539028,0.878308909996623,0.2000000065401298,-0.037281940065073
33,-0.502350568964707,1.7530714094582192,1.0894561871051485,0.9349305202739084,-0.1999827994259733,-0.0534716920695658
8,-0.0654386755563605,0.4037417990806858,2.020346068837915,1.9695599120344736,0.1999888693045005,-0.0456661287709583
3,-0.0453407793906609,0.0968100463758213,1.98307462135819,1.2963690421623038,-0.0114319660913697,0.2086908565960921
6,0.0770179986422999,0.2778279826761328,1.5005916180696826,1.577311631153805,0.1998884742510271,0.646299535268199
49,-1.07476776801556,0.6877027656283461,1.6434886353698115,1.262424979935331,0.138972388585484,0.8058250433686419
0,0.0777777777777779,0.2833333333333333,1.5707963267948966,1.5707963267948966,0.1803125719895828,-0.3792818520278246
12,-0.2290505852826047,0.84795487351764,1.7367711077120642,1.950747281542625,0.1999754543143281,-0.1342032190415199
19,-0.3277454301673832,1.351945210469364,1.5879022190955023,1.6611908119761711,0.2000000099480892,0.2644102234610075
0,0.0111111111111112,0.35,1.5707963267948966,1.5707963267948966,-0.1993020561145907,0.4129433269416733
42,-0.979138862735575,1.1364866532686493,0.8735570656743388,1.234847587356947,-0.2000000089349054,-0.0248839461932487
45,-1.0252549224200358,0.8068487271532546,1.230568460249577,1.3548454206033806,-0.0600820463359528,0.1337041257407432
9,-0.0817897513605362,0.4015019079504181,2.0462878132846694,1.94238820115703,0.2000000099483884,-0.3647701931792693
35,-0.6034570499162756,1.6013764084144884,0.970669605829988,0.9188035691631876,-0.199999252580684,0.0260871940673766
18,-0.3831882959740744,1.3148852331879095,1.574047547825847,1.6959986468579615,0.1999491150025482,-0.0787186866781566
48,-1.0297347541595692,0.8918960573891077,1.0119489832457642,1.3271057243828446,-0.2000000099921658,0.884739568169706
7,-0.0303035389790074,0.2886033134312593,2.244881753870521,1.6978382079296246,0.1999542455675548,-0.088155700172217
25,-0.342854949007568,1.8668273818237648,1.245833114781652,1.496128447560234,0.1999786912695088,-0.0818823227395
5,0.0376747693273172,0.2176531659452172,2.305251880449246,1.562218981414215,0.1999503299552493,0.0677250427978813
3,0.0502193350432906,0.1249351817309466,1.8468669141319136,1.417981587371684,-0.0984944406849449,0.3413034764151435
48,-1.041842758676083,0.7517432970997286,1.265338529893432,1.3460965018437183,-0.2000000099954222,0.634562703207386
20,-0.3305815004651931,1.605523972586945,1.5327947559442858,1.7575425063539296,-0.0335495879301344,-0.0349228737885273
23,-0.3499998049813459,1.7041476776635704,1.3917236068766845,1.684873758568061,0.1999590842074962,-0.3574769189671553
12,-0.2391518676675525,0.7979754074764467,1.7404206405070166,1.9121644719543376,0.1999833424907828,-0.1038260583534713
9,0.0779686109734744,0.4564806200400746,1.9586096192386488,1.4366530064761929,0.2000000099951429,0.3544780343415051
17,-0.3352570751319313,1.3081627162622769,1.6143151382592065,1.7684825660228187,0.1999716525353775,-0.0971316509086533
29,-0.3613482824215484,2.0370802603548728,1.4323119466465322,1.2519961673299302,-0.0804119553759714,0.1748400787572979
37,-0.7380227430510511,1.5235962518875092,0.8140105354276042,0.8069482412230078,-0.2000000098230285,-0.1428239014222509
27,-0.2886624019406035,2.174683558402551,1.3264494436469416,1.3242911847240098,-0.0909890597628958,0.3201427852773772
17,-0.2667335534972732,1.2340763826536894,1.636800111332212,1.841249840379026,0.199996454140838,0.1581554495288591
8,-0.0755908618622174,0.4321475703444913,2.126068220534597,1.6913322960109505,0.1999603444532231,-0.0376568794788845
6,0.0397594930194105,0.3054369794184625,2.20825789968041,1.5462113428922768,0.1999644673465717,0.1844994307553407
29,-0.3946727044721785,1.9330937767598648,1.4183908953007798,1.233774201371007,0.1999346852797297,0.2194594736770919
43,-0.8551659332908689,1.2752769204171597,0.7792899264630417,0.9586458335460664,-0.2000000099858102,-0.197340458067882
19,-0.3432640008913233,1.3800754580544976,1.591323667266641,1.7167242390205688,0.2000000099394047,0.0731205930896219
42,-0.9389413571025852,1.1307081807918888,0.750482172766004,1.2080100502208844,-0.1468068239529401,0.4435766502296451
22,-0.36748484180718,1.6760839254206314,1.428971973308597,1.6551514551255857,0.0985831543193407,-0.1246456473260008
19,-0.3182166638701147,1.43633668636521,1.5740189226951935,1.7055862617098536,0.2000000099934516,0.2835115030061959
0,-0.0999999999999998,0.3277777777777778,1.5707963267948966,1.5707963267948966,0.0787592040541986,-0.318278907654263
25,-0.4117240226591078,1.865202759072519,1.3163824389365055,1.5248283413545178,-0.1413097889380354,-0.3486088288409836
22,-0.3487328257766096,1.651995359167647,1.406943411627088,1.5779771902901196,0.1999658681947079,-0.2473900647741849
2,-0.036039858643189,0.234406526010243,1.7944402630117278,1.4640244190717802,-0.1009494411210806,0.259447497070446
0,0.1000000000000001,0.1722222222222222,1.5707963267948966,1.5707963267948966,0.1997793340465271,-0.3401533708222552
7,0.0339980446404144,0.3384507748784386,2.284851723197834,1.689369636458706,0.1999660697722444,-0.0017421701571973
46,-1.0588841426310214,0.6689263755497022,1.4032271424867797,1.318969610929566,0.200000009819382,0.4172540515404857
30,-0.389787732393897,2.0461727630310462,1.5361713553455214,1.2114051280066105,-0.2000000098539417,-0.5095417501358469
0,-0.0777777777777776,0.3277777777777778,1.5707963267948966,1.5707963267948966,-0.178447500269946,0.1018413723937474
46,-1.036902803806212,0.7629940540394908,1.3812478194620947,1.3024092840862924,-0.1424859934426283,0.0636714946774808
32,-0.451660363943324,1.8363956523164164,1.4464337723937373,1.0288456136358513,-0.1999420637504182,-0.1668916328619286
0,0.0777777777777779,0.2166666666666666,1.5707963267948966,1.5707963267948966,0.166616393542449,-0.2358987546897114
0,0.0333333333333334,0.15,1.5707963267948966,1.5707963267948966,-0.1998855370646332,0.3758363301168786
2,-0.0433969857993688,0.0884698977866877,1.8929043869164328,1.3572569631733458,-0.1472527003029966,0.2358939721496473
30,-0.311372074951777,2.0382358770431144,1.2020252170648913,1.3946804286348262,0.2000000098230512,0.4298661155994036
2,0.07787998568124,0.3140521101728899,1.5806694785740714,1.5692455821030382,-0.1999026853032116,0.1902241941695988
2,0.1000072866837499,0.4413164992613829,1.6011278266694884,1.5591581645772814,-0.199883945341641,0.0352474344668011
22,-0.3460220221432293,1.634898322168814,1.4535073126342637,1.6073990920672296,0.1999419033612442,-0.130750892442169
35,-0.6040784129434428,1.6388539917308904,0.9365149736449094,0.9212919412099652,-0.1999999140595968,-0.0038184249808999
16,-0.3219663884133319,1.3261277863674186,1.594707556522711,1.762932462721438,0.1999633027695677,-0.0016479281688746
11,-0.1669497359513322,0.7176512013409636,1.8168246378846689,2.0365355854631537,0.1999610409852314,-0.1569083671425094
30,-0.3827562054789059,1.9462027351389768,1.5648111952505137,1.1204781260821584,-0.1999785751148949,-0.1397186772520968
9,-0.0675586204014304,0.486436629330953,2.055301127084766,2.0347259239884026,0.1999896400368969,-0.2488405243956355
26,-0.3194906855558752,2.031771629066609,1.190069512524877,1.3841695577991917,0.1998688370447928,0.4036243300078234
30,-0.3686750895645589,1.970155777271625,1.52835161906697,1.1999036828793732,-0.1999967704250992,0.0249574557712403
1,0.0545670007261515,0.2945761688511771,1.4705049738320222,1.5842132761031813,-0.1997590834678335,0.2978310848881908
32,-0.4619675731722468,1.766956330538012,1.339274396249328,0.9389558269423416,-0.0626630773010771,-0.4716062809819471
25,-0.331578802276019,1.992875957242449,1.1356172348049025,1.4141566680527926,0.1996937081040947,0.3929501440685689
4,-0.0072218592052645,0.0873829002456439,2.178590283789907,1.4513746748179168,0.1515625823005905,0.16879650501678
27,-0.3440082497722084,2.08617590118536,1.2163742995162945,1.358551755864499,0.049430262749833,0.2987076377168564
10,-0.1166412784823481,0.6179786054187931,2.087367014318043,1.8403102152075244,0.199857315927086,-0.374944052044316
15,-0.328009982685164,1.0903799113406372,1.6333337585118155,1.7705685753578395,0.1999628094597206,-0.0677209309751323
29,-0.3722425620646157,1.9934076210520857,1.4490586268391947,1.2406522473812536,0.0458495155365234,0.1247193663005838
32,-0.4071770154464384,1.858271418144389,1.515711504095469,1.539662277691464,-0.2000000099886009,0.220450031213013
33,-0.4591177874061992,1.7831812528686817,1.4851072347399334,1.050258363187067,-0.2000000097687718,0.0537195318009888
22,-0.3765331914457747,1.581559678414792,1.4759665774789197,1.627939496865155,0.1995759428175633,-0.2260215944231501
3,0.0239592128984247,0.1108912006882294,2.003321611383233,1.3169837604875894,0.1626676663526761,0.4076856645106615
28,-0.3614979586684714,2.044521675221705,1.4156962829318385,1.2744826198360553,-0.1073980737885314,0.0180358696902191
29,-0.3539893898088248,2.0785374197345394,1.261706736930881,1.3314462359140191,-0.0360449287739909,0.3685623416503003
27,-0.4026059222296215,2.0111663212094952,1.2378473813321929,1.4509840291628462,-0.1850528456608362,-0.3192283295475108
7,0.0786567145407774,0.4133271826635978,1.6521918038514,1.5317642121547723,0.0997469304378882,0.2831102133322704
24,-0.3836673192682726,1.7457078764507954,1.376239982494388,1.5655054070557084,0.1997367776506916,-0.2295066002087969
15,-0.3082327734583618,0.994302980658994,1.6866390938546996,1.83982829508271,0.2000000099426264,-0.2394335271185877
14,-0.2488616120651963,0.8810553007195926,1.661226169266973,1.8325428356166973,0.200000009969591,0.1679100882269535
17,-0.3124749210894549,1.1984788155228023,1.6601937348630766,1.8347831744277388,0.2000000099597747,-0.1811583137897258
18,-0.2894657094663821,1.4326053599181665,1.6423243629422526,1.858456356036993,0.1998646143168781,-0.374361942831821
23,-0.3860601355172028,1.7193121344860376,1.382737641283546,1.5693471267231818,0.199864943567409,-0.1008094717464484
14,-0.2393164531602991,0.9501872964444888,1.7099333782934882,1.923207425065299,0.1999779776742793,-0.0849982042124747
3,0.0469687161962992,0.0490231164159504,1.9690374518421037,1.3374069536326454,-0.0270814298983568,0.3482155636199232
47,-1.065645489126246,0.7360611986990183,1.516086378195558,1.3518149997407771,-0.2000000099442539,0.2910651707067141
0,-0.0999999999999998,0.3055555555555556,1.5707963267948966,1.5707963267948966,0.0265806366378914,-0.1149725398624993
31,-0.420811155576631,1.9714980862164533,1.549181648590837,1.0947796547706563,-0.1999998264917611,-0.521228096889572
20,-0.3604969718983856,1.4585070090871812,1.5588314431395869,1.676250141014255,0.1555989247071721,-0.1452923907051451
21,-0.3732050886807254,1.6272058891410124,1.4571325900640826,1.6283177426785396,0.1992005797729246,-0.014567293599965
5,0.0575711957292048,0.1233784695941515,2.169970248886619,1.4141519978501127,0.1999934755870947,0.0777307008279884
16,-0.3037388494154857,1.0868321199465536,1.6070958460357527,1.764891231430036,0.2000000099432317,0.1598705388512481
15,-0.2945711715008369,1.0256220277624342,1.6473500820935745,1.81224911068966,0.1999810963408131,-0.0363567676139199
42,-0.8831388585034261,1.3585646455638356,0.6518864529815058,0.961123337053428,-0.2000000099455414,-0.0626874730234006
45,-1.017860289556658,0.993233596027495,1.034917210289512,1.349370034380206,-0.2000000099257068,0.3476282870691483
49,-1.0985280830158264,0.6290587990588085,1.5387884332474808,1.1938660860272006,0.2000000099200512,0.9290876761734848
14,-0.0709889900255742,0.9790524099088086,1.95261583203939,2.057516222924697,0.2000000099508121,0.0072271647521032
41,-0.9739637535392438,1.059114875113064,0.8844671670699954,1.306058694160151,-0.0893375801224791,0.1708263757023036
2,-0.0078087753512175,0.0511586407854335,1.941419408717428,1.262876027950366,-0.0611509856222737,0.2153998762227635
48,-1.0706106596372755,0.6740912715073619,1.6934246170010905,1.0975697268414812,-0.1650541998227661,0.2673125625790848
1,0.0332836431430679,0.271550302024284,1.5948552834477765,1.56213759273009,-0.1994011276187186,0.4430155808213426
4,0.0389426390137757,0.1051898026990008,2.060776023563466,1.2207391096597977,0.1999413329785994,0.3703275495445535
15,-0.3109697246535438,1.0886205661524484,1.6437723199513297,1.80087452946522,0.1999636446627476,-0.0699505379698291
32,-0.4467580572613776,1.8398905635990368,1.32322542096046,0.9073995991346132,-0.1253315496930974,-0.5013991552359242
12,-0.2215846435844506,0.7262895093407165,1.7855721386757235,1.981713531850855,0.1999931144799037,-0.1782985089726179
46,-1.0591734070846934,0.6999936882568019,1.5703877481308322,1.1971589851705324,-0.2000000090305214,-0.0522464502819202
23,-0.3749464822855365,1.7361865871999425,1.3805864016201834,1.58149595939759,0.1293436905049816,-0.1815216388402581
6,0.0396001374004993,0.3003730562978984,2.2390429312970976,1.555772214811315,0.1999645552248638,0.146257018167023
24,-0.3824773933974243,1.9205469547079297,1.2820246974614005,1.5076176904091902,-0.0506512836296553,-0.2031078983994393
30,-0.368153080773603,1.9698794270311704,1.5487335671423463,1.1404343811176076,-0.1999771914467927,-0.1523797300914975
19,-0.329747258155565,1.435683690431705,1.567241066196237,1.6740906369492303,0.2000000099365334,0.2910265310979481
10,-0.0771879513940126,0.7182406311902018,1.9800375337388847,2.083728609983449,0.1999810957649049,-0.154603362565395
3,-0.1019258975347103,0.3271326854896236,1.404648215570722,1.5472984394843594,-0.0205928202980724,0.5680519576082063
43,-1.0019807721640983,0.9329317123272388,1.0850454798032323,1.3921607772544355,-0.1417066662193672,0.4767033684425817
47,-1.0434837651103714,0.8987388672112112,1.1871595727887492,1.4266754586332029,-0.2000000099973277,0.3390501892452151
11,-0.1708691603857978,0.7125470072623575,1.7998822713878493,2.039663008108854,0.1999888160993338,-0.1424291675933587
12,-0.2426335194477891,0.8983831969978588,1.7177630412068703,1.8861849764135967,0.1999308562660162,-0.0722236962834644
0,0.0777777777777779,0.2611111111111111,1.5707963267948966,1.5707963267948966,0.1715896042367034,-0.3450117782613353
0,0.0333333333333334,0.2611111111111111,1.5707963267948966,1.5707963267948966,-0.1999421749747252,0.3726202475038699
6,0.0804766571421193,0.1583108500195702,2.025139690437589,1.4541615384275686,0.200000009960217,-0.0060738500341098
22,-0.3691193080655205,1.582915573690057,1.4201487723706152,1.620904662350864,0.1999124137212055,-0.1044900915228297
10,-0.0793046590415735,0.6589383795601673,1.9682932021704056,2.0353188326640854,0.1999677823261711,-0.0555103748144964
0,-0.0555555555555554,0.2166666666666666,1.5707963267948966,1.5707963267948966,0.1998113801917315,-0.1459848141006434
19,-0.3414653067465585,1.4540554869585665,1.5746877836671214,1.7221029470287468,0.1999554862391477,-0.0939093393126526
8,-0.095794070018054,0.5639266446271406,2.042318639406238,1.9201725920597303,0.1999413708513083,-0.1608826170564337
24,-0.3805368859418513,1.76956422896829,1.3599612238493304,1.56526762928553,0.1999785450626961,-0.1670152592668999
8,0.0555019228112071,0.3587198167027812,1.570169833549533,1.569961217502343,0.2000000099617109,0.6191004861753998
0,-0.0333333333333332,0.3055555555555556,1.5707963267948966,1.5707963267948966,0.1994579704298532,-0.1929509034648879
19,-0.3219615202450199,1.5387181270206036,1.5685227485981326,1.7817697950499394,0.1813347241848703,-0.2973683605781065
47,-1.0249668135416143,0.803621332736139,1.6011859121441403,1.327420678391268,-0.2000000099965347,0.0735947108560422
40,-0.878140714032345,1.2471705834231273,0.7043245332923274,1.0179568696995418,-0.1999999429682802,0.2026962511264013
9,-0.0610430616231475,0.5530677591425889,2.1826381730523448,1.913636392483384,0.199883868773066,-0.3857535406990979
27,-0.3381188473523928,2.0763210929843123,1.2765647529718969,1.3493738562586384,-0.0089237613250864,0.3337255355949803
34,-0.5724722264139884,1.626699550371769,1.040156696983848,0.8760967824803289,0.200000009660323,-0.19500201724557
24,-0.3485972667959846,1.801519904239357,1.2794411341336112,1.5447934593195471,0.1999924052535065,-0.1950946191265804
8,-0.0517604025624134,0.426562058774447,2.1640557991948466,1.9390931965196507,0.1999360335108074,-0.2824805834944622
27,-0.3199864115737145,2.049477960044184,1.4447004729362378,1.280463969781035,-0.0707671772288285,0.2638371741116963
14,-0.2504836259384393,0.8904315477710824,1.6630461710181574,1.8242036333262448,0.2000000099933068,0.1670874780157498
42,-0.9824089962524256,0.9954274178818636,0.9615920568492752,1.2947220183280512,-0.164187187808576,0.3485391678323318
9,-0.0916586705149881,0.4955667892931999,1.9212101126992176,2.1101667457680726,0.1999904203573021,-0.107832849977884
32,-0.4586178934029068,1.836341378758088,1.4375266421942072,0.9755250111441276,-0.1998474532250392,-0.3979835429382699
17,-0.3261575723354253,1.2151467260584994,1.590091077181579,1.7539473716509235,0.1999852439628092,0.096256837183425
25,-0.3657895371028311,1.9473620128136344,1.1820200691607337,1.4860088409052996,0.1999141243009467,-0.0236155869769397
5,0.0559172922647121,0.1864181578792363,2.143363391109977,1.382997066401776,0.1993465278748087,0.1674620269830105
16,-0.2991603299355092,1.130824258623068,1.619163573386705,1.8169637361880755,0.1999880399913859,0.0150337774361958
10,-0.1349676255528287,0.6681392532220675,1.8910374316063263,1.9307630453550289,0.1999715950982445,0.0006200651300703
26,-0.3777838545819949,1.9382016239445723,1.183769249418054,1.4802273914561148,0.1999475383956971,-0.0767813696153627
25,-0.3418024987924623,1.8872327110415423,1.2374918209996562,1.4745270673972262,0.1999902157821451,-0.0765831257573901
14,-0.3068065680714803,0.9660586864353852,1.6377505865313469,1.7850184838825305,0.1999742052005117,-0.0324524617932583
28,-0.3546810271392053,2.0085796253727484,1.4665612366187055,1.247299665193988,-0.0385025899482253,0.1738406126340227
18,-0.3698479303495672,1.3747292646602158,1.5725763226535658,1.6836952674844847,0.1114159237516786,-0.0446643937839982
30,-0.3598535808499185,2.057159464417639,1.3603040176120142,1.301695857136088,-0.1999999380206038,0.2653736230591095
26,-0.3791106583789789,1.916808246734062,1.1724872710790972,1.5027281417863183,0.1999606759711138,-0.0692932516714763
2,0.0778042430614061,0.2255989471686774,1.5713441232827048,1.5710924826602326,0.1459395894862772,0.0216456744419717
2,-0.0251940612348482,0.0103366450214212,1.9457571367409567,1.299969789636284,0.1039838424161771,0.3161472839984033
0,0.0111111111111112,0.35,1.5707963267948966,1.5707963267948966,-0.1993020561145907,0.4129433269416733
3,-0.071082087855151,0.0343379829981525,1.9970471496370177,1.2624888139555308,0.1998360137092787,0.3254812754977632
20,-0.3663646102726441,1.4807824607214048,1.5487353588130812,1.6941280864125527,0.2000000063106349,0.0627123237917682
32,-0.3938869753214881,1.871822870401909,1.4962522062149386,1.5629949025842238,-0.1811488584631274,0.2479508437370431
40,-0.9132543169555024,1.1790619929081354,0.8087295937028269,1.0604783630763592,-0.1999997454857414,-0.1251323493046028
46,-1.0498552360136508,0.812762110262965,1.288699553408895,1.4262031533287132,-0.1121359236835636,0.4081896157903522
30,-0.3719895568227256,2.013860487752353,1.3473390797760825,1.2989002837368573,-0.1752789704120281,0.2760655318925101
6,0.0038396153066854,0.3011375498743274,2.265627977499042,1.8217852475949832,0.1999764464651889,-0.1062709899602116
4,-0.0224726097200271,0.0981737171863177,2.127919652560029,1.2727749589261057,0.1999389026203803,0.2478777576734386
15,-0.3115370335545206,1.0844397633280685,1.648338644266464,1.7768148311321967,0.199963101804688,-0.1108578089328779
10,-0.1202988679761777,0.6884732190991597,1.9043721561223816,2.035737750644926,0.1999883421061227,-0.120871307495296
9,-0.1255666724752459,0.6006084522813899,1.9753768193211887,1.9146213334957345,0.1999887775532692,-0.1578875224731737
14,-0.2849523957349887,0.9581287399863272,1.676842656978641,1.847152236696816,0.1999750840885676,-0.0622108428822061
3,0.0786231922433844,0.4194380266140677,1.7437078254905083,1.525808419140575,-0.1998684537664434,0.2771172488562467
8,-0.0977093298625416,0.3519574954976541,2.1278663760155245,1.8440862266566755,0.1999709045135854,-0.3231506019797128
13,-0.2485973336654937,0.8463540499458291,1.7238645339992384,1.9064209562742425,0.1999686662386999,-0.09531333694134
34,-0.5891396261338149,1.6572225291450748,1.0717187092828044,0.849933416297441,-0.1000067126492852,-0.1782422689861403
32,-0.4759676408194075,1.7706026891371691,1.2698054956879954,0.9423814643945612,-0.1999618297176945,-0.4131633847144146
17,-0.319681463695658,1.3251251149566252,1.5969743146780837,1.7691704743845895,0.1999700759678545,0.0136467069524499
30,-0.4029307111455884,2.010299257569021,1.5646293247726302,1.130485053075367,-0.1999631111205586,-0.2505646283880267
1,-0.1022498523942247,0.3627645210224811,1.3450748742869385,1.6005073140048107,0.1664316249432243,-0.2633560474069458
6,0.0843112828677412,0.4440195539231618,2.1129470179465155,1.5265395549250471,-0.0286157458732657,-0.1476066822080341
15,-0.2733394081383823,1.132345699656608,1.6613052776327648,1.8562311352559933,0.1999918029994243,-0.005942127099005
29,-0.379130417870157,2.095512245193514,1.24948646227387,1.3977126670987814,-0.2000000093092612,0.1488048218748644
31,-0.4138716535805934,1.837137367422556,1.4494151780989508,1.019519290435516,-0.2000000080295737,0.0410114210754014
32,-0.478255925005322,1.7981570062937915,1.2410812462356429,0.8782919070396019,-0.0478836093329026,-0.4330827310717256
28,-0.3578247738172851,2.0422756776992794,1.4296168937024216,1.271037677672871,-0.0901532974679345,0.0359529040555383
24,-0.346827236979881,1.8148663878896896,1.256294489898954,1.5468150295603404,0.1999878851473662,-0.0343990705020744
6,-0.0046821515869311,0.1815132852954959,2.339238488176141,1.4900075486531827,0.2000000099928584,-0.5568696636684857
29,-0.3121775611465443,2.074390096351627,1.4596702801671366,1.239528829703435,-0.1999594011762394,0.1411918473670438
1,0.0066318844082698,0.0605872390049847,1.784369603791509,1.4514075661353418,-0.1998649106048258,0.3394571301756108
34,-0.5843020153046099,1.6545194514215211,1.096918967613254,0.9033621092959584,-0.199991852559959,-0.0661216269243361
2,-0.0047985082048882,0.0112130125051037,1.9407788972046716,1.2892745592276011,0.1030623421287785,0.3014320966680368
22,-0.3370379172098063,1.7013691704975076,1.3881176459279398,1.579523212576688,0.1999557056871291,-0.0997395320105741
47,-1.058149539375527,0.705853069972676,1.377615665146385,1.3207570711711638,-0.074476508700213,0.4951013480445963
22,-0.4035854746852726,1.6490114774007334,1.4497684436526637,1.6185642348524114,0.1232640377405989,-0.151161052104612
30,-0.3757782703944808,1.9952330204749884,1.4337035762753825,1.2647133090525675,-0.1999822996990858,0.1811128531355801
22,-0.3296411545073918,1.6307501138250815,1.4891098167551151,1.7488995524709046,0.199737053055747,-0.2612588095241249
23,-0.3501241157266889,1.7242750575167678,1.3553953963008265,1.5568234478803122,0.199983323319549,-0.1547692808281365
45,-0.9954861701184622,0.9978893087447802,1.0159543051620483,1.2587465259539952,-0.2000000099888594,0.0196054376892981
4,-0.0043697914701436,0.1895608888269271,2.0862957621600966,1.2347699096547085,0.1998933751373935,0.2295046195679816
0,0.0111111111111112,0.2388888888888888,1.5707963267948966,1.5707963267948966,-0.1998291862253509,0.3998157720713477
12,-0.2284694107878352,0.7956603640546196,1.7525980929520468,1.9385048317470783,0.1999680513581444,-0.1362858922669625
3,-0.0437474599056527,0.1285688679080415,1.983578042187963,1.3107974399318156,-0.0728323007768801,0.1331169742058218
23,-0.3489735035037408,1.7145889216383556,1.3687610859659056,1.5857644637627917,0.1999902152113959,-0.1649496704112352
32,-0.455865961509177,1.774656215205851,1.373555482425962,0.9482285563132454,-0.0793760134881308,-0.4927452070476675
22,-0.3704385496313448,1.6425412390577545,1.4807873747074394,1.6212763189416104,0.1557516549525644,-0.1437988967878156
21,-0.3281153164366031,1.603831079855928,1.5112115601685383,1.7722146555299247,0.1995488007257438,-0.1064082008206847
11,-0.0698680568687289,0.7743926253612782,1.9864574978735785,2.0577883327824864,0.1999777097914392,-0.0832335334317054
10,-0.1773861424997199,0.6211148504949102,1.8287193524327616,1.9867597043569096,0.1999358485289013,-0.1627128663296015
9,-0.0155238497009021,0.5101784697983798,2.210189187925089,1.981590651411048,0.1999600290397866,-0.2477389021406203
49,-1.0453524770153393,0.6736391413765934,1.843394917496715,1.1466980799420825,0.2000000099728247,0.5868679451134096
8,0.0150541108250218,0.4164355104921942,2.2339431094613413,1.8541387870221933,0.1999908604730568,-0.0954428133853628
4,-0.0796983868911753,0.2305393072578943,2.0979314083841185,1.3609249539720862,-0.0286638319227259,0.1022814317025988
11,-0.1316984129420974,0.7996743817890949,2.0245517567070523,1.884274985200376,0.1279179873576391,-0.2667344836139446
32,-0.4702125532544169,1.804330551292262,1.3678599342132682,0.9015908215643786,-0.1138776856978848,-0.5312967448761273
1,0.0994960330501911,0.3317541614429375,1.4922526414182524,1.5889767838326614,0.1425018173077256,-0.3156912648363327
43,-0.9622279924948612,1.0614609054318591,0.8593492257085185,1.2836226096841288,-0.0237589633197448,0.3726247077330439
13,-0.2340635220065465,1.0162197066192635,1.702753624177419,1.9218863305620943,0.1999839476201429,-0.1046611900825165
6,-0.0056829408314278,0.1894847614921163,2.307933257022176,1.6472467155505837,0.1999812182072524,-0.1353945434879017
2,0.1007833811807951,0.3929562402612709,1.7649060348656516,1.5175298272732636,0.0774821423727458,0.4842343044789414
7,-0.0260658865475823,0.2733272094915018,2.268361450233732,1.8717252264696664,0.1999821773079934,-0.2701520077980999
49,-1.1026952204164706,0.6043229346751837,1.802283555963145,0.8930585322958576,0.2000000099662012,0.6005383924033043
19,-0.3292442010869932,1.3845169208518957,1.5819908464935164,1.6534204942025914,0.200000009994466,0.2853767088230604
47,-1.0072820836094167,0.9044088908942192,0.9924113574114184,1.3285985014856152,-0.2000000099900128,0.469328450928846
45,-1.0432758508794,0.8663178797266309,1.164369453736816,1.4452915597939269,0.0794075299430096,0.3746060730222739
24,-0.3478879461522257,1.796450701286418,1.2905252511289458,1.5485114706515504,0.1999898375705028,-0.1802069739714366
33,-0.5561950854263018,1.6677841148425667,1.080421787747417,0.8921229246951957,-0.0547384015978112,-0.267636241956408
6,-0.007167943426481,0.2488902078558981,2.2503049532559256,1.4834617572469129,0.1999318007008943,0.0792709608345708
38,-0.7667036309580169,1.4246193627237846,0.9076913591770128,0.8780470628375567,-0.1999999897331096,-0.3112209262294919
4,-0.0302812556433239,0.1036393853433731,2.196603954830442,1.419276174220912,0.1182999908449344,0.1314381225045545
4,0.1016156503917193,0.0942570070142154,1.849445139285553,1.5160640270060506,0.1577972868905007,0.412668400323994
28,-0.2590202315613401,2.214699902801676,1.365819522240434,1.3119357402047858,-0.1999998973302336,0.2645190390661572
44,-1.0000161033133177,0.9459160185184218,1.1205977300264485,1.4635875138512549,0.0978030165829057,0.4490396267334014
9,-0.1017802451751747,0.3894375108856125,2.008343764641557,1.930592860910631,0.2000000099515075,-0.3506344274787367
0,0.0333333333333334,0.2833333333333333,1.5707963267948966,1.5707963267948966,-0.199758804513895,0.2845145501032434
12,-0.2024990351630687,0.7939021649336385,1.7874227362361292,1.9466599958089907,0.1999685582112113,-0.1563614568366706
0,-0.0777777777777776,0.3055555555555556,1.5707963267948966,1.5707963267948966,-0.1999339340142471,0.4435297310424763
9,-0.0344605889912753,0.5796861132726174,2.093696382888828,2.092555312172566,0.1999626022813647,-0.2395975514654367
24,-0.3586556833582682,1.8722438588440145,1.3438021688499182,1.5367345668124426,0.1478826367466518,-0.2461874791732454
27,-0.3409864830974771,2.121108583015989,1.3383174101498465,1.318552671805108,-0.1998029899420445,0.0627575748734717
29,-0.3479095592268242,2.048287887175477,1.1660419582065682,1.437506105885462,0.2000000078356336,0.3359868419128096
10,-0.1142354176817081,0.5208593778967581,1.895359032848153,1.975510636360652,0.2000000099534279,-0.1535375912155274
24,-0.3480392224986327,1.8184420914499908,1.2527541677143912,1.5405153224019468,0.1999880749888924,-0.0192697527198694
19,-0.3680101368500915,1.5521666343222529,1.4649693193521838,1.6603414909518934,0.1703461611825555,-0.3027642942566812
41,-0.930789224932587,1.1673829972952647,0.8382929591288173,1.140912754196494,-0.1999998667116335,-0.0101310942982305
26,-0.2974838388882219,2.128393222013794,1.2286287854101996,1.329616855988643,-0.0386756163651244,0.3530608816464129
6,-0.0969210364396558,0.339785484074553,1.915782126658831,1.4860841767711208,0.0460396150002051,0.2918136273722675
2,-0.0977897374964942,0.2398604633715644,1.7926769362586343,1.5413260130528426,-0.1999581811893239,0.2199839898685721
13,-0.2268220701298564,0.933582076458902,1.7522977638939374,1.9230274594465304,0.1999665849397191,-0.1127192011421476
47,-1.0272536731606514,0.8152728138656824,1.1728588650610785,1.341557235895133,-0.2000000099790392,0.3591460761161792
7,-0.0747534753699493,0.4736361527192969,2.1298067281630377,1.6872994751266597,0.1999248225056112,-0.0232884774935674
35,-0.5644540526794835,1.6335601861287143,1.1969777001675703,0.8897696355274988,0.015676543878941,-0.3820373912085255
18,-0.3842993943387899,1.3101546886247866,1.575845663496528,1.7062657064564697,0.199975450121032,-0.0929388744786519
20,-0.3033264831459129,1.5123086244519053,1.6882455208982812,1.7728596674039492,0.0674746673376495,-0.1948174507113575
1,-0.0160612174834355,0.0517405377143225,1.7784623662617545,1.4496324193451138,-0.1999483445114903,0.3279728735424295
2,0.0776283126149466,0.3351706752006398,1.5522459680822234,1.5747359168868051,0.0682244400843139,-0.2247726522534711
27,-0.3000228621802993,2.1209338833822566,1.2677605311062674,1.3207298109614252,-0.0100386175907943,0.3517399853225268
0,0.0111111111111112,0.3277777777777778,1.5707963267948966,1.5707963267948966,-0.1997446137441849,0.4020960407179578
28,-0.3746317211473075,1.976052653180804,1.1383298831668238,1.437265324397616,0.1999872538886208,0.1911665952286311
2,-0.004223451306468,0.068654693529024,1.916883976259504,1.3035471785547388,-0.0870903908093311,0.2111021664670506
21,-0.334199927427696,1.6570485744444203,1.4212980205800871,1.6368968481951762,0.1999424451059979,0.0048711678554325
26,-0.3797811390828012,1.9414804110953383,1.1741195331004004,1.4779818398146327,0.1999408047607107,-0.0524689409152662
13,-0.2692241200777425,0.8887957650314758,1.7083683694389205,1.8695116081357048,0.1999150418061529,-0.0837330398273033
26,-0.3315297198674186,2.087166703975257,1.3067793440120132,1.3477268004716976,-0.0581198206137734,0.2990897811477653
40,-0.9059386472374092,1.2143734181616044,0.6984182804364527,1.1414342550609342,-0.1999999006120915,0.3176763914492275
28,-0.370462811725014,1.9841148565132696,1.4883728987213711,1.210777252714475,-0.0158280061135346,0.0923659669815423
39,-0.8347506167858361,1.3200541148741582,0.7609417746451239,0.9428054481769323,-0.1999999834691158,0.094154244459607
30,-0.3738524595062107,2.002585734504493,1.5197319860251808,1.1902482517420057,-0.1999927359899573,-0.1060770115908433
47,-1.0233079191737229,0.8112059799993319,1.6058186772412235,1.3341006732331804,-0.2000000099751355,0.0705062010893195
11,-0.189623604927715,0.7099271483580853,1.7740461849114446,1.9980178928100147,0.1999568376777006,-0.1268236146056784
29,-0.3618275022920765,1.940538315258912,1.4627364697542529,1.176903712818196,-0.024935014014306,0.0819600670471197
28,-0.3010082105051793,2.118058835845235,1.4561169120159487,1.2523809928829408,-0.1999880978808524,0.1100479396649842
22,-0.3769334446764526,1.696477314635279,1.3264222058244712,1.5742846800843049,0.1998868387151245,-0.0707283462918735
0,0.0555555555555556,0.2166666666666666,1.5707963267948966,1.5707963267948966,0.1494447317461191,-0.1330514787925186
35,-0.5975813487422189,1.613009677491339,0.9651698740806918,0.912668413731568,-0.1999999183318674,-0.0187142747465119
23,-0.3777315779181434,1.6786837157615406,1.4243436577406268,1.6010028112100243,0.1995231834582658,-0.1750829724480331
34,-0.6216061636741516,1.6035109235438674,0.9709769255158048,0.9136061316765148,-0.1999650170422854,-0.1196103411462065
13,-0.205833688112248,0.8071009585463664,1.7629938619819026,1.9713850783838545,0.2000000099636396,-0.1983505962052915
6,-0.0714745675939456,0.1919012851166427,2.154532847055469,1.5855744410348296,0.19995008363929,0.0199870535049296
8,-0.07582280138632,0.384001628506223,2.0056442553785185,1.9327972436944711,0.1999886948063764,-0.0264457881562714
11,-0.1430312259222254,0.7444368967352227,1.828021460273538,2.0467380844342475,0.1999772827222343,-0.0314736752899172
2,-0.0811419826085125,0.2631566046543915,1.7120317080865188,1.4890813428132397,-0.199857816837549,0.3198369657745354
31,-0.4123172688760843,1.9629687078935647,1.5422198409822323,1.063066691883926,-0.1999181405594769,-0.2994105853662634
1,0.0067522407412828,0.0922051809732912,1.7432968030360083,1.468526573856166,-0.0884799492054553,0.3685451780890122
34,-0.5736251264335999,1.6672654098685584,1.1187658729639391,0.9057075780207514,-0.1999969187949773,-0.0795824077738757
17,-0.3343906100460284,1.1104651298050012,1.6115935752776007,1.7349448544740138,0.2000000099802655,-0.0435041992690173
48,-1.0701105627589045,0.6742768585896283,1.5251488234495372,1.2903483857712337,-0.2000000099393406,0.398426414869942
5,0.0368885720362938,0.1684272858630813,2.219787919023309,1.4617465923819906,0.1999630943750401,0.090370974870413
10,-0.1386577107771091,0.5916336272569584,1.8522860343244407,2.0449014426156262,0.1999619800781436,-0.090463349717113
28,-0.3933518119689447,1.9323854976809272,1.5004203552987914,1.134640300733198,0.0636990709789118,0.0784652384770501
25,-0.3565175228786916,2.0457586475728267,1.36377735162643,1.306772617481207,-0.0490493807401015,0.2072337692690866
4,-0.0775608536614885,0.0479859212360839,1.9922515536334853,1.2071354403244154,0.1489406335817355,0.3038685225863074
15,-0.1720134985205221,1.0477671956457586,1.7728977231904277,2.001151174022988,0.2000000099936981,0.0519219906518078
30,-0.3426893894763927,2.011787220417108,1.4646712253477912,1.1538209096573178,-0.1999976175066034,-0.0772780584856836
47,-1.0235236372329624,0.8112481271686195,1.586865475644739,1.3279906609021366,-0.200000009964151,0.083141669094056
6,-0.0481150514879025,0.4656284884379411,2.193291467675243,1.638494205731322,0.1999803913541121,-0.0247562110021921
13,-0.162817118024201,0.9407763750012376,1.7967843572285511,2.0074088755942854,0.199813578283075,-0.00850061479448
32,-0.4556916594211291,1.836952106839021,1.4424635006884046,0.9729908513866108,-0.199620291076406,-0.3350611740036976
28,-0.3382722516900719,2.004756368812364,1.4156865189459662,1.2478768953152155,0.1124714633328611,0.2119896808956353
14,-0.2841245995009466,0.937662340999286,1.6766864276167492,1.840937606203176,0.1999796975415872,-0.0634813461844861
1,0.0302025041841275,0.2014878567081397,1.737537265816007,1.4814002076313613,-0.1999199681518054,0.2399245336932931
37,-0.7093728471136422,1.4745493357349184,0.903780692317758,0.8633058342854791,-0.2000000069202021,-0.0180216977546567
4,0.0359750130768009,0.133694746727765,2.016385374193545,1.2082250445730718,0.0974149170612914,0.2657563694267623
44,-0.998964531869221,0.9291214999467174,0.9474132555213312,1.315852642375926,-0.1999999771269634,0.3585581000318993
32,-0.4441412782725127,1.8420010833169933,1.4719854426859675,0.9647648077473816,-0.1997794253506233,-0.4984953800182038
8,-0.0988924510886791,0.5387632287472501,2.142877543480007,1.4292646540152882,0.1999225077888505,0.0365201513351554
7,-0.0293364856282975,0.2653625371333442,2.20284624496964,1.637618455329802,0.1999995425863135,-0.3268776111442047
7,0.0324661159950711,0.3785890644931157,2.2931021946158747,1.9091948444930549,0.1999440262899444,-0.1395944570005406
30,-0.3476938431142022,2.053019717374111,1.419803281375442,1.2953916892726631,-0.1803892128436531,0.2497242184175224
30,-0.3724901126650909,1.9520370196121173,1.5193207771182502,1.1454474251830031,-0.1999685475221779,0.0006877307465594
22,-0.3715110828005457,1.6561045373653407,1.4032163965554407,1.6309181275226756,0.1734064286462986,-0.1500525117625012
41,-0.8791623139359305,1.2411656893071383,0.7739089420672993,0.9923906110356278,-0.1999999894075748,-0.0720269735730636
8,-0.0305161790935256,0.4811835501564149,2.1794573544201,1.955610635472363,0.1999572859468826,-0.205248090172694
11,0.0190402395055797,0.6846264753580339,2.082050194009228,1.9027236028769248,0.2000000099588241,-0.1350066277687304
18,-0.3289751657035465,1.4172463536561677,1.6240748246439418,1.7412857280959666,0.1807921018788234,-0.0420885293289157
31,-0.4211512197855387,1.8761988613613785,1.485809272407301,0.9981329609661452,-0.1998768981413882,-0.375635967971584
37,-0.7223326330770513,1.4504500335966328,0.9058342474189144,0.8541453128447017,-0.2000000093615941,-0.1110229529970455
17,-0.3526950252829056,1.3335723350291235,1.5802024277534823,1.7315241619814488,0.1999498093394322,-0.1217788231695252
5,-0.1011741603362351,0.3742515852315067,1.520332501330648,1.480900224781552,0.0793716535493451,0.5409675261950745
4,-0.040736003147461,0.1202209183743734,2.08248840371636,1.3128114922786205,0.1111665337795304,0.2763587762708335
0,-0.0333333333333332,0.3277777777777778,1.5707963267948966,1.5707963267948966,0.1992797627007023,-0.2246322642711005
35,-0.6221017815403126,1.643413317369348,0.925570217021976,0.8067107494340714,-0.200000007303323,-0.0934118925641145
19,-0.3779435609535931,1.4518193123870324,1.5286814692106585,1.6660273601405888,0.199944143043098,-0.1657401923793102
1,0.0314210751105829,0.1486841835869817,1.6995082507517676,1.506678711082296,-0.1257520179021372,-0.0277315896166638
19,-0.3664784028188426,1.396689841467048,1.6098078587479645,1.6476850544000956,0.1998536360808708,-0.0652366756655108
41,-0.896442160673054,1.336810412843785,0.6521263840284686,0.9864192757585256,-0.200000009943855,-0.0665073817997515
2,0.1003684913892254,0.180732230117469,1.707892664768968,1.530024698408998,-0.0368151810665004,-0.0450417278224506
35,-0.6117156325560429,1.578539879600409,0.9960050145771842,0.8618920514858371,0.2000000094133033,-0.0955616155383147
13,-0.1640578119515698,0.8538576287057668,1.8004624033954482,2.009969088616935,0.1999869731566297,-0.0130408944751377
3,-0.0498096651695035,0.1107180474634047,1.9414274106409888,1.2825674898393946,-0.018243305155589,0.2533826361792812
38,-0.7745274638915637,1.4858487939270135,0.8828098187830786,0.9111103810595488,-0.1999998833791647,-0.2846675885039944
14,-0.3019366694321445,1.199908177329243,1.6550884852793557,1.81636152747294,0.1999669785465103,-0.2123585920213216
43,-0.964697070313988,1.05055386248316,0.8697124058988432,1.2906813372279176,0.023661314525537,0.3544974059056716
19,-0.3304747156648686,1.3833963587570883,1.5791867757823803,1.6553826479458429,0.2000000099483731,0.2835139643244084
23,-0.3816475344042376,1.797354962711451,1.3701634305205683,1.581992262724575,0.1998349943065951,-0.0296882318154937
20,-0.3629563983031396,1.4309815938068935,1.564565778770719,1.6710525885648604,0.2000000099903744,-0.0044614249434415
43,-0.9689979391555748,1.194658747866575,0.7343885088947157,1.1783214621917963,-0.2000000099435712,0.1161206900751277
5,-0.1001813959766028,0.2724934903272282,1.587221865603004,1.5590779800917307,-0.0562744268670584,0.4375270774280912
1,-0.1014823028182334,0.2506890739309884,1.4209785686384002,1.5907155723239073,0.1992370866788945,-0.318687836969548
42,-0.9615611319092128,1.214970370456303,0.7095655287292342,1.1590136353292655,-0.2000000097515778,0.1113258102320595
32,-0.5152325804934883,1.7592672510880265,1.1200290145960192,0.8439217638490418,0.1714087948640953,-0.3210106285272038
44,-1.002535307090774,0.9385875433801776,1.1145883497856817,1.385958217409408,-0.1999999806176865,0.2344006012643089
31,-0.4154985272018813,1.828940037362485,1.5166292125966887,1.5455737199890915,-0.1808694929040781,0.2691585858504968
10,-0.1407213772131045,0.5325285590641864,1.918264684328113,2.044391389032422,0.2000000099537725,-0.3477318218172901
8,0.0515091196769217,0.4864454675948142,2.251746655502592,1.7820200705551517,0.1999726040728146,-0.0102728850054031
39,-0.8802326028594697,1.3697360152679554,0.642558136084352,0.9524645536444724,-0.200000009586296,-0.1620606033120329
5,-0.0486173823793555,0.2863494859484065,2.1645739833500723,1.5321764267632203,0.1997021461634112,0.1221227018086533
1,0.0541961741724653,0.4385827730457069,1.426036940809781,1.5932133371545556,-0.1554223695238995,0.3489577512378153
15,-0.2427983102016838,1.1074011361934826,1.6652381839838366,1.874329180928465,0.1999795806301894,0.1424004818892564
34,-0.5370424326670676,1.7195170428661015,1.2374078995224576,0.9363099656278496,-0.1999999101086332,-0.4290515121687986
1,-0.0777402278458378,0.274090084417243,1.5891955020513873,1.5651861028168197,-0.199829380482193,0.3516131533618321
13,-0.2529743850517274,0.9418530670489036,1.7097156523403267,1.9115147947117792,0.1999718789202581,-0.0846602607540039
7,-0.0979762306262919,0.3189722728775546,1.8939578058805804,1.4909958483345662,0.1999586479433954,0.3145513862246437
23,-0.4078451623642545,1.7296963752359436,1.4964145692673068,1.5888101151477738,0.1999783693986303,-0.149869423946373
36,-0.6930114333864619,1.540963404259193,0.9129320500938144,0.8669841329695277,-0.1998905543027496,0.1042120602606312
19,-0.3374772534168713,1.5028436014229327,1.4796956675734858,1.646229919236529,0.1999595478355876,-0.179015561003299
0,0.1000000000000001,0.35,1.5707963267948966,1.5707963267948966,0.141593341226026,-0.3774983538934046
16,-0.3248597533904752,1.097582913952759,1.6671494926002364,1.8008239492307825,0.2000000099417993,-0.2310133545159503
6,0.0634178164349865,0.4175081106223964,2.22114430467156,1.587354203233045,0.1999420541364292,0.1269331752753617
34,-0.573978239275759,1.6248539076749844,1.0347225005414824,0.8758326673364877,0.2000000096107353,-0.1786284364696729
19,-0.3699724299947503,1.4504461561603688,1.5272369618203978,1.67542716327833,0.1999602039573872,-0.1607369994008695
33,-0.5196182144999371,1.7725263145086831,1.1914038856391052,0.93561935417117,-0.1999940981842773,-0.116584744289861
19,-0.3321771097666855,1.4240337088852923,1.5691680992629866,1.6627849935113783,0.2000000099934133,0.2906729706623648
10,-0.1438546301451168,0.5783288524962107,1.7889697263625006,1.983396044627075,0.1999878429468812,0.1066090414389387
42,-0.9088064390013774,1.1804780603483456,0.849798415848289,1.126485274946085,-0.1999999687587624,0.2161562836649325
29,-0.3710647642882957,2.000866925870143,1.4383945801085396,1.2278013089796025,0.0395854382483821,0.0926074167510552
18,-0.3620344571573451,1.4766082133429643,1.5559534142401557,1.706155164412523,0.1998573992069147,-0.0250409458001677
42,-0.9303078466493498,1.2758219796990116,0.6771457763996462,1.0663287321360506,0.1769831385567753,0.2236221050611896
30,-0.385483468044889,1.8892166459879147,1.4831359955158572,1.1099964297489258,-0.1999924833325172,-0.1123608417957151
0,0.0111111111111112,0.1722222222222222,1.5707963267948966,1.5707963267948966,-0.1999402509556365,0.3794902419806801
19,-0.3644735856202037,1.4192751372178212,1.487036421850909,1.6789799326999566,0.1998574158161566,-0.1150632555499397
30,-0.3520956800448907,2.0544883591957133,1.2088273773577551,1.5485462344588736,0.2000000099548388,-0.1457360917812905
36,-0.6272126451954084,1.5744252081035446,0.9548963057484964,0.9534277025441106,-0.1999999412621379,0.1911537588033832
22,-0.284329044065294,1.6671068394842137,1.4655500138786175,1.7272854463222904,0.199988047619996,-0.1765439040736063
14,-0.1421533260925957,0.9199483199339415,1.881919858106647,2.070012869675209,0.2000000099682242,-0.3309913675972314
48,-1.0362479487826768,0.6981025114696563,1.5882932292905192,1.291844437242364,-0.2000000099407022,0.3155426406279949
11,-0.0759520238447427,0.6569154637035373,1.9522967348482947,2.077986947005132,0.2000000099471287,-0.1861688534481305
32,-0.4509518321549682,1.8433704850381547,1.4447570508439098,0.9820895143013588,-0.199777895814874,-0.3469742074037993
21,-0.4018211983492861,1.4641113530644876,1.522804987677608,1.6754808383695086,0.2000000089927319,0.1624388424901666
24,-0.3417607467434781,1.923603605848858,1.151279200860534,1.4725645219456704,0.199927092660224,0.2109573207560565
7,-0.0949543107871585,0.4232890189513658,1.9984287294235568,1.51854857223303,0.1999457606884112,0.1411396645415296
25,-0.3595291072179478,1.932861684064587,1.2637461797196008,1.459624644149796,0.1999559178969123,-0.1557867673078954
2,0.0247450056315233,0.1219210196863003,1.870961488285337,1.3807158880651185,-0.0086039049011492,0.2948485288563744
4,-0.0998978176014076,0.3818083114804164,1.5715532089259965,1.5510966767562029,0.0411684798168424,0.49484947382487
25,-0.3616721004017784,1.90967006033897,1.2810276362345014,1.4359951921000664,0.1999664251054068,-0.1296609768715135
16,-0.3031842948952658,1.2583809310269067,1.597907424965177,1.743851780267873,0.1999737293868804,0.1039840331389186
23,-0.3736941904489777,1.7204464551737997,1.4088879263135314,1.6015753921641522,0.1465902568914769,-0.1932101457139109
15,-0.302961032003991,1.0531564424038,1.634505527721499,1.796446744335346,0.1999709667854698,-0.0039940342303559
5,-0.029904226443233,0.1157607486681144,2.256815486648355,1.4213125259703283,0.1999429449034778,0.039074641975843
32,-0.4225152887545532,1.9020623885400327,1.4770830879595618,1.1215504142995825,-0.1999999191311165,-0.0647346046167636
19,-0.329543623312239,1.430619205541871,1.5192830684271197,1.699834657550864,0.2000000099930266,0.3854631548604664
11,-0.0122251913499895,0.6835187778096168,2.129547985511917,2.0338585933068147,0.1999990834923667,-0.1902541032341985
38,-0.7816981521874056,1.4091391874428294,0.8669392992212683,0.9183999085647306,-0.199999889926816,-0.2341276645606356
31,-0.3867869206907908,1.9630283810773472,1.374720734604869,1.277599342331315,-0.1999999264559101,0.2311333695913059
7,0.0606555116566679,0.3582518651316911,2.248677318045173,1.6651626782564906,0.0648868811620691,0.0078993580667255
49,-1.0577388401529084,0.6913913855492297,2.0956962099906544,0.9913340031113924,0.2000000099044505,0.1369878766092784
2,0.0203610939447558,0.0932793743996688,1.872789935269628,1.3439036691831885,-0.1695836471984133,0.2715130287668627
27,-0.3331518008474092,2.1804992459308363,1.4155802699413638,1.3377862018137754,-0.2000000095738765,-0.3409838146457227
17,-0.2861456765855599,1.1691367589542296,1.6206981959429123,1.781690143691992,0.2000000099944101,0.1790389658906688
24,-0.3803312429812623,1.7578034846537516,1.3674572939660887,1.56832922382177,0.1998930943010672,-0.1956402936533131
48,-1.068163651524852,0.6723855681908366,1.7048631432142596,1.0908649962204713,-0.1573108294809267,0.2444355104466176
27,-0.3655195646197297,2.030125996530773,1.18075850705174,1.4003201665608862,0.19994045585621,0.1156248306057135
3,-0.0013661328768542,0.1034598162685822,2.038575858869825,1.277579614196343,0.0252845290097581,0.1929493414654513
49,-1.098571665049784,0.6068822631623548,1.7805651893812575,0.9465042244060612,0.2000000099754287,0.6581353631932984
46,-1.0149205472028326,0.8049239588129632,1.300219846018825,1.398258664382309,-0.0864497175636531,0.5364656452867637
22,-0.3800570769673559,1.608720285928092,1.4450640836710082,1.5803158452059614,0.1984579256209851,-0.2784083235743892
14,-0.2400721678343461,0.9494021129830106,1.6706989976253848,1.8742535597907624,0.1999810299432441,0.1170558083269091
24,-0.3859923562135273,1.7854019852567629,1.3576081852105002,1.544542969800418,0.1998593849969921,-0.1464595199624349
5,0.0342574373932934,0.2403313136091051,2.17882198194531,1.4034633933434018,0.1999678179860578,0.2265402173019089
16,-0.1696486792285089,1.0781032133640138,1.7679899531092982,1.9970377036603424,0.2000000099718905,0.0777434008777414
24,-0.3883330654672945,1.7852601819602274,1.363950883099113,1.5404749822542705,0.1998165797969315,-0.1553486264634032
11,-0.1565725816792761,0.611196804409581,1.8731173212316368,2.1047843809382822,0.2000000099558559,-0.3269781345856403
6,-0.026631560934058,0.2503086011115546,2.2299034679916243,1.5662432239224098,0.199961690260908,0.022320683476764
34,-0.5739099326425967,1.7623143740365426,1.0793467620995385,0.9039697106644228,-0.198893595010772,-0.1640691168052241
10,-0.0297999723323425,0.5709475596330638,2.1050632605936865,2.038413618684992,0.1999961294088332,-0.1602775775580178
2,0.0293901519786082,0.165800953843035,1.737921961643968,1.4740979540104011,-0.1999383002764217,0.3328831318827696
30,-0.3765168025657819,2.061739573258343,1.4916803250696995,1.2458781320985897,-0.1999988683837764,-0.4104020537950605
2,-0.0364393127492472,0.2066272515749316,1.796357207992349,1.4593313398924372,-0.1999075883925523,0.2325013215565655
46,-1.0150642802808358,0.8348622916581145,1.4287481204637884,1.3504327542596126,-0.2000000099303343,0.0408943862360279
47,-1.0219604655620316,0.8136824950612483,1.5491055077218174,1.3609901460508915,-0.2000000099680259,0.1031135421344704
7,-0.0992842022697576,0.4596049083889348,1.6169651141997914,1.5575406420606193,0.199905542843317,0.4768753383879116
45,-1.0216959998383972,0.8312518452634581,1.26235192359493,1.4043983441031025,-0.1999999789114617,0.2594161136323333
22,-0.3820755623912897,1.6461584453152909,1.4587969044831135,1.6345285235452365,0.1998055113646682,-0.0996717718053801
4,0.0684834233867103,0.3263644274204775,1.7842254700795914,1.393531215671369,-0.1597193258972206,0.4119499046907359
5,-0.0380478214203713,0.145768973963398,2.1822114447739462,1.2956475418422675,0.199945898730714,0.1454178885356525
8,0.0150237000478853,0.4727769301857772,2.215223574140344,1.859532237103668,0.1999700099240788,-0.0665945749241133
13,-0.2405737226240819,0.8362191622786342,1.7543759840216977,1.9764810589869408,0.1999900226789011,-0.1444372662621235
48,-1.0448005328418557,0.7263146545714794,1.597789206580725,1.2639407002592715,-0.2000000099658105,0.3101383191584978
0,0.0555555555555556,0.1944444444444444,1.5707963267948966,1.5707963267948966,0.1995388147092981,-0.2005827059257489
31,-0.3825262569762846,1.9754484427044527,1.37309257599083,1.2831385206744377,0.058342407317606,0.3080525471411834
42,-0.8665004491162527,1.2594709727464375,0.7723528845843415,0.9712150935017774,-0.2000000099005565,-0.1279088061037197
14,-0.3050789736392197,1.0147256511024494,1.6519450629737715,1.825365352270168,0.1999686131661637,-0.0832464590000689
32,-0.396083303088691,1.887318105200012,1.503423151620899,1.5579624253813846,-0.2000000099492914,0.2121033619167356
31,-0.3789359807085018,1.9851873310414336,1.453966491916452,1.2386959197689396,-0.1748870685523725,0.181101325791293
31,-0.3995468148859424,1.9181057680617024,1.4100630088385682,1.2410920677944712,-0.1999999328654852,0.1613458610793695
5,0.0782881094147974,0.3647159327018943,1.657660168656383,1.5523239260454222,-0.199649348374971,0.4878611375199791
24,-0.3483860296030696,1.805716790668488,1.2767343195762972,1.5431232567505733,0.1999843469418454,-0.1918095765933962
23,-0.3719772049085559,1.8037304599864856,1.3349407176163537,1.56453909205924,0.1999627030952907,-0.101961188540923
6,-0.0132701546174262,0.2300597346401756,2.2761623049762587,1.762127662790905,0.199963663283677,-0.100691040940419
20,-0.3295560913690654,1.5685294695030845,1.4413354169610455,1.742860568771729,0.1534523854566522,-0.0097287771205367
15,-0.2691466212402509,1.0457308852561695,1.6612737661463663,1.873966579241004,0.1999910343997145,-0.0258044144231327
3,-0.1010061607426248,0.3015990057754885,1.489018783965383,1.5783713426372152,-0.1290090079313832,0.4165777796513658
12,-0.0570751342680707,0.9353933572545696,2.049185269573007,2.090023767532676,0.1999838239320324,-0.2805527035909761
37,-0.738481697186447,1.5182841260234985,0.8215542520072798,0.8129166890161186,-0.2000000097833844,-0.1414124250289078
18,-0.3628550766763916,1.3858861659496562,1.561577552058969,1.698129041403859,0.1998092672156395,-0.0156542560886171
7,0.0832210033101184,0.3786214104871673,2.062352494397436,1.5185513227706957,0.1417025617196547,0.3196580462338452
8,0.0652196352607319,0.484644112449322,2.2353539700296263,1.8283073568536328,0.199987177991268,0.0030923923875845
11,-0.1137574148557075,0.6677363891373949,1.8841462256994583,2.0475323568967765,0.1999939089706453,-0.0306224814934685
22,-0.3774804775544204,1.577636959833378,1.4786284985628466,1.626705128044522,0.1994793170901901,-0.2486778494787298
3,0.0780454267164828,0.1634979198859064,1.5698063421779525,1.5766379432029387,-0.1236248897698007,0.2403113453772376
39,-0.8598321359774885,1.2869443226299715,0.7739370382067303,1.005776632859411,-0.1999847701127943,0.0643014730201946
0,-0.0555555555555554,0.3055555555555556,1.5707963267948966,1.5707963267948966,-0.0062601169718007,-0.1035855045848802
28,-0.3421802392813522,2.001618480725586,1.4040215211596827,1.2473452963402278,0.0141699075942262,0.2292814556571592
2,-0.0420419441164517,0.0949580882745891,1.885793031254087,1.3719559920264928,-0.0366750808947717,0.2841166718190968
2,0.0999364468393893,0.3895990379671111,1.5690761739995818,1.5699431101408,-0.0115058477645969,-0.2172377237477465
32,-0.4101506249546623,1.84938706281068,1.5164701277997832,1.5422355682872693,-0.200000009937328,0.2202722081519878
37,-0.8297205772948958,1.4348504616763695,0.6869425820794444,0.8662606568460977,-0.200000009979374,-0.0612077517775397
20,-0.3367070884910901,1.4834352763555854,1.5486590350654463,1.6378001315875963,0.2000000096706622,-0.6235249053562607
16,-0.3503941692300029,1.190159649104552,1.6160231279816966,1.7233497924392802,0.1999845089616835,-0.2006427031893773
7,-0.0088679363446517,0.3592701091309848,2.2926892853018384,1.7217359513297854,0.1998294308370277,-0.1063398243655503
34,-0.553956887834519,1.6760781701941745,1.1407428766277177,0.9358198755462296,-0.1999887643171438,-0.0568106663577514
18,-0.347340018349585,1.3911366995001673,1.5744845430043082,1.7453841143119735,0.1564669776307265,-0.0938229647772841
15,-0.2665467658963544,1.0249072505632175,1.6514257053521018,1.8500281241654508,0.1999911784046269,0.0980037869554512
17,-0.3747524500920762,1.2128044552562824,1.5980934901770691,1.7288774352171492,0.1999711986488725,-0.0191589158670205
3,0.0782248772131645,0.3787964652453145,1.8173909644272663,1.4935894229584974,-0.1999125973553339,0.3627760416453113
3,-0.0894070239595193,0.0456554609950401,1.993811228373323,1.2962298135932584,0.0944820023575543,0.2904904523402147
25,-0.3224326688322156,1.9331812310767256,1.1960292468455176,1.5706949064540336,0.1999877435442174,-0.1146052004476699
41,-0.944294042019618,1.1524510303929756,0.7179856585008131,1.2423658326601503,-0.1999998690210586,0.4974960625407727
0,-0.0999999999999998,0.1944444444444444,1.5707963267948966,1.5707963267948966,0.1996243258761508,-0.4421779976392802
25,-0.3782390434610885,1.910355615730056,1.2632077867772915,1.4791459630797852,0.1856931132960972,-0.2044071262400076
43,-0.95300288939962,1.157543165181878,0.7107505166704383,1.268678401392629,-0.2000000099382528,0.5529173325895205
11,-0.2016940540539279,0.6650090816886579,1.795613855353837,1.940223017152436,0.1999871071418857,-0.1464203370557786
31,-0.4028121207063201,1.912368928494472,1.5043728398766856,1.1420268126513506,-0.1999210353427257,0.0734337350471327
4,0.0106354109138371,0.0859714354918248,2.206401794830697,1.3418433108112875,0.1992871613867493,0.1239208454751016
10,-0.1656803902272149,0.8451002898992743,1.8677645223822927,1.989915198800383,0.1999462508480562,-0.195270540640325
6,0.0774930500836838,0.3029356048539723,1.5363793457534651,1.5777044634357575,0.1145862553294648,0.6475914199536694
48,-1.0586552582840378,0.6873443944605212,1.4011890972640852,1.3013265648148218,-0.2000000099434276,0.6987572531064892
49,-1.0405632201178412,0.7229227643480154,2.3323700233039,1.0921826326230504,0.2000000097395314,-0.1311462329425874
0,0.0555555555555556,0.3277777777777778,1.5707963267948966,1.5707963267948966,0.1453550219856765,-0.2790400847193641
5,0.0330525901275629,0.1395004317231167,2.1806437532093863,1.3508708743990523,0.1999713268803632,0.169677277459867
35,-0.6330396600204269,1.6299501121798194,0.9117732132461408,0.8068713161894073,-0.200000009139138,-0.1729993384457148
49,-1.0859009748433297,0.662382267117406,1.4832378095623593,1.2500636943871513,0.1776465927190386,1.0234362381597952
0,-0.0777777777777776,0.1944444444444444,1.5707963267948966,1.5707963267948966,0.1999210610547306,-0.2055364662061665
5,0.0094110064874523,0.1920741159503576,2.207361173742415,1.4091622467115426,0.1985801853103117,0.0759499218236532
0,-0.0111111111111109,0.2166666666666666,1.5707963267948966,1.5707963267948966,-0.1998195127796614,0.3687586467419798
30,-0.4408572189358496,1.911872448670469,1.3858923586693148,1.573174857196182,-0.2000000097508346,0.1234248599423023
12,-0.1589554041147025,0.7276358542815372,1.8381154733386376,2.02065422903673,0.2000000099598094,-0.1994330969928668
15,-0.3177911556373862,1.1122291544949747,1.6386705497887473,1.791282320574742,0.1999784375212616,-0.0811015492198651
48,-1.050911076975391,0.7225424064580471,1.6284363101917667,1.2048360233227455,-0.2000000099578149,0.2802125254699315
5,0.0144600072322142,0.1615247320126299,2.249213279285703,1.475258723626875,0.1998879676504182,0.1039476220306738
39,-0.913810890643928,1.2935138491523852,0.7676315839078764,1.0797047315327228,0.1999999396875056,-0.2054698932540619
21,-0.2950618609206969,1.605976862613443,1.5639154008266072,1.8363337018271364,0.1487943701277801,-0.13096343842575
28,-0.2964682635456805,2.138437413347274,1.4150985787299015,1.271442933970525,-0.1999622829724906,0.1778139336038598
40,-0.8489271201172606,1.3422895938895962,0.8177400363464331,0.936022794361106,-0.0968158745678817,-0.2571816288717818
3,0.0773954031415695,0.2996904487871347,1.5067824395981173,1.5845670372377991,-0.1997736633706136,0.2486041135180738
37,-0.7209031456821123,1.4517356415988376,0.9072002219643932,0.8525630167042735,-0.2000000093547034,-0.1283330953365276
0,0.0777777777777779,0.3277777777777778,1.5707963267948966,1.5707963267948966,0.1640131166783088,-0.3736574044589015
26,-0.3444178986502806,2.0079124443214704,1.1555935371537087,1.4557502614750135,0.1999614607727078,0.1948859034630799
11,-0.1466906882736116,0.6558916692756404,1.8025758686151845,2.016079265756409,0.1999940092039839,0.0502169437514702
26,-0.3504327964887586,1.9698903809525183,1.2249779884357546,1.4096138747305849,0.1999810033818632,0.1368394069979673
34,-0.5012575196642282,1.7173137126201456,1.4130801326271634,0.951726503198174,-0.1527892680366346,-0.5364043721345217
1,0.0308777005798321,0.076577619782894,1.721028626957212,1.4937206342475922,-0.0961866003472709,0.4240011693104176
15,-0.3389288328358049,1.6213629550398914,1.4247732734420335,1.6635219901995335,0.199931962799788,-0.1663344506702132
6,0.0156925001938292,0.302962797725627,2.253436657660876,1.6590104089331446,0.1999788469574984,0.0516893396710106
20,-0.3755175702879492,1.6078509873865066,1.4771526577558856,1.6430556129475624,0.0199609978680637,-0.088857246828195
28,-0.384161706098599,1.9523412803708695,1.4922888251629214,1.188862029522778,0.0532396699500426,0.0417432038664728
8,-0.0065438190537121,0.4596601345557123,2.1887118155744414,2.006572352316041,0.1999866980401207,-0.1817185694909718
29,-0.3674908814449507,2.04553586374284,1.3960308312114815,1.274979079363339,-0.0385579795431844,0.050442553453359
25,-0.3812112931136222,1.874254549663976,1.2417285489526133,1.527259462636909,0.1998326509019809,-0.1734504502386813
20,-0.3777928454684006,1.499985185620251,1.5071649430927376,1.65439341717234,0.1156229434079139,-0.0542642710973756
15,-0.2209681548277741,1.0704291875915235,1.6860581334737947,1.971186182542504,0.1999923651103434,0.0594814599675327
34,-0.6035369828995395,1.643664566816728,0.986277696917088,0.8777496950765803,-0.1999639183888447,-0.1853768702642363
7,0.0240947900440685,0.3053242402311394,2.2989649732626107,1.795516030914265,0.1999795913155009,-0.1126320370203535
23,-0.3805339934455761,1.6986303772165403,1.4152911948647835,1.5898364488747745,0.1657490124559264,-0.392459578559245
26,-0.3606822545366965,2.008247999639835,1.151638852744112,1.4476968934403076,0.1999399464954559,0.0875748616228546
11,-0.1467359484919001,0.6445449010962426,1.9352968158808093,2.042002700557054,0.1999944193541157,-0.3076129758142878
26,-0.3289966587938224,2.005613043854495,1.175999810048614,1.3854229553646047,0.1999154755912853,0.3998330159340018
45,-1.0477637923576055,0.813538212123253,1.158455721163426,1.3527499043268478,-0.1999999901428487,-0.0174163783544377
0,-0.0777777777777776,0.1722222222222222,1.5707963267948966,1.5707963267948966,0.1999327429187181,-0.1437248075601391
32,-0.4149284559891175,1.897440006126705,1.4806098202851157,1.1458429807538952,-0.1999999281344276,-0.0111251926489314
23,-0.3839375124365394,1.7340854744472685,1.3922210382905345,1.572099570182851,0.1618759853248492,-0.1180441519298348
47,-1.0733640090805434,0.6908474361267335,1.6416138420489172,1.2667595999271288,-0.0577225164401332,0.0701224799472303
7,-0.0550530889676305,0.3641171920361683,1.671425542854939,1.5373898089605282,0.199188759931543,0.5195136944776966
37,-0.7257893683442324,1.4700187760680823,0.9128574999657016,0.9185218091818926,-0.1999999206879729,-0.1996753167344229
9,-0.0896349206358233,0.4710161306375339,2.059480714620737,1.9860526037677035,0.1999645298456249,-0.3533682411876735
26,-0.3813769997521268,1.8770511165152064,1.2304554815080504,1.5154402624567147,0.1999946132291017,-0.1588763024746026
7,-0.0124121321576103,0.2859915439708986,2.226008744039808,1.7246633501592945,0.1999783742530884,-0.0550365697702999
49,-1.0381839551100127,0.6927504685170056,1.619293280937944,1.2739632089623356,0.019456374735647,0.8128879649674098
45,-1.066541381851268,0.7320374591750225,1.3195639895882945,1.3294163316500949,-0.1761247482211274,-0.0889072776437194
23,-0.3502556764645405,1.70508929160974,1.3702518242087702,1.5706121254099563,0.1999575922860062,-0.1595893266579356
8,-0.0588006533016144,0.3850754612490323,2.1401862213995795,1.754728661130915,0.1999727402478494,-0.0544904424399466
8,0.104473979143958,0.5491071368162582,1.8934104527023177,1.5223510332848549,0.1999229000211974,0.1708359246117996
34,-0.5446918257423499,1.686008159877571,1.1409691395845751,0.934488048091923,-0.1999999130068266,-0.287714542126287
28,-0.3411121881750201,2.003622174196721,1.405352552482162,1.24284077288309,0.0022664472018252,0.2241601932555845
3,0.0186731347622274,0.1959486244126549,1.9490484009173248,1.29233440663904,0.0748802083768921,0.2344305548942092
37,-0.601822562599429,1.6033413548870958,0.9808676103737692,0.9530839581496712,-0.2000000095470019,0.1204053456444671
42,-0.9422868050618374,1.116427200597783,0.7550726989891867,1.212110852858192,-0.133776200794723,0.4403596312580857
12,-0.150355792989642,0.7384775958829651,1.8199706683543069,2.008505332234192,0.199997021613045,0.0178795242965334
17,-0.3518956230724696,1.1934480413760322,1.6432424644615988,1.7510794251184545,0.2000000099668483,-0.1729245779947988
9,-0.0935975579824783,0.4302542451428903,2.041382444151912,1.8213510273293727,0.2000000099506537,-0.3323645560443088
3,0.0559019094866567,0.3074274568606296,2.0316345701601843,1.4113530818225088,0.1997993807928556,0.382767220722969
19,-0.2724756711886097,1.5275008442783036,1.6534680212524275,1.87373334964138,0.191409062360803,-0.3749873280447552
12,-0.2244168283323558,0.8450079955306394,1.764983964213405,1.9352463671792148,0.199892984865429,-0.1207349101860485
7,0.0556489432403327,0.4065102060477734,1.5855079973724229,1.5673685009821237,0.1179440124454255,0.450603880872589
0,0.0555555555555556,0.2166666666666666,1.5707963267948966,1.5707963267948966,0.1494447317461191,-0.1330514787925186
6,-0.0264708817832667,0.330909659918245,2.2025007801738123,1.486345041990305,0.1999456854042281,0.1240316979154173
35,-0.5398200530430257,1.690300250693912,1.1992540332165105,0.9400508827675832,-0.199999978275116,-0.1100113656712892
1,0.007554862323017,0.1841240983499484,1.777055368819509,1.462567910859567,-0.1999140668024664,0.2304301322718759
40,-0.8550896663135634,1.3916041415757474,0.7855229685690741,0.9653635908970092,-0.2000000099284757,-0.1894317407320625
13,-0.0545714350924585,0.9184991238294764,2.03880196536449,2.063910755059309,0.1999623746798185,-0.1476829757212251
14,-0.3039966510903866,1.0127498119407667,1.6508484418180327,1.8172479421219947,0.1999885939015881,-0.0859248546069722
30,-0.3576818572820787,2.043636010632631,1.1946905898537974,1.3806640216032933,0.1999999932557329,0.4316093930185952
11,-0.1086796926138272,0.6331200334789395,2.148559802272592,1.7956000294615078,0.2000000099587316,-0.4409234091047188
1,-0.0552650144441463,0.3653003835861162,1.6905575851586203,1.534807650481438,-0.1823204275696133,0.2852258750885837
12,-0.1595211023280052,0.8087638142408146,1.9730819622662408,1.9457562970512468,0.1999612535373378,-0.279875999336367
25,-0.3586146227313584,1.8984494253090056,1.1526928625747126,1.5175197028003238,0.1999629073159509,0.0807431589977287
7,0.0779117226082738,0.2380284125053708,1.5297426293280465,1.5861781013546474,0.2000000099612609,0.6300386561628575
34,-0.5376818778789635,1.6777498883979485,1.1151334839549405,0.8902921468450574,0.1945963117947691,-0.2773778431653004
5,-0.0959666064965144,0.1220201465117615,2.086975221207592,1.2754464957437537,0.1998229969584253,0.1900740310616328
28,-0.3620483674855612,2.045427453820987,1.1925641680744032,1.3707330314909365,0.1649655868623901,0.4175037856351895
10,-0.0689703512747648,0.608455301070589,2.0354514876988272,2.041478948918163,0.1999589474874832,-0.2003389919135928
44,-1.0000266728058211,0.9573384439290776,1.1504026121311206,1.385913324506494,-0.2000000062786214,0.1496302002926578
11,-0.1641827258340247,0.7252686561227721,1.815341965356145,2.048228969960521,0.1999606278854588,-0.155793688813711
31,-0.3837234223997293,1.931503294235692,1.427351010092769,1.0216405781153646,-0.1999978356362846,-0.2971659299388003
31,-0.4033103257399262,1.9894445668547087,1.5564849833634238,1.1100393908316242,-0.1999999268065317,-0.4362123967343749
41,-0.876126605051366,1.2539541637471865,0.7031151699509959,1.0146097177837865,-0.1999999832826708,0.1959206571588325
6,0.0395426860414359,0.3090127227858575,2.229567469158445,1.5319518654997912,0.1992986784465537,0.1113634101126695
15,-0.312179105234133,1.0131218780472413,1.6662999587741236,1.857360861237552,0.1999899955698861,-0.1903699366841904
4,-0.0775861590686189,0.2626076883445702,1.679974311092172,1.537333390686826,0.0801119168823412,0.5141709559062237
20,-0.3303630902563363,1.520478009510242,1.5415628860380988,1.6730297993173706,0.1348283748338607,-0.0851514605345817
34,-0.4998041370189643,1.7482295769714615,1.3534102226283888,0.9652857552526184,-0.2000000086510446,-0.047948780827469
25,-0.3615020198106611,2.0045917842985785,1.2531531798329691,1.5213953767405846,-0.1999788852747445,-0.3260073730819955
38,-0.8156554606945582,1.4265173370160105,0.7888072043836448,0.9027504765599714,-0.1138106676155462,-0.2572443417921444
39,-0.7763237867427673,1.4630399949600617,0.7922585620584397,0.8946490864480184,-0.2000000091707491,-0.2322438694853814
36,-0.6580439741918038,1.5259826412918025,0.908821196356092,0.8687600349963394,-0.2000000076852854,0.0714008103048954
9,-0.0537512157128218,0.5182245794402273,2.1123247678068022,1.940563844437028,0.1999491862519013,-0.1622099858856127
6,0.0373332625942156,0.2584376562582749,2.249378935494695,1.6556645364881233,0.1999678154117057,0.0567002077748707
16,-0.3337534177931473,1.0795519378183325,1.6646457026388983,1.794711597284362,0.2000000099930137,-0.2299481664397354
17,-0.3612806067036688,1.452740124819068,1.5194894867625577,1.6966595052276756,0.1993154153062451,-0.081006662115789
19,-0.3942090600611035,1.4153794732469884,1.5483660298076014,1.6643876512075515,0.1999267177191715,-0.0423462015791163
36,-0.692914941048869,1.5970572994650123,0.9408891657975058,0.8792790910163116,-0.1999998168803788,-0.3395088253015695
15,-0.3081171433992064,1.112581600577202,1.650948786237512,1.818647681791936,0.1999775887151611,-0.0916151211736321
5,-0.0376319035213304,0.1522768347051874,2.1829773719098906,1.339808044349821,0.1999550008541155,0.1411791104761914
25,-0.3659446908573601,1.8716454844903128,1.1953455763881498,1.4338750069170096,0.1999845227675618,0.1253039133071856
4,-0.028479511448605,0.3437822833444757,2.103068337836538,1.468338144930402,-0.0961023700551662,0.1234747099315795
46,-1.0153737167450343,0.8352273999937119,1.3921017836619296,1.347905090226854,-0.2000000099151822,0.0641461332766446
1,-0.0340167476924872,0.2087078055896094,1.6916727433588843,1.5219978930878928,-0.1999008004319812,0.2667750575727864
22,-0.3776531592617386,1.5826376738669112,1.4754987443473675,1.6255974259159656,0.1436888328794552,-0.1352073971529238
40,-0.8957731856821478,1.2543149173507355,0.6834201403723771,1.070231341151284,-0.1999999875395466,0.0445499907602734
26,-0.3727460060939611,1.952365441226775,1.1816382035166615,1.432024099912343,0.1999220611523081,0.0705500699755361
32,-0.4039421358555548,1.8620835781970173,1.5090843374517302,1.551781875096235,-0.2000000099243832,0.2233482691781523
40,-0.8865069101415963,1.353183664137774,0.6478002118554453,0.9643181128004276,-0.2000000091796095,-0.1043254391766788
3,-0.0943695152949134,0.0892755053296746,1.892146811160836,1.3175566177944713,-0.121062927814918,0.2647269557071675
22,-0.3489271863352824,1.6261429781779275,1.4226099672403674,1.6037785743639614,0.1999584398165727,-0.0974342929112471
5,0.0783359742102843,0.2711937811089485,1.8853641199555733,1.4726803927151173,0.1995371505931891,0.4000365543209422
20,-0.332452389223628,1.6189961515168412,1.530339372405086,1.7620004118721104,-0.0969664936416079,-4.8886911580738485e-05
20,-0.3672353801149082,1.650119748321193,1.4855531426754336,1.6917237572994277,0.0537255160421911,-0.0281326313100984
46,-0.9412726082606072,1.1192611823614356,0.747937043258224,1.2077730334745402,-0.2000000100005869,0.3162572756742594
35,-0.5829046264064199,1.6905341300234964,0.9639019715276104,0.7995929204182747,0.2000000091902334,0.1760968535714095
22,-0.3755800153778995,1.628241539265726,1.468619438829891,1.566693499716578,0.159779047783127,-0.1843715615285104
27,-0.3575520979451815,2.03726809347393,1.1844264018025736,1.3921688102991714,0.199885625425749,0.2107304110996907
34,-0.6203150482760578,1.601282103247028,0.9653912531819682,0.910386891254744,-0.1999680752935071,0.0445688850356562
8,-0.0585327627997102,0.5448909902334694,2.1595751429584364,1.8949757347837577,0.1999376920507275,-0.2135320956384443
46,-1.028117683106408,0.7904224900931108,1.4835671850147625,1.3476202271929667,-0.1066231074214146,0.0661815302075765
34,-0.5737547068084501,1.6863986703426574,1.0775563027098607,0.8632286686899562,-0.1835812822411107,-0.188739062277804
45,-1.0252777692904331,0.8180696602129983,1.2167303013291697,1.3528184785278274,-0.1999999985441368,0.0910929642695511
11,-0.1735108355782377,0.6445588636133293,1.816892200210367,2.0468772251035525,0.1999848841821753,-0.1760225836737798
1,-0.0997992845973129,0.2767170705864892,1.652890139320169,1.546206956225644,-0.1999181218946769,0.3389111876616169
14,-0.2596607545334738,0.9309183127903596,1.6468677754190306,1.817497123998466,0.1999837615987882,0.1603145561182709
15,-0.2720719387586934,1.0248051261809208,1.6331438879158835,1.8006790912369224,0.199991689972598,0.1726661488499544
13,-0.2226526335789053,0.8074002980163779,1.7771193078395466,1.9206463678898984,0.2000000099587628,-0.2841850341486162
49,-1.0988393155228295,0.6440803032423148,1.836097084977899,1.0770215312955602,0.2000000099605336,0.5292651376657128
40,-0.8796713780315694,1.245679526998633,0.7039973782983164,1.0230694219190404,-0.1999999414948743,0.2097256515182543
9,0.0108865322721906,0.4690100738331176,2.203518074997936,1.954108616414445,0.2000000099551218,-0.446056504488378
15,-0.2557326409902288,1.0515966828033194,1.6533365743842463,1.8440190364148088,0.1999830386924103,0.1497115349819204
10,-0.1187670647635885,0.5690408626325324,1.914707270511661,2.045224243364805,0.1999638185610342,-0.1839331517194076
21,-0.3750399836698962,1.6125423495480586,1.480028172084365,1.652188693923249,0.139910536534863,0.0315995101609504
14,-0.2150570261625221,0.939992103623552,1.74564499134687,1.9642261605411515,0.1999840935331039,-0.1086816335193653
47,-1.0391360455442566,0.6910759285475161,1.6612345139172415,1.2503849621637322,-0.0945343072051398,0.3114673036629159
8,-0.0381325165400533,0.373951789405231,2.12838658789662,1.896820934278337,0.1999727067694292,-0.092392929500312
7,-0.0228880138488823,0.3376129756592376,2.221138631054435,1.819711710613168,0.1998782335984262,-0.1174414323073792
1,-0.1000684334742671,0.3678121373972682,1.558408279964004,1.5738710613177158,0.198424190658215,-0.3811409820501552
6,0.0087306411235946,0.2536103252250131,2.2589706862953047,1.77928137450462,0.1999543269942312,-0.0629662933576718
31,-0.4065609591552492,1.8568930490342672,1.5154644521561007,1.5364507083000296,-0.2000000099451238,0.2610199300057695
5,-0.0360428947226016,0.1395926830250594,2.1972684572127203,1.3562226558315411,0.1999029537126252,0.127350717775998
6,0.0385170192881848,0.2704134625872119,2.216802225508962,1.6737256350229042,0.1999678597157814,0.0910147086348541
25,-0.3411514031093543,1.906434686659408,1.238557287552629,1.4443503333589125,0.1999923333010226,-0.0388862985821527
8,0.0805935619768457,0.4269619418843368,1.989603265249405,1.4942844088414056,0.200000009952406,0.2649016895605809
5,0.0410528369942791,0.2433871335425059,2.277577676871095,1.5725531390424294,0.1999019866437641,0.0497618454304537
5,-0.0291505679134918,0.2202611526858613,2.193256334462438,1.459583474280363,0.1602498033340879,0.1154702828801962
12,-0.1317689620219637,0.8053715069297922,1.8848906877127032,2.0506148899467167,0.1999919102816644,-0.2112765698722117
36,-0.6391655025306867,1.5792344876692057,0.9960422104663724,0.8694508268565011,-0.1999998977845258,-0.246789913201689
46,-1.0482992728349243,0.8105294309120342,1.160098246359501,1.3528683371935055,-0.1031229288824088,0.1552537398848051
1,0.0107145187695287,0.2104636933178521,1.645274200537477,1.5410860542126896,-0.199891769272439,0.3065047886426471
2,0.0286132397358605,0.0711813965918439,1.949847848215376,1.38482327482798,-0.1275674881467802,0.2472945116518269
4,0.0039681094824004,0.0814539042053379,2.197108135619436,1.2873617785333735,0.1971578164255685,0.1488560574052345
40,-0.8907236972668341,1.2472582894948068,0.7238438070558976,1.1105832167660037,-0.1999999365273398,0.380592580948567
47,-1.0493715350901347,0.8221379328979979,1.2599118846145014,1.4397094929817358,-0.2000000097990959,0.3153775536276507
41,-0.9118295472181728,1.1892076555505864,0.681688399114881,1.1127521473242683,-0.199999981941394,0.3929706216235659
8,-0.0153492861717492,0.4651681487672778,2.197448448338781,2.050981381613556,0.1999311935620146,-0.3563991471310303
11,-0.1299851838208427,0.6805991641103349,1.830487427362476,2.037981528099636,0.1999767413747495,0.0321698185378555
12,-0.2048346830353813,0.6981637065390468,1.7970968271282055,2.0489321903254467,0.2000000099436146,-0.2929507399784578
0,-0.0333333333333332,0.2166666666666666,1.5707963267948966,1.5707963267948966,0.0939976925309012,0.022822378953226
32,-0.4577683434422179,1.769791250704713,1.3397360714760165,0.939403350641314,-0.042733026890381,-0.4683346863315568
45,-1.0378913584025522,0.7518623611786075,1.2636893054618383,1.3897513491036155,-0.1326749700484758,0.4679260150457224
10,-0.1007554390497606,0.6644553469545766,1.9304321315855009,2.0565325529620115,0.1999706257894833,-0.0977005823979522
7,-0.0379916127257112,0.3180200679450879,2.128924877443586,1.9027600658023964,0.1999878044547653,-0.0880091506605815
0,-0.0555555555555554,0.1944444444444444,1.5707963267948966,1.5707963267948966,0.1331731936600837,-0.0938280440611772
25,-0.3763039924543619,1.864428562789208,1.1822000914928172,1.4916957286102952,0.1999584596232956,0.045419399938333
4,-0.02084712905493,0.2371225982248036,2.025367488661251,1.311976276873809,0.0149075469806975,0.1600355138739649
4,-0.0502999253172817,0.1097140065056519,2.076100588836942,1.2249345464103978,0.1138476838095258,0.2396432823243472
22,-0.3726808275435626,1.656765867621085,1.4306125352766852,1.6164600130671478,0.1996640241272953,-0.3179771551240479
44,-0.9705273577015052,1.0341198538490863,1.1251878066570464,1.3123293610304174,-0.2000000099545986,0.1322626189640332
36,-0.6386639400458122,1.5574161663170842,0.9427121403303484,0.8975798768448444,-0.2000000050713737,0.0772942698164059
10,-0.1507807060856147,0.6131229442741816,1.8806698928263528,2.0000951713817376,0.1998909406256651,-0.2001941254337762
35,-0.6691322392408148,1.5421187161345955,0.935929694273744,0.9058307938257596,-0.199969776987175,0.0384914842306679
18,-0.3546042175800329,1.3934323961423416,1.5598229626801352,1.713288614865634,0.1997062937026399,-0.2003237646214929
11,-0.1292307981202317,0.7616000399059479,1.907072468722363,1.9971406422772373,0.1999893477755964,-0.1185177130718568
20,-0.3721181081458078,1.5444103729656211,1.4669625023987631,1.6562431877431656,0.0252505609634165,0.0143199927102079
0,-0.0111111111111109,0.15,1.5707963267948966,1.5707963267948966,-0.1998254647636516,0.3758563771383168
1,-0.0133907282987946,0.2365345271405663,1.7217042009022574,1.4951179714499396,0.0118168477486186,0.3312453561870678
16,-0.3139701543143295,1.1900445608886965,1.6349590502871756,1.7680979832734676,0.1999647136117515,-0.046555305014135
5,-0.0192110704408054,0.1828243729050955,2.1787966872241835,1.2750718470062623,0.1676148080432492,0.1618156669753968
8,-0.032834432788445,0.3717002704793266,2.1491865600135664,1.871089457696086,0.1999825012648095,-0.0916687246475374
9,-0.0950693071444174,0.5532806103910852,2.152019151547228,1.628578036296452,0.1999622511262162,-0.0548202007815626
24,-0.3663668752946461,1.9609888980117287,1.191083693006311,1.448554575715581,0.1998288002041969,0.0404983041547386
34,-0.5309118407845868,1.7237865344273546,1.224918325492416,0.9313636523148976,-0.1999999913135592,-0.4166585781209478
32,-0.4756125926338976,1.7959805897107957,1.376784007125769,0.9747237928510556,-0.1999425710115887,-0.2201051031048239
6,-0.0268657412647522,0.3116843649659245,2.1993728625264506,1.557214089880712,0.1996764561429729,0.0691224878379931
9,0.0724437659863187,0.5879772143330398,2.1563190613124035,1.871314715076728,0.199973578459056,0.103235708099131
7,-0.0054844651754584,0.4129012676039955,2.226885930695806,1.958520921820423,0.1999845503411412,-0.1921392571479542
9,-0.0763181391180377,0.4223773273861159,1.6440051170673708,1.5421439707735696,0.2000000099943625,0.5278145924683598
4,0.0990150403717059,0.3040347981985088,1.4755482162025313,1.578081621187054,-0.0813050673962166,0.3880851461706177
8,0.1017104632402469,0.4279855253112661,1.5569590712573866,1.5323199184923586,0.2000000099494868,0.65294907671397
5,-0.0521744279604407,0.3347857477983227,2.1025786894049983,1.4347773211072463,0.1869304282410487,0.2634703460263322
1,-0.1001197730019531,0.2574469421224761,1.5494341860201697,1.5760662620412584,0.1998335811442917,-0.2761414310740602
17,-0.3188190704847787,1.2354162135634017,1.6184602174695069,1.7664511228729334,0.1999681249190204,0.0210089947139349
29,-0.3514124150163829,2.0913012302077294,1.3100707801666598,1.3170385372834177,-0.1458919654396629,0.3190676196191669
27,-0.3103126001162705,2.1169702802014605,1.4352573763885004,1.3159505669916134,-0.1999875257414724,0.0370963577364676
16,-0.3429817734833845,1.072761494251443,1.660595671334539,1.7850145090573415,0.2000000099604461,-0.2282270482721295
33,-0.5580517337829807,1.6625899751264297,0.9818879375841956,0.9156061048641024,-0.1999999940332699,0.0161027085610753
6,-0.0285151481124894,0.1735073591765079,2.2093419219043597,1.593082211100566,0.1999923267765078,-0.0750905078157885
39,-0.9052554193830636,1.235938449330638,0.7087338858245843,1.091381414512123,-0.1999773446659478,0.13168131618801
0,0.0333333333333334,0.1944444444444444,1.5707963267948966,1.5707963267948966,-0.19987751810821,0.3680978232686064
8,-0.1404391149212031,0.9610669080305524,1.8794302122483373,2.014208910989727,0.1999861992238635,-0.1573096495910929
4,0.0207328713082489,0.073138828009447,2.130975128212248,1.236860182358213,0.1895880116132571,0.1988683373691161
45,-0.9708216804699203,1.019473039873558,0.8584678592768054,1.2242775452832748,-0.2000000099916536,0.0874956748618323
11,-0.1442451546604904,0.6772153015100882,1.861382738747869,1.938362550594637,0.1999465588975442,0.0192124620082312
0,0.0777777777777779,0.2166666666666666,1.5707963267948966,1.5707963267948966,0.166616393542449,-0.2358987546897114
28,-0.3290002501081352,2.0236316182550103,1.4190664003279547,1.2517119222546589,-0.0417612856261121,0.1976178805533232
2,0.0179521452408333,-0.0005661372773558,1.984626115360532,1.271645774563955,0.0047239338934149,0.2070604478739641
9,-0.1164004987465804,0.4675548370642555,1.9477130406519176,1.990403795668024,0.1999906316931564,-0.1528868353422015
31,-0.4084674239131928,1.8506823684121616,1.515330751487289,1.5397783257064392,-0.2000000099345568,0.2634732599245241
22,-0.3743757201486095,1.6227708754047605,1.4585019769754748,1.6287175888680254,0.1285159179102622,-0.1824330897885904
22,-0.3741995958373548,1.667217751849795,1.429464083353369,1.6077627789401945,0.1566481338286486,-0.1026810888616245
31,-0.4137423171471352,1.9218494098034289,1.4675411603768411,1.083535247138555,-0.1998861509933138,-0.1020347424852413
19,-0.3649632831093664,1.4480949123658602,1.4947391896350122,1.6807133864091028,0.1997723289038224,-0.1531815025287284
29,-0.3019010158982341,2.105673298944198,1.4665619107570986,1.2445720802112985,-0.1999672497839635,0.1147370797044366
25,-0.3747214381146358,1.8545015438299228,1.2609175853289107,1.4550263677679232,0.1999592417966224,-0.0633749955273096
31,-0.430070918095122,1.8770431152819824,1.4645984070983271,1.080709918734601,-0.1999735542557781,-0.224694470281708
23,-0.3235066701729092,1.6925891856612882,1.4084218787637095,1.6434614528648546,0.1999842350071404,-0.2296103905476369
43,-0.9895353409996688,0.948243435251026,1.0321965600040297,1.3670533953758903,0.1999999260751735,0.3422091856097196
26,-0.3229119254573976,2.080770846217872,1.3091988126423697,1.341131086281342,-0.03595885501142,0.3261528979385266
45,-1.017530641825039,0.789394102005191,1.3223174783077578,1.393448069430425,0.2000000079152936,0.2913729935212698
26,-0.3417221325683922,2.0434032081984004,1.211515582696726,1.396149093041203,0.1962263856358786,0.2488387997051508
19,-0.3580946897125679,1.3705053408827013,1.596014862009559,1.714401039091228,0.2000000099347207,-0.1314589366954895
6,0.0773981220694656,0.3157235408429949,1.54647635581461,1.5690421139280375,0.0756578708171459,0.6453610690137173
10,-0.1431333218145576,0.6171032961742524,1.831601501503263,2.0717060904425364,0.1999566734525313,-0.1066700404575706
26,-0.3515799132708114,2.0496707779183803,1.4220958287504055,1.2888300220926483,-0.1289416570718219,0.115563087112309
22,-0.3595665765643874,1.6128928624824983,1.41227234254149,1.5593663452274713,0.1999781397427008,-0.1571463116447645
41,-0.9123047295419504,1.189064525126544,0.6816489147630076,1.1151397686667126,-0.1999999816594126,0.3976283007367939
13,-0.2253253605014551,0.8005879624265476,1.6978988769140582,1.863692818994912,0.200000009964056,0.1463677937965375
33,-0.5403116951853677,1.6933841781743075,1.1043023402479033,0.9343340033237422,-0.19998904284932,-0.0461001594168687
13,-0.2206673205726383,0.8434819158790849,1.6993406201389174,1.8947480419211309,0.1999836704512481,0.1187791136140449
11,0.0442256150155826,0.8484266083720255,2.1738794604924063,1.9548360541887768,0.1999801508926507,0.0040525811190324
37,-0.6229663528920882,1.576294869233449,0.964619250097547,0.961696192614304,-0.1999999893644147,0.1925162729613724
3,0.0799732999633627,0.262401204199226,1.9588514427330832,1.4727189619027818,-0.1455974918564804,0.2332008979197724
48,-1.038922503828947,0.6912533163978085,1.648150404044662,1.2572647235677288,-0.2000000099490059,0.2561776462302841
49,-1.0857212862791716,0.6495865663507486,1.772955396789628,0.9748742566029672,0.2000000099678151,0.6417847946702323
36,-0.5999743992543771,1.6123540240110217,1.0260872217502932,0.9381767901492952,-0.199999992388325,0.0983552560997871
37,-0.6838142705877028,1.5272456329445157,0.935326867797647,0.9166154999591638,-0.1999999941687976,0.1112870268679618
2,0.0276570737345635,0.1729335871677724,1.8172052214529848,1.4273970061895518,-0.1999558950247113,0.281523613762568
10,-0.0558961345735336,0.6582131439798071,2.0404734360661845,2.087481676307706,0.1999526031941124,-0.2125235970545648
22,-0.3197211075005979,1.7129865993070494,1.4021800021317343,1.7305794968579455,0.1999784094136658,-0.104482409131236
29,-0.3780535372154537,2.046454959130484,1.540890974053417,1.2023510607428487,-0.1841005673882078,-0.4225479228606256
44,-0.9614134984623874,1.062914373079261,0.8386669839408736,1.275402467578283,-0.2000000099511915,0.5143198732565706
30,-0.4060329027381789,1.8939009928562,1.4193189414825778,0.9751893403177212,-0.1998472197581923,-0.3666614515450449
20,-0.3876390233568758,1.5156063551961096,1.5237532565977912,1.666791974474833,0.0921788629910288,-0.0331935276137706
49,-1.0809243456765127,0.6789700698934323,1.4341299581017832,1.2765446155050033,0.1301869857218602,1.123414416413575
3,-0.1015432243396109,0.3364525665341493,1.4780913973834853,1.5623082271126134,-0.0175349267041124,0.5371874665062074
2,-0.0776266346229571,0.2589979450686063,1.6433392549541337,1.5487162061642648,-0.1994860394904684,0.3525123042163095
41,-0.9575565962373002,1.199099017278238,0.5390372043610918,1.194920269767441,-0.2000000096125119,0.1688830337648382
22,-0.3873353369729267,1.6762741479212917,1.428349253782306,1.586926494486352,0.0383409658727572,-0.0982675211639373
45,-0.9875563732104508,0.9479627103224813,1.005319658413102,1.2892151778949963,-0.2000000099610324,0.2657938742235446
1,-0.0999934555029092,0.3145144435920753,1.572252278276954,1.5704084881271625,-0.1999208632469399,0.3328930827708385
23,-0.360372967282778,1.7691889039902935,1.4199596596565902,1.607068177629344,0.1996406246203836,-0.1675261735170992
18,-0.3532378369330981,1.2766731215227902,1.6312289955702166,1.7356958060642895,0.2000000099555495,-0.2485353280861864
8,-0.085260366756368,0.5039924002752852,2.098105643936668,1.774901830436391,0.1999377087430437,-0.0661370375710326
15,-0.3248603943352002,0.9850561398675794,1.6563629219916205,1.85082210195,0.2000000099421075,-0.2234007178529279
43,-0.9120136188029534,1.1536873498090172,0.7645311528267791,1.213172014030315,-0.2000000099582112,0.4969933732449194
1,0.0314152928388387,0.1332479252111693,1.718400583663259,1.499783719986858,-0.095409539390424,0.3972934927061063
26,-0.3572378997040064,2.012551415370733,1.1476825568251092,1.4519868498957855,0.1999466031092436,0.1082340279440523
2,0.0026495572215682,0.0377806707375452,1.996504829325948,1.3293221005345608,-0.0537790168935819,0.1828437622241205
38,-0.8149444501860607,1.4469647974281517,0.8439038070526461,0.9154527269908757,-0.0872895888767185,-0.2855921413841095
17,-0.3204691370889772,1.181469177065226,1.6172373789038996,1.769546759139924,0.2000000099674306,-0.0260883848992954
10,-0.1370078272664567,0.6828378411748631,1.8839553604510169,2.0640055077530084,0.1999850394160962,-0.2029585572019497
19,-0.3276749813212192,1.366904369492982,1.5843102569368224,1.6573440358477778,0.2000000099944801,0.2809984636782563
41,-0.879430601620049,1.248369575104659,0.7054758677866797,1.025213900102458,-0.199999985096316,0.2149551691923566
8,0.0078682858114602,0.4252624068262589,2.229715132215296,1.902965703548283,0.199973051584099,-0.1269799540200948
43,-0.995491573013002,0.9639544698285244,0.9355665818945555,1.3492092171822778,-0.1999999581119646,0.5166011265423849
36,-0.6604021073565138,1.5216954332953871,0.9043308282878736,0.8719970102436689,-0.2000000078907795,0.0933431736903102
13,-0.234381027836334,0.975383243214226,1.694718019166265,1.8769118924692392,0.1999501498001415,-0.1060488803920231
14,-0.284201771737717,1.0621583572848483,1.6775386417892315,1.856442326052444,0.1999770885990611,-0.104765060234086
1,0.0324312310438247,0.2425440576391883,1.6834216872837882,1.5224585151171497,-0.1999541687024332,0.3219644057942004
20,-0.3758050141783571,1.6145371846087506,1.4574965881791453,1.630539042505587,-0.0361211050889259,0.0705675526536096
7,0.0593555709556126,0.3912662934449607,2.264857635894094,1.8794016466093388,0.1999511097536406,-0.0573362176616014
10,-0.0985268420066836,0.587942819744362,2.0658712527391057,2.041358357056448,0.1999843694647315,-0.3606018616332573
25,-0.3600422662448628,1.9162451388472053,1.261845215827444,1.4786602094919623,0.1999064181310485,-0.1634855069491325
24,-0.3879048067899244,1.7866360968744668,1.3591016131129603,1.540815872853515,0.1998318403910069,-0.1496459869241196
3,0.0961767483982176,0.01225720365475,1.6833229149290236,1.4999345195613432,0.1614170812222441,0.3322444487130587
0,-0.0999999999999998,0.2611111111111111,1.5707963267948966,1.5707963267948966,0.1996598627721466,-0.4514429695096493
4,0.0617502957975837,0.3803733019465403,2.206875712671552,1.449023078010346,0.1998420631786013,0.2109476680509029
45,-1.0185747288966278,0.847589890865486,1.343324738450879,1.3551492879741664,-0.1999999945899264,0.0016019036475341
38,-0.8301052756213189,1.4114325069023226,0.7407613103557279,0.9363733423250882,-0.1999996906241384,-0.1822594465661858
26,-0.3530505629879927,2.0280800835776303,1.460591240846787,1.2693567980981193,-0.1120881920139659,0.1379109003399208
0,-0.0333333333333332,0.15,1.5707963267948966,1.5707963267948966,-0.1997549818677307,0.2746246162498305
11,-0.1558072190655366,0.5897184775147548,1.8098726394262648,1.9847254384119768,0.2000000099563351,0.0517068422015623
14,-0.3064978535534428,0.999114894236138,1.6484909328308444,1.8109540601279976,0.1999603597970514,-0.0630957443215167
31,-0.4112960991345126,1.8398443582355068,1.4539535912361483,1.0233841553516554,-0.2000000094981936,0.0379168901442128
35,-0.6227076064538892,1.6191273034999238,0.982597574789734,0.849545558214922,0.1630131259012691,-0.0984960952689477
7,0.001103463649469,0.3496766842061596,2.232798879095588,1.80536484972635,0.1999881161415402,-0.0730605596612372
3,-0.0501303638324969,0.0820539016877281,1.9826380173352105,1.2569544849037664,0.0142143011046242,0.2102017355861096
3,-0.1009891146478033,0.2906490702802995,1.4739709506419043,1.5810730560762138,-0.1078378505620672,0.5983715706326611
31,-0.3759693781443334,1.941524190681439,1.4802704910424094,1.044753400064999,-0.1999699842956455,-0.2038219178226727
1,-0.0118953917462849,0.2034574839369915,1.6861548582699637,1.5227817627297957,-0.1999019241073804,0.2997108209517162
39,-0.8351596049436047,1.3113604417639766,0.753973783054624,0.9361511336090788,-0.2000000095178405,0.0920017043627795
14,-0.2456803057672549,0.9470921821509142,1.680566736557756,1.8888598766180469,0.199980124718846,0.0560343471650075
22,-0.3304282761596054,1.649768204418928,1.3856718959894518,1.7200257848269538,0.1999621313917623,-0.0644369359538546
2,-0.0851031333464247,0.141989130683848,1.711118406919172,1.4601758396558284,-0.1328695654690108,0.3620568084833269
45,-1.014860895838615,1.0551767036498276,0.9394002901997904,1.3237454520833618,-0.2000000099341793,0.3592677840329856
39,-0.849531312794099,1.3918973940139672,0.6881037662413458,0.9101568716705972,-0.2000000098734108,-0.2126002133564747
23,-0.3792499544654019,1.8308790037518607,1.3167381408300738,1.5430435118118258,0.1983433648253222,-0.0248565014904334
22,-0.3429163582996827,1.591936181241356,1.445577056207929,1.637989915045647,0.1999988301260552,-0.1646549586006666
18,-0.3639458384709393,1.367042624879658,1.5751747387137751,1.690452814290685,0.195253282572105,-0.1124747175930036
1,0.0776584349533496,0.3534208524940006,1.5393898981299738,1.5795265242222405,0.1354488776398368,-0.2244682022277824
25,-0.3281070103075446,1.950421236766636,1.2250572676446776,1.438598749549688,0.199982029998978,0.0289569963895474
35,-0.5835159648203259,1.6208931388983443,1.0922197653588397,0.890119513918693,-0.0364360443983857,-0.2872164723176638
30,-0.3841011800629051,1.888554082420236,1.4841782758620123,1.101687077979196,0.2000000096318921,0.0397388673238478
10,0.101149549565142,0.5800073593326296,1.6106539415803294,1.563206532665114,0.2000000099616577,0.6590232460392135
42,-1.0183959126934643,1.0440823413357985,0.963373509296451,1.3445425555051735,-0.1999999980180623,-0.0133452222906479
18,-0.3405371573537741,1.4025155544108452,1.6027738350119929,1.7533017669777895,0.1990842518411084,-0.0622123339490917
7,-0.1009058261750803,0.3513880123859708,1.594657846787248,1.5303014004958535,0.1965750139153095,0.5219110123914268
6,0.0552566347047337,0.2260024779272515,2.145570097099573,1.7208899333350751,0.1999432010201697,0.1469171398555816
10,-0.1332495110369676,0.622080873529596,2.017965974163665,1.8861230473463884,0.1999744011236284,-0.3138074331254309
19,-0.3799814366667646,1.371999577213858,1.5915464098241667,1.7046078112534828,0.2000000099378258,-0.1052708469915939
39,-0.8539618367286879,1.388419802256185,0.7814703258362155,0.96278992932758,0.0496759619132418,-0.2259918062338624
47,-1.0570504158420342,0.7749027656739006,1.210708829635058,1.354726998553437,-0.2000000099610924,0.3259418118212825
15,-0.3096586616387404,1.0559237452165298,1.6686136490341763,1.8681570498344933,0.199986309807378,-0.089109706093203
28,-0.3086468589568591,2.0497719347613974,1.2039889442410807,1.3891868695221867,0.1999998942632063,0.4389063774767572
11,-0.1741063885496511,0.6851306023603391,1.7957345145430903,2.024431098739651,0.1999880923097608,-0.1474988191373036
10,-0.1534451355924821,0.5385918165204847,1.87700463185576,2.0678036184801125,0.1999948010645245,-0.2589724923849719
11,-0.1694603738158705,0.5667622114145761,1.819542278596435,1.960976448609762,0.2000000099657594,-0.0157833609458598
7,0.0183237858166936,0.340680304873581,2.305980988838945,1.866428076542057,0.1999621614394459,-0.169008758405724
22,-0.3496554522140291,1.6522392844335123,1.3452333942043029,1.7115582369584932,0.1999073654855748,-0.114561519295261
47,-1.0484633484615495,0.8715610156480087,1.239217055090938,1.4237425166415334,-0.2000000099968692,0.3081444052908595
4,0.0783035170200673,0.236983698790481,1.86448955262569,1.4788204196473724,0.0134194239476317,0.3776585969532172
22,-0.3822602189008081,1.839800995474075,1.3369362326946597,1.5522623127882147,-0.0103869866647838,0.0322374997584063
42,-0.939775737776574,1.1240326154535876,0.7402716102686266,1.203290416488039,-0.1492679239076448,0.4467521157627079
34,-0.5660131986211624,1.700117826483414,1.0456164004888873,0.8228180691867111,0.2000000096401506,-0.0028222464153652
19,-0.3797945910779823,1.4566560075882404,1.511003770926271,1.651512241037436,0.1999481701215206,-0.1176817474101646
6,-0.0271117488163765,0.1933708014507226,2.276721705743346,1.5282158081543555,0.1999817574879457,-0.0507132336913657
3,0.1010442223697657,0.4428849166842004,1.74754893878964,1.5286656385816415,-0.067134695873945,0.5388880772096997
24,-0.3681409217325358,1.8863016677969224,1.2565788543459515,1.4869369408149185,0.1997926955508534,-0.1005838206908352
12,-0.1226837540216871,0.7465076690789125,1.8772157254305224,2.0454837520794062,0.1999984437946027,-0.0438967197890775
25,-0.3385282372342121,1.8951143581516472,1.2449819008496146,1.462415423262408,0.1999887084487445,-0.0761500457497998
2,0.0528967222668376,0.119722406397884,1.9061742285874228,1.423106999394938,-0.1992050738901483,0.2533971071828175
23,-0.3918295785644579,1.7898154350705933,1.3660953054812293,1.5682932645524912,0.1727432214276863,-0.0089932499738209
27,-0.3078443690772637,2.10088026448699,1.342046626904283,1.3049461289149389,-0.0828188905241098,0.2929122001192223
10,-0.1826716736533046,0.7932760504470517,1.7914343225446083,1.9778447821673173,0.1999535883199632,-0.0778770652642697
0,-0.0555555555555554,0.3277777777777778,1.5707963267948966,1.5707963267948966,0.0275446500877321,-0.1597308552689293
36,-0.6494805289727384,1.545080639405403,0.9247630397465568,0.8709596656508019,-0.2000000057343346,0.0427489897180516
1,0.0554620159342929,0.2604200354060001,1.5420482019570212,1.5790367731572523,-0.1999297273112879,0.2642129591696779
20,-0.3754185955666043,1.5088704582386852,1.5186493630197386,1.6410438928996671,0.034835722189327,-0.0512540380582548
2,0.0177333948090843,0.0079421458242279,1.9574424038317544,1.284654314226955,0.1080548656797294,0.3020767958267693
12,-0.1916445392645225,0.8150398734679196,1.7657198953118662,1.9786017558159708,0.1999741357092835,-0.0390421718468905
46,-1.0338842287029852,0.7619476877331821,1.4682457494301215,1.3500344535730513,0.0267408034248749,0.3032666578482603
30,-0.3652024851428289,1.9392241611822008,1.4581172513451914,1.1819920663961692,-0.199993312320614,0.0372185051198548
11,-0.0952456649542451,0.6780837523684691,1.9071926198928684,2.114813911773407,0.1999949201210661,-0.0919964750611173
45,-1.0070574248944533,0.9051047268857908,0.988887389251266,1.3284356577331329,-0.200000007643444,0.2765060455771294
35,-0.6067051941810587,1.7080036254077853,1.0244954052057604,0.9069312820173032,-0.1999999895202187,-0.3193898677376814
23,-0.3499030660194457,1.7507776260059873,1.3421052816000325,1.582808502377484,0.1999345105162532,-0.1117232765819034
2,0.1005400706710951,0.1592486357066745,1.7285824316230158,1.525550663959454,-0.1998518129670986,0.2191517501927909
47,-1.0569119182918545,0.7954371395687703,1.3891879516330103,1.4199984373515742,-0.2000000099361775,0.231990822367717
12,-0.1806362015880696,0.9440138523672515,1.8155822184993973,1.9508958057391752,0.1998607058758424,-0.1165865175358581
23,-0.3481754841818546,1.6606681895512032,1.4017738672581057,1.567717455172282,0.1999855360969562,-0.2104747486984805
12,-0.1011488528990379,0.840284007504586,1.9514592933144908,2.080406635208745,0.1997965880453818,-0.2642511677680273
43,-0.9425704080000534,1.1158967943572715,0.7584473202612738,1.2139952312385012,-0.2000000075397306,0.4561593374850762
40,-0.7363902723325071,1.4204172966951962,0.9363111714508872,0.9459571563113284,-0.2000000097949923,-0.149510871233729
24,-0.3635634183103873,1.938378858204444,1.3028765181687216,1.5664307493105338,-0.0254287825614735,-0.2918084977481687
33,-0.5203585096438382,1.7593683082929827,1.2141945853946448,0.9163951741886266,-0.1999797313951177,-0.1382634120434718
47,-1.002399802037142,0.9208599405246748,0.971300878622804,1.3273954485450097,-0.2000000099871605,0.4438457350707733
30,-0.3762062017308514,1.9890014754654,1.4492043005910258,1.2403098958580012,-0.1833404964946747,0.1726831350915327
3,-0.0571946688400353,0.4215973612025955,1.7132031353770172,1.4931777246695102,-0.1889562226819136,0.0660134298345301
4,-0.0948883875999921,0.4382402210246474,2.000909754135881,1.531825651485473,-0.1536062148700721,0.2449662459302989
33,-0.5190006250248164,1.7150155119548531,1.2694091061737875,0.9346705607340636,-0.1999965659569818,-0.2969579877383101
32,-0.4467609460009274,1.852609026113408,1.45027164997569,0.99095013587617,-0.1998970358521953,-0.353081334720563
49,-1.0972745844910252,0.5898799970555555,1.6492903773036391,1.1451613507736038,0.2000000099892576,5.157539473756409
20,-0.3312815060779528,1.4877527305572305,1.5432355339315276,1.6718225932676187,0.200000009659533,-0.6159555902461261
23,-0.3811824980006874,1.7341897943029356,1.392094981917415,1.58986101725904,0.122217709439616,-0.3600104689943429
26,-0.3249063500638921,2.000591927875058,1.1904822150853018,1.4033363124651204,0.1999722968613868,0.4020272624537168
0,-0.0777777777777776,0.1722222222222222,1.5707963267948966,1.5707963267948966,0.1999327429187181,-0.1437248075601391
42,-0.9527432500721572,1.0778800352791011,0.8912886353817324,1.2257451039520302,-0.1999999753347448,0.3443608327938483
7,0.0815193801388614,0.4000665691215444,2.225180138894592,1.6861923160545806,0.1999139290581753,0.1326086261314066
8,-0.0954288273846322,0.3891827965774861,2.1406629792628245,1.834610436071691,0.1999362565229632,-0.3204418361685737
38,-0.8270513237291575,1.426373444337189,0.8430073494699339,0.9399715247077473,-0.080958330634115,-0.2650032570642666
33,-0.5300603383872301,1.7115951584367697,1.07903615044899,0.9199576391032384,-0.1999801745424613,-0.0464640738364546
47,-1.0157513826653328,0.7998142705790707,1.3078444647279124,1.3967644954152645,-0.2000000095079445,0.3816024687710721
45,-1.0340155429669242,0.911938746717815,1.124249138930116,1.4070108387068978,-0.1999999974617586,0.2756209146387492
5,-0.0741024387567391,0.1410059398356904,2.0959722435042973,1.1912359129206649,0.1997692339116272,0.0882844242295774
2,0.0552366973589678,0.170020309839718,1.6477877880123,1.541134251110872,-0.0448729951642977,0.480924582170911
3,-0.1017455792866004,0.3382332293155594,1.4508026401188712,1.556749640994871,-0.0896781063224319,0.4131390758031487
4,-0.0064436488697667,0.1159530151205858,2.126346589126859,1.203378951081593,0.0857811301082572,0.212649292231404
8,0.0849590579749893,0.5259483295693935,2.095641666152749,1.5765909749897578,0.1999221799865788,0.0063546813856775
7,-0.0359672366936797,0.2465072122903587,2.1935064579036574,1.7426939559097037,0.2000000099477511,-0.4734808227769114
48,-1.0389660538223866,0.6914128283531784,1.6587052131679396,1.2535131059335631,-0.2000000099499472,0.2453290604142253
4,0.0224393972221911,0.1655410692427072,2.078867995240961,1.273672230555965,0.05380047345971,0.1849342484896462
8,-0.0170420798041729,0.4312609488424576,2.2165175015714507,2.0050367812737546,0.1999807075448136,-0.3264320731692872
13,-0.2604947169307503,0.9386716997453554,1.6972179944303374,1.9104857546183764,0.1997703431010744,-0.0741553292562593
17,-0.328386569850936,1.2365931132784562,1.6397686368462183,1.81441439016552,0.199975949458119,-0.1162723744225714
9,-0.0101102865546491,0.5724965072365251,2.182697002836738,2.023750992780047,0.1999849709200161,-0.2151826220748138
26,-0.3508639401582428,2.0251279328828526,1.1851574728810743,1.4157594565328853,0.199912238675823,0.189516488757478
0,0.1000000000000001,0.2166666666666666,1.5707963267948966,1.5707963267948966,-0.1999327861242799,0.0383678522772438
31,-0.4259069143290149,1.84958138718194,1.5081540655085637,0.9365380308210168,-0.0571970847661509,-0.57700222200946
24,-0.3886054657104363,1.8244012943395047,1.3203425342824795,1.5211977146930291,0.1998330766448365,-0.1044248730285039
3,0.0566817085530535,0.1368935023060481,2.0291802446034293,1.426329002279834,0.085549170491322,0.1624476785942132
18,-0.3348468858290084,1.285118940661663,1.607815926023994,1.7346815766009038,0.200000009993248,-0.0205949285574797
15,-0.3103545023641291,1.0768345846829677,1.645364568629537,1.800523354536639,0.1999860351912459,-0.0702382628351901
9,-0.049434373928635,0.4094743581903675,2.232206202172909,1.6677245964653094,0.2000000099942258,-0.4537477964536303
21,-0.335543932311332,1.5083203157086067,1.48459550837544,1.6796122335285868,0.1999268405070962,-0.0327739592924907
5,0.0176806221720666,0.1302768599980509,2.2526192078974585,1.568959423810146,0.1999209073154005,0.0796090437797612
3,0.0536290235698927,0.0962891826071909,2.082995013394628,1.3620820081724878,0.0552849166629106,0.222410998383129
3,-0.0731619443952466,0.030389176418646,2.05671537947238,1.2008955818516285,0.1997317231979869,0.2762528609782835
4,-0.0299028345803934,0.1005735567781878,2.1101393858578543,1.18884927321312,0.1998155010925417,0.2632607073714549
25,-0.3598629983113801,2.0319694465336204,1.1743623046812155,1.3998638015782994,0.1988518539165851,0.1732598191824934
0,0.0111111111111112,0.35,1.5707963267948966,1.5707963267948966,-0.1993020561145907,0.4129433269416733
31,-0.3814078979167419,1.982312147119192,1.3779911855843403,1.2741141357447916,0.0429951664457618,0.2942497211903893
11,-0.1693352288357949,0.637410830137846,1.7986304173853735,1.9976241686524,0.1999949356893088,-0.0230298381703386
11,0.0218191990448469,0.6833671261809682,2.0910794031655326,1.883805283108688,0.2000000099505761,-0.1432761743077202
26,-0.3299878604951501,1.99830870100413,1.1631632531669478,1.3959746503831665,0.1999433566540428,0.4014524816811753
3,-0.0557272807697128,0.1007152880778585,1.9189357390788304,1.2455645074565351,-0.0484870646840956,0.1766490635876982
12,-0.1670824740032452,0.7687449357151349,1.7793735834446291,1.985193451515073,0.1999808320770261,0.0560518426731353
8,-0.0026058665859232,0.4451675791528526,2.204018489518438,1.924779121433752,0.1999880636788548,-0.1211865434314956
48,-1.0795243477232963,0.682847727002971,1.6045794832196574,1.2689273699817576,-0.2000000099539672,0.3111342488295177
14,-0.2912747525812352,1.090012496044417,1.613614805644917,1.8240131744795511,0.1999918857386289,0.109152262835763
10,-0.1679585538109107,0.5763565745632769,1.8690458322551589,1.9546034846399305,0.1999502135452166,-0.2109874915197339
33,-0.5176194135699355,1.75599263787348,1.238534870725072,0.906804622198068,-0.1999282470822818,-0.2192078321495581
5,0.0771898924495162,0.3503498083909053,1.48962909827498,1.584050287490448,-0.0873281779913719,0.6721946845945469
2,0.0524802996592214,0.0965565371059738,1.7619008208301403,1.4728416929127917,-0.1842752264368182,0.3832482652066705
43,-1.0011928867739497,0.93379341072006,1.134770902087731,1.3830386280561775,-0.1999996948232113,0.434871254480276
0,-0.0555555555555554,0.3055555555555556,1.5707963267948966,1.5707963267948966,-0.0062601169718007,-0.1035855045848802
35,-0.6325324858580967,1.562064572796827,0.9545063796129564,0.8733878055663763,-0.1999999995113069,-0.0429086770437959
34,-0.5828679482546372,1.6739771805641932,1.0428827595244536,0.9021569460780492,-0.1999858567881779,-0.085628843078517
24,-0.358288562862609,1.968247334643864,1.2051757434990744,1.4257569040222395,0.1999108690593404,0.1095232110750597
20,-0.3792342457219647,1.5190207355009135,1.4905751767244677,1.6483789851929311,0.0784490265065612,-0.0332401774260928
23,-0.3990241016437141,1.796269404668687,1.4926096695151667,1.5883458453546175,0.200000004915415,-0.5698469892680308
28,-0.3679060990852044,2.0220108902011464,1.1718970025565962,1.3868349842110343,0.1999962659598426,0.4465991089752395
0,-0.0555555555555554,0.1944444444444444,1.5707963267948966,1.5707963267948966,0.1331731936600837,-0.0938280440611772
35,-0.5717562385225975,1.636859208881573,1.048018910982881,0.8840419663251593,0.2000000096863037,-0.1956037002437574
11,-0.1668493042751808,0.6176472677927857,1.7694849679854254,1.9254009516122168,0.2000000099584568,0.148997036693201
24,-0.3706894393663212,1.787974951917186,1.2996334008290225,1.493726504439468,0.1999598485062773,-0.043847533571694
14,-0.2667920063030429,0.9974868792867444,1.6840603387159767,1.8554653375154189,0.1999721199982495,-0.0666178789242597
41,-0.9384734259841558,1.1346732813177804,0.7655710625138621,1.2139049099017558,-0.199999920237725,0.4742568133410944
32,-0.4153642288286766,1.834160447830504,1.5181445563819749,1.5445862941233592,-0.2000000094560497,0.2264812529581579
24,-0.3806548759642694,1.8414516108809045,1.2986255447056632,1.5339499790814255,0.199653491793704,-0.1348173583407537
30,-0.3667928146458306,2.0190887321149065,1.3700031033393485,1.2934097833822038,-0.1999983427116053,0.2514207420554835
9,0.0855764920434419,0.5719981067618094,2.1137418868627886,1.7495792850420484,0.1999623976781762,0.091639380851763
29,-0.376976980644001,1.9982154449683045,1.4559762078013758,1.2380562266230066,0.0744841399025678,-0.0116535294539928
20,-0.383918704021972,1.5219169936886905,1.4881171147015433,1.644870613926125,0.0726530439896881,0.0036695706853572
12,-0.190587127072269,0.7816572544221979,1.764143114038978,1.9766573197292585,0.1999770632416877,-0.0175723392110717
27,-0.3586707322122146,2.162047370153741,1.4344831267979483,1.3220313206258536,-0.2000000096019645,-0.3830430672349283
7,-0.0333656934635668,0.3602596551993425,2.2164808149125914,1.7354443781834077,0.1999862914329238,-0.0647600619948747
42,-0.9053002072042188,1.170700876875268,0.8423978659000735,1.0693075887059629,-0.1999999819832949,-0.0334481338557917
27,-0.3398363405006896,2.117159004284024,1.3441763213512044,1.3202275822605836,-0.1989215324228661,0.0658233071443195
35,-0.6521123572495988,1.5504859714440058,0.9551031152394156,0.8730278164818591,-0.2000000075157262,-0.0537122918892778
18,-0.3371847223722169,1.325005867541032,1.6102364976636656,1.7245596686548368,0.1999171847861636,-0.1838220520162451
2,0.1012323645790229,0.3275932397331066,1.67925821343926,1.557875235669928,0.0307120239317891,-0.260693830295823
48,-1.0535517606338054,0.727597538872803,1.3296272946198018,1.390257660631623,-0.2000000099703184,0.5670732491552012
16,-0.3399857379106741,1.136337951918691,1.5935514925496173,1.721667813043836,0.199982814340722,-0.0585277827829263
9,-0.0856398428123736,0.4560821621054889,2.001636498668466,2.0049983098916155,0.1999955449569357,-0.129776743226146
41,-0.9421328378954476,1.1170457405590744,0.7540862830963473,1.2115930474692749,-0.1745024569082096,0.4674693178978088
5,0.0518411489390071,0.2090277297835795,2.076743961372648,1.3465208389341654,0.199881181342942,0.2909424197644336
10,0.0273868422253621,0.627116592290269,2.273111228510598,2.01059940294623,0.1999795095078804,-0.2113235049729439
37,-0.6707312266297792,1.553259440662384,0.8929581506862612,0.8778373849345183,-0.1999999918021681,0.1007377731992289
26,-0.3825613367192161,1.8998933358963048,1.1808219450202326,1.509495236629231,0.1999813224041335,-0.0985459661222955
6,0.0373101887316958,0.2767461031472846,2.2365016798165183,1.650360357569577,0.1999655224164159,0.0758880944252427
10,-0.1159799460767316,0.5018636106965848,1.8906386094775536,2.0048497003903205,0.2000000099532334,-0.1815348574750536
22,-0.3553652109832338,1.6402320876516547,1.4063925902035574,1.5648947260914354,0.1999626107182087,-0.1256624604677159
0,0.0111111111111112,0.3055555555555556,1.5707963267948966,1.5707963267948966,-0.1997620564012155,0.3573864510823613
9,-0.0105022669414617,0.4884847680993388,2.2125006477024893,1.9625032879400164,0.1999941517325988,-0.1990059715606956
21,-0.3603699380680922,1.4869956702333047,1.532173835733209,1.677015975506411,0.1730336209479857,-0.0718170212666823
45,-0.9837200022256396,1.0405781068569484,0.831905479603682,1.2016201440995946,-0.2000000099923294,0.0942205110800364
3,0.0553652186876841,0.271545116774847,1.591323142000709,1.561660063877531,-0.0949009735184277,0.3642459533771167
49,-1.0773057977788747,0.6326180096280509,1.6271916395660977,1.1776034263602564,0.2000000099365636,0.9382503183689842
6,-0.0061101229265427,0.2060178693589789,2.238663815954004,1.5819926667002966,0.1999788278776895,-0.0100007910446574
10,-0.1617337737670919,0.5301060365405978,1.8483562030334977,1.9702431543872776,0.1999910278424949,-0.1006811194148852
49,-1.046037560420197,0.7400091324984485,1.275951822349105,1.3381251114935069,-0.1074132735161431,1.6562063595683656
1,-0.0136287014779806,0.1074754343918597,1.7522508958962302,1.4816386392927268,-0.1998544920311727,0.3002766435441895
23,-0.3785788507453041,1.7425831505715237,1.3861099584635834,1.5965055199543192,0.1997475401127491,-0.0855422784099953
47,-1.0048635132965695,0.8644723281000997,1.1692920486119132,1.4058760066339488,-0.2000000099555532,0.3615239533404326
1,0.0998064071783762,0.2019926609247558,1.5260556350138526,1.5828486992771114,-0.1994134744091185,0.032438180727158
1,-0.1002060545086971,0.1976291195543683,1.5382187674429757,1.5783838709250952,0.1997581536518614,-0.3664926838350981
7,-0.1098076666430012,0.2591082615113232,1.9271099353816847,1.3325597783133551,0.2000000099568372,0.1057905752271991
45,-1.015125505138002,0.8033003767162249,1.3001367496934275,1.3969565243690445,0.2000000080947227,0.2960798748772102
35,-0.61696349769966,1.5723837492716808,0.983815581598554,0.8626918349755497,0.2000000092623935,-0.0564198765388713
17,-0.3605968514005354,1.3001710423310828,1.6143962490048749,1.694687338088926,0.1999619943722234,-0.0865220810306403
47,-1.0260459848666623,0.7966484779005087,1.6233945587899132,1.3293257816156068,-0.2000000099761011,0.0586020646384228
10,-0.1732533146883519,0.7042728162304625,1.8294095704939703,1.9779757083411933,0.1999382464276593,-0.1664343390325225
28,-0.3089367140723107,2.105585360186777,1.3886151845243315,1.287425315214254,-0.199951908495783,0.2257283836049486
48,-1.0404269300303,0.7600095018160983,1.2509188214924674,1.351114998571257,-0.2000000099956054,0.6492703191950309
35,-0.6481093575309816,1.589919020918536,1.0209461013631502,0.84159166727027,-0.1192807120293438,-0.3091732523070011
47,-1.0334744667377025,0.7636623423563939,1.560580796080763,1.3458278488835858,-0.2000000099547755,0.0985395740867097
44,-1.0189816472627675,0.8511602432308857,1.1377369026329855,1.3367943073445785,-0.2000000026688318,0.0250765002010605
49,-1.060651526658247,0.6775603677089964,1.4217655147102215,1.2894267768683676,-0.0007567881330301,1.183099758218178
43,-0.9012062809025176,1.1704975694595807,0.8507542024042944,1.06362619879733,-0.2000000098945286,0.1189710791482476
27,-0.3676785490763528,1.9864390599845485,1.4888149547067029,1.2026526768689456,-0.0558304098535915,0.1173616671814335
20,-0.3846477310646127,1.5393824494762034,1.4885786409166195,1.6256583827437492,0.0611742966322291,-0.035028150283488
18,-0.3639464850747836,1.4160796154658877,1.547810603925262,1.700575283894575,0.1998197521344104,-0.0581837233672791
29,-0.3918367420753869,1.9319885944488588,1.5152887413885932,1.143394778487703,0.1982641511455087,0.0301869621350203
38,-0.8237985985033984,1.339912753781166,0.7938827844944338,0.9357722771695116,-0.1999867525160649,0.0142681201736942
3,0.0801439382396607,0.4089868298334186,2.0678167353060584,1.432089155194407,-0.1287844157942785,0.1110547389535268
21,-0.3473762458569263,1.569998862117343,1.5159897227648562,1.7136841705513168,0.1999408480052302,-0.0467640021404311
3,0.0444399826716232,0.1239632112724579,1.918360713266004,1.3389545956460387,-0.07608799262054,0.2848306205949256
13,-0.2496660200747691,0.9601383440662612,1.712553815045629,1.9264608214652617,0.1998559295260204,-0.1153944862447469
16,-0.3035059346470282,1.2198966763949806,1.605705333003078,1.7300231359791969,0.1999892363868612,0.1305782395987094
22,-0.3800234291621747,1.664633415116503,1.4468959095564229,1.6254840937293928,0.1212893414002213,-0.3651124195510302
0,0.1000000000000001,0.3055555555555556,1.5707963267948966,1.5707963267948966,0.1729709727752174,-0.3505973243941606
46,-1.0499441423118263,0.8174949291008853,1.2699969048288209,1.4342763453965828,-0.1302185649619258,0.4723274580165091
28,-0.3468634176790698,2.053755917867171,1.4226107421007494,1.2915741771898883,-0.1441034031528006,0.1246803725009477
5,-0.0802373553032294,0.2189650495440819,2.107233458259378,1.3543571119621394,0.0745274987900595,0.1994658431886837
0,0.0555555555555556,0.15,1.5707963267948966,1.5707963267948966,-0.1998930286589152,0.3064476115556164
32,-0.4568841647261844,1.8110650713498488,1.4232961226421783,0.9375483906090726,-0.1605659355467809,-0.5537685849242289
44,-0.9306114496033616,1.2222499606966613,0.798874619751818,1.0944543127163202,-0.2000000099936492,-0.0627954736552868
38,-0.7788119970907886,1.3995308082328328,0.9246703986603256,0.8757417166756641,-0.166183320869315,-0.2744967125827445
38,-0.8062680483846871,1.353486220199167,0.8235677825894694,0.9043033347783834,-0.1999999992154831,0.0812618613121175
23,-0.3916915746504653,1.7170964361668533,1.3841425413873534,1.5661165187279793,0.1991304476757932,-0.108468916905544
19,-0.331056373587349,1.3665560082254091,1.5453615645554404,1.6911017253577585,0.2000000099454848,0.3182927985218891
23,-0.3810649398415283,1.6833621475976124,1.4209076138820986,1.5934544840540836,0.1997157456063786,-0.1617393037389287
28,-0.311962003967882,2.088130493624332,1.45958207646874,1.235268186267627,-0.1722736332884086,0.1290453082232048
2,0.0800315209213393,0.4081058910881339,1.9322145293143127,1.48300711580038,-0.1999718141504733,-0.0414639217456959
16,-0.3071189394352188,1.281519738833906,1.6156493158248608,1.7964026526634866,0.1999724302995582,0.0399234962195148
21,-0.3557076061684048,1.5715523855606095,1.4576258151750032,1.6716364928067222,0.1998329767870332,-0.3183993730465391
2,-0.0775042355208609,0.2261571179288171,1.640639296793614,1.551640404292222,-0.1999109582736994,0.3440039303968099
2,0.0277284626491135,0.1944180948425957,1.809090004363332,1.4312552807128551,-0.1998448207855581,0.2303591096073413
28,-0.3680324834351627,2.100998486687484,1.4936866174128394,1.2671665726256207,-0.2000000099351836,-0.44145384162425
6,0.0367640480693503,0.240758651017094,2.279278651871953,1.692685687775496,0.1999804493626067,-0.0405185499757089
49,-1.0662766231741607,0.6755145092981462,2.000369151183639,0.9615988726402556,0.2000000099016534,0.4636877835046614
0,0.0333333333333334,0.1722222222222222,1.5707963267948966,1.5707963267948966,-0.1999191914261852,0.4067251853888183
41,-0.9259876324749068,1.163584022245814,0.7768061934646706,1.0677487969962245,-0.1999999795582147,-0.1031319593434372
36,-0.6594878591377551,1.6514673168411154,0.9425058449294904,0.9131568414925328,-0.1999998877454415,-0.2453681600649186
8,-0.0997881765136569,0.4621862337446678,1.9732880266991,2.0531577839657,0.1997769623337928,-0.2744907341359987
22,-0.3711657575686727,1.6427930778437831,1.44359535823134,1.6295432201889115,0.1225973605306528,-0.1322959483274147
4,-0.0820411909477355,0.0890098974752957,2.101911001899514,1.3366225537337133,0.1999239948234734,0.2269393152021892
15,-0.2838821693909062,1.0560529836935264,1.6846189546075203,1.829212402404035,0.1999660628064464,-0.0986179071915633
35,-0.6316763209350026,1.605067194758995,0.9060486295018164,0.8867356545014672,-0.1999868689060666,0.0494577466696798
0,0.1000000000000001,0.2388888888888888,1.5707963267948966,1.5707963267948966,-0.199794431482392,0.0370911470652721
3,-0.1021129893219725,0.354513004299593,1.254188940921102,1.537157880140707,0.0031491923997964,0.6192468043750747
35,-0.6152958148773551,1.6290017450615986,0.9143446919611457,0.8854365390450618,-0.1999999893958887,0.0592581250902339
35,-0.5882872147585778,1.6276214190532672,1.0165939489987237,0.9290243679756014,-0.1999999225574488,0.0300615341131771
18,-0.3694568600816848,1.2631227473722249,1.6311793411758284,1.733804135667875,0.200000009967391,-0.2483836327739548
21,-0.4113994456283589,1.556351559586019,1.5016317377474646,1.6250301482770426,0.0992834713179892,-0.0608035309060623
22,-0.3453510025001799,1.6223605135594634,1.4842948178437094,1.6151101752605903,0.1999481226191699,-0.2163485611374189
38,-0.7861514940330474,1.3828889102125066,0.8327307934549193,0.8879416535611347,-0.2000000098282809,0.0836298553881771
31,-0.4139252623450134,1.883369566442545,1.4083415987577776,0.9765936248826032,-0.1999458202692281,-0.2888376041565427
11,-0.1437458152106241,0.75038576929549,2.006185266250048,1.97957070242544,0.1708828727222135,-0.2989209354880161
4,0.0369164677240904,0.1018847397599744,2.2567342231657843,1.427019681179365,0.173490725314462,0.1271932982045691
25,-0.384238749782438,1.8738345946892925,1.2749042076428987,1.5129952606604835,0.1739285777331783,-0.2457982994723184
44,-1.0049171267175672,0.934880731795061,0.9782357603191988,1.3908768107785787,-0.1999999777479824,0.4582128443039052
16,-0.2953646517971786,1.091079621007835,1.610297300913606,1.7382806563151194,0.2000000099444446,0.2123440785116587
27,-0.3383508781266671,2.054852235687616,1.164301593848739,1.4671965996275784,0.1999946976117131,-0.0080944349086912
11,-0.0867646755773237,0.6048265319477346,2.121482410528932,2.071901510088703,0.2000000099584206,-0.4666335376621841
8,0.019992878728653,0.481629054093079,2.2441355186190943,1.947329885095377,0.1999677706572665,-0.1390307474454133
4,-0.0584920560771678,0.2490082795711253,2.092852049567972,1.34938998988912,0.1068987052808129,0.2343881027915281
7,-0.0945633154410858,0.3878799339657747,2.034023298942719,1.5514922826513715,0.1992796962390844,0.1238568389950452
38,-0.72790012040543,1.4340551379647932,0.9362376230445246,0.9512028587198,-0.1999999854435805,0.132967094972862
23,-0.3701531394254122,1.7352897282306403,1.384136375495253,1.560254423173982,0.1998926589704708,-0.1946614910603807
29,-0.360322265731111,1.9943174515871884,1.5549981774892452,1.2116559785588543,-0.0899180513916606,0.0744212382940895
34,-0.5848488013951387,1.6199587846234709,1.028877996900354,0.8733571576354148,0.2000000099163929,-0.1659116746855549
39,-0.8356489022406255,1.3135327863334771,0.8345922018077712,1.0113386606151396,-0.1999999273279639,0.1672301671959578
16,-0.2491305004400423,1.074660812683787,1.6672307337310652,1.885915783469083,0.2000000099474311,0.105579665137627
13,-0.2449251128402838,0.8292003004999662,1.7471766928818564,1.9790855165344647,0.1999736580381316,-0.153614570048731
25,-0.3401909549613068,1.9139909383693383,1.2286350364473204,1.4455326008904632,0.1999772391885501,-0.0070088865717265
6,-0.0548681390546016,0.2005493274601442,2.2352559242967818,1.7271631484740853,0.1999605044637247,-0.1545683229088203
5,0.0170785664976064,0.1379059853988121,2.238063299157892,1.551339586172952,0.1999671891020835,0.0965462021449778
24,-0.3668274609281197,1.867642470097108,1.1949775362499273,1.5125760391908871,0.1999703146018101,0.0312889631195845
27,-0.3551620327502076,2.16488178482296,1.430051070698772,1.3263108619426331,-0.2000000095935324,-0.3730755175029168
6,-0.1055820087058826,0.2815129843875213,1.7741465354945998,1.428064085998355,0.1897991090462173,0.3763522653663163
32,-0.4209502702640801,1.8728067739792795,1.3932601335134844,0.9573715267005268,-0.1878021695674601,-0.3543709952750369
28,-0.3741958107618874,1.985894544230535,1.4668750884619095,1.2366330346198462,-0.0100716619287418,0.0256150588567632
3,-0.0052232185371379,0.1344785535641436,1.9973885575917103,1.2588064610628202,-0.0044760351853891,0.1340031963233319
33,-0.488327868945027,1.858152775167872,1.3548599640515189,0.94658895369353,-0.1999998812907065,-0.5386706487170679
16,-0.3125946338060796,1.302225889244014,1.6110230379189834,1.7799970099911069,0.1999720024126843,0.017948076981925
48,-1.0674214942964055,0.7105732688503512,1.495100607224975,1.3412166885992105,-0.2000000099487365,0.4087142145395352
1,0.0777666168204871,0.2432646414309422,1.5679494301464896,1.5715818874204148,-0.1999432460119727,0.0607060619647984
1,0.028865775047534,0.0464608963255608,1.7445871392872672,1.4671083343058524,-0.1870386596648953,0.3645227290554031
46,-1.0289074984312174,0.8674847579347627,1.3240163874889386,1.375647641107648,-0.2000000099270137,0.0565699652259449
31,-0.3992317909166742,1.916471889640717,1.546482543668672,1.0876039814011504,-0.199970753344209,-0.1842627017567185
49,-1.0449441961736283,0.6742026472563305,1.8326204429056985,1.1553899168522537,0.2000000090709178,0.613582922799735
25,-0.3528923246888929,2.0323156088133665,1.2220590888198952,1.387867888013227,0.1995686268060364,0.1464884043038498
46,-0.9737357121982688,1.087995535693083,1.0950160632517676,1.3627833539648526,-0.2000000099926089,0.125170572569865
21,-0.3015933486993565,1.6797249355141253,1.5048458027329783,1.7235417586926522,0.1997782098804862,-0.1486751316750706
35,-0.70433409056191,1.5939465713428993,0.9521820257094245,0.9039706167975572,-0.1999514024262568,-0.2735253589400003
12,-0.2036817034396745,0.7144964663272148,1.739571259417806,1.8731540402695728,0.2000000099932763,0.1305423562067628
30,-0.3970523347869037,1.9092470253744809,1.429252398261104,0.987749266023676,-0.199956384299778,-0.3748158579487241
39,-0.8416516649652787,1.3081357101392477,0.8789371540276893,1.0181149202393278,-0.1999998902512259,0.048390731040789
6,0.0613381652178144,0.249214462820118,2.215173834957188,1.5147804173595962,0.1999640669696225,0.0937653610467606
47,-1.0397866188496665,0.7648706311591129,1.2357737208392958,1.352800000283585,-0.2000000098547376,0.6695892507516555
2,0.0993373312658512,0.3878544714874526,1.526931115486894,1.571826801291942,-0.0291690493346256,-0.1632286160588718
32,-0.4578617075434421,1.770916469211486,1.356122196712766,0.9425331286460384,-0.0587077497401893,-0.4804467914329895
31,-0.4250028260835261,1.873857271167742,1.5067254225720976,1.0042518015002404,-0.1998855435764755,-0.3488580651749597
18,-0.3679172197793298,1.346528209900038,1.5902298996832709,1.6805209308602165,0.1997614394264049,-0.240522605634909
37,-0.7840217078111539,1.3722596188196254,0.8793560015645365,0.9284163174853408,0.2000000098068498,0.056900998858217
27,-0.3274605194529945,2.114502761737864,1.2520574118851266,1.3548748380338262,-0.0567838996085794,0.3493152725769745
16,-0.2341689095323791,1.109765599030789,1.7125294777241091,1.964495219785231,0.2000000099542969,-0.2348838886983776
20,-0.3457031775517634,1.6681546557259754,1.4237470487740378,1.6183162385926997,0.1998621143533563,0.0296155119261126
25,-0.3485827700928453,1.850595293642708,1.2485942328956463,1.5323593464169052,0.1999967082785108,-0.1788131642779334
16,-0.3304472334918873,1.1393103851300372,1.6312036468323807,1.754782011972629,0.1999880394703165,-0.2010518739179974
16,-0.3056022083001978,1.1000532945298818,1.6815821996578093,1.763499159663949,0.2000000099425548,-0.2238738566081878
14,-0.2508951899013032,0.9033394587310865,1.7013909528639657,1.904437198399629,0.2000000099693399,-0.1674571773494987
6,-0.0559689542102909,0.1236560218684783,2.196302563944135,1.3803862768852355,0.2000000099941788,-0.4498941500051693
25,-0.3430936613158389,2.0015305451621326,1.197063672946197,1.4667019259135363,0.199935642267137,-0.0005115797195944
21,-0.293458889052361,1.6037913884624329,1.4897178235140185,1.7261768181050796,0.1999612284528089,-0.02126754288927
36,-0.6735764652263468,1.5075668874328707,0.901691653826509,0.8702263668756327,-0.2000000077525185,0.085125613131379
3,-0.0546578698395181,0.3695353284808134,1.956000865497861,1.4495094900539436,-0.0363263901798031,0.0833500575738124
18,-0.3595864742787475,1.343909420564663,1.625755085167957,1.665532667910563,0.1997706139550877,-0.2784128941989843
4,-0.0115653260563884,0.1148655539713186,2.168292180695806,1.3788161544465622,0.1186691823596322,0.158057676994781
33,-0.5042338237013114,1.7725540753355051,1.2737309826154082,0.910932925588236,-0.1999979684579632,-0.4654046100098328
0,0.0111111111111112,0.2611111111111111,1.5707963267948966,1.5707963267948966,-0.1999281040476795,0.3843946861724482
46,-1.056340552070991,0.6754675054235025,1.4129229024903778,1.3239912534998166,0.2000000097654947,0.4844098637272501
37,-0.7352335204382997,1.437174940902827,0.9042720394816736,0.865704258278961,-0.2000000059252913,-0.0562116094971648
29,-0.358599793863743,2.1184363019881096,1.4423528994109969,1.3053795149373213,-0.2000000094058529,-0.2774059321352857
40,-0.7670563083628111,1.424778545218541,0.8697071285132569,0.8831401550951545,-0.2000000099196651,-0.150493924200831
48,-1.0746659984750675,0.6972410406523286,1.535851282128368,1.319407012191339,-0.200000009951471,0.3780703374883885
24,-0.3845486337693366,1.8046890911796,1.342393790432487,1.5439189604731232,0.1718313621992624,-0.2049000903892396
18,-0.3619880116290802,1.4390330032462502,1.5310081700470786,1.702868386114376,0.1656091671035252,-0.0080094839000733
23,-0.4130985835384623,1.6727462661971917,1.4950936372068266,1.595687571524122,0.1997614482054728,-0.1527137878146782
29,-0.3564129972028549,1.9902070568076315,1.5642809541179898,1.214335875436157,-0.1147012276638651,0.0996014660245374
6,0.0995729106044451,0.3588894940997265,1.563647442558084,1.5581887144118225,0.1649794347034809,0.6366655949464354
6,0.1025138738020575,0.2131986455296123,2.0521309162166457,1.438817773407324,0.2000000099537245,-0.0568228440460658
24,-0.3791849322856127,1.751296305233039,1.37067856738833,1.5688807165411585,0.1999345477216364,-0.1968698634770108
13,-0.251463957209485,0.8957079858669713,1.7139921459045748,1.908951072792988,0.1999747143244913,-0.0877730270706005
24,-0.3675574298769095,1.85709126577446,1.253967278515432,1.473184103193406,0.1999714401791455,-0.0152123493893344
8,-0.0611528233599366,0.5412732587065772,2.113840919980083,1.9061566774207688,0.1999513895057438,-0.138151442600471
45,-0.9909837080604498,0.936100977644329,1.2284163064299067,1.3230370849130588,-0.2000000099289522,0.0270369337664447
44,-0.9856131322617372,0.9669227779370264,0.9906511540201048,1.3565726257598814,0.0604538816240257,0.3817669010029434
22,-0.4011403715184864,1.7398491756504977,1.4937623302128653,1.5940157192840343,0.1199921230118304,-0.0957729841302646
17,-0.3450807715267415,1.1753318312996182,1.6000700230386595,1.7134177924060658,0.2000000099573291,-0.0252798796457468
29,-0.3533871419973404,1.964992760939981,1.451487069078956,1.1733969951119465,0.120040840992154,0.2566766055032085
10,-0.1616998281797342,0.8037596495573749,1.8858105997231345,1.975402249915117,0.1999256166041385,-0.3363848136574943
34,-0.5296478966940491,1.7383050375244933,1.1164006190982203,0.8423438329756602,0.1230506060248185,-0.3252672267979194
43,-1.0273192587318043,0.901646945271564,1.0177623825755455,1.3259919176319923,0.0812292969458912,-0.0998456196281757
14,-0.2453552762984293,1.0134478726599847,1.6712095821884017,1.85700818713031,0.1999725075846411,0.1296833739776382
25,-0.3738680538568151,1.8728854048835828,1.2559007900443415,1.520337453670711,0.1999680535872622,-0.1779816481568098
0,0.0333333333333334,0.15,1.5707963267948966,1.5707963267948966,-0.1998855370646332,0.3758363301168786
20,-0.379338627865696,1.578271738276578,1.443143316605363,1.6376711999698057,0.0243819002729108,0.1022410454932391
13,-0.2398843577228108,0.7261261631257498,1.744987786808286,1.885333971349241,0.2000000099819768,-0.2210007461333067
5,0.0238546388640291,0.156253557923712,1.994068174683724,1.3178508474351651,0.1999208118961184,0.2817644428982992
10,-0.1581385150909607,0.582263349468961,1.843867747369364,2.026563180077874,0.1999513757816295,-0.17397944680459
48,-1.0825486443298662,0.6756817076351918,1.4401698550817112,1.2748699015127636,-0.2000000099432265,0.500792021761723
1,0.0553818003577683,0.2663513360121229,1.628081903853689,1.549486793132109,-0.1999585256702083,0.2312804568392591
2,-0.0981159130452603,0.3647330677457991,1.883550570407186,1.49340026850087,-0.1999581891049262,-0.0679821966905784
17,-0.3564448640582586,1.2886803479848945,1.6119329995152096,1.7047447886900524,0.1999868450127909,-0.0784016609335876
26,-0.3183705136720578,2.0255285084155576,1.0996846939113478,1.482525130145565,0.1999759908923467,0.4127169354279855
11,-0.1546712247809582,0.6439709298199908,1.7977984408524377,1.9814608104804567,0.1999847212968312,0.0562638633240431
22,-0.3701045309516396,1.6389061501858817,1.4683433741673464,1.578825990649266,0.1923907195987963,-0.168413997344187
49,-1.0918810289731715,0.6719202661833249,1.8541496592250208,1.110907628036831,0.2000000098081861,0.5225364301537363
48,-1.054463904427367,0.7028776999992765,2.2069288110968213,1.0042387767696843,0.0334643569830969,0.0938792043818755
13,-0.2682211199311636,0.8291442244879051,1.7197728837516646,1.8916557873392352,0.1999758383331056,-0.0923884268035135
12,-0.2217963782905116,0.6990312052920077,1.737190873422895,1.9369802939465173,0.2000000099931673,-0.1087296837933018
38,-0.8339960117386568,1.413375117804324,0.7024463127043585,0.8828380565867467,-0.2000000099797403,-0.1041613958376999
29,-0.3617434392665046,2.0335461561655426,1.1860488607224564,1.3825172415512057,0.1634269377144,0.4312921927078564
18,-0.3175120573047149,1.253318784243458,1.5903420085695128,1.688560133614883,0.2000000099717654,0.2256316100402215
0,-0.0333333333333332,0.2833333333333333,1.5707963267948966,1.5707963267948966,0.1911810565032789,-0.0929537518650378
14,-0.2748226065415958,0.9168387122445354,1.6918025306102376,1.8590396389383617,0.1999851529407355,-0.0735669001222006
37,-0.7065902698221754,1.5510436253442104,0.848240808644567,0.8049224941224397,-0.2000000097347992,-0.1241715731909035
16,-0.2884713979827424,1.1313065667624411,1.6610506742508155,1.81745495199304,0.1999619258606969,-0.0999787598382715
22,-0.3787654565033583,1.7476023646089909,1.4072278449919562,1.6120231115946362,-0.0022570272114991,-0.1496241229406991
45,-1.0154381418028475,0.8017361154040954,1.3038954074170928,1.396971998932973,0.2000000080794537,0.2962051050483678
2,-0.0459416449816522,0.1010657112187064,1.853721306720052,1.354719144039659,0.1045272060533916,0.254375945417535
48,-1.0305168701875278,0.7226036559645964,1.4290869208660464,1.3598759307329276,-0.2000000099528645,0.4738112245703876
27,-0.3489065305868606,1.9916365468294244,1.5399963344240295,1.2047346742244611,-0.0967435145422433,0.1090032912999713
2,-0.0275764664053233,0.0766061296755628,1.9235814115023784,1.292634492012008,-0.0932377794093379,0.1636751695010339
40,-0.9286436210272048,1.1972621641377987,0.7741998522499574,1.1638115556816178,-0.1999801898616804,0.109208832795988
11,-0.1802187954319718,0.6768187459955035,1.778965056934629,2.0028459523506776,0.1999721509379346,-0.0515017571846569
4,-0.0559877705884917,0.279604986774656,2.028881662586008,1.4081527663492903,0.0485801346953989,0.2535284806757107
6,-0.0977900999946926,0.3832291746237043,1.917205874868904,1.482788726536096,-0.0275833571340789,0.2878266596152543
0,-0.0555555555555554,0.2388888888888888,1.5707963267948966,1.5707963267948966,-0.1999401343965987,0.4580140345852546
4,-0.0321610618316893,0.0687073463471728,2.202614136065051,1.3641479092370137,0.1993998544496944,0.1273427213311907
3,-0.0686296977631805,0.0339588420718355,1.9117119471218924,1.3223595054872384,-0.0043254519588788,0.3213250431512562
47,-1.0190537094904066,0.8309206934220502,1.5312308881007537,1.3686493308457692,-0.2000000099639293,0.1166414463116538
14,-0.2942611569783949,1.0219841374128575,1.663880799957786,1.844070815650656,0.1999907975808963,-0.0833256560740922
3,-0.0529387971160408,0.3455747613690268,2.0461987713959555,1.4442192195074677,0.0870402421963458,0.1250034757176747
0,0.0333333333333334,0.2388888888888888,1.5707963267948966,1.5707963267948966,-0.1999195398148675,0.3072963520397338
21,-0.3872011837064891,1.5322942963178123,1.5172720598664622,1.6660295337919555,0.1451838119961735,-0.066044280415477
41,-0.8791523030598193,1.2488873262084932,0.7055691080775599,1.0245187359179873,-0.1999999849779184,0.213546279403734
2,-0.0768682541399538,0.3924071670052743,1.7996421019223074,1.5071465512474154,-0.1999640503945209,0.2021612893348479
27,-0.3411297049297775,2.1176015595677984,1.33220208162931,1.322804409817351,-0.1890188758056847,0.1017001034043809
9,-0.0926656567765182,0.5502519630183861,2.033638917901788,1.9915337817009104,0.1999359602040021,-0.3304642707065732
30,-0.3760127471721527,1.943889184784258,1.6140816871302588,1.121422419573312,-0.1999790501254718,-0.1745777823626553
6,-0.0137435535791564,0.2340516074031325,2.1655334856444166,1.4065457877198837,0.1999681612954434,0.1709795443319406
3,-0.0150216307949973,0.073145661081436,2.013704300918852,1.1663720398442965,0.095759044517652,0.2230123128020464
23,-0.3763837526487041,1.808430970563077,1.434190762198548,1.537329725828816,0.1040356288211743,-0.1195795937791333
29,-0.3720059009486398,1.98335970686616,1.4605142191631009,1.2174721277753089,0.0548321117431244,0.0886795623089615
3,0.0979056500434798,0.3542011867976531,1.338032353949064,1.5880473826752215,-0.1998527923430735,0.5246798687367799
24,-0.3504121956597839,1.9033652665587404,1.279993796930858,1.5246532511404496,0.1992656222019638,-0.1658602479693224
12,-0.2093296412989724,0.7732914752897547,1.7398965306429466,1.9791331825772431,0.1999727406481143,-0.1110124743540408
26,-0.3378631514959807,1.9632187406673272,1.1311412314560751,1.454757408604931,0.1999939357393629,0.3852266116562551
39,-0.6813980360942556,1.5008912336910727,0.9762770208206516,0.9372794752650634,-0.2000000098203249,-0.2180497056027108
44,-1.038861818436568,0.8813301102578008,1.1532873819258551,1.4310458022989938,-0.1999999908395448,0.1268920248466713
34,-0.5967213488914914,1.6166647113740635,1.003884640583072,0.9367803303287832,-0.1999858931557729,0.0110180920093709
3,0.0515186156894688,0.2975312198186444,1.8942370946195464,1.412156135317431,0.0076295431489293,0.2107602764375319
37,-0.7275986508935263,1.4680407109901683,0.8580602253939879,0.8977120257345143,-0.1999999123648047,0.062710929075115
48,-1.0759143069884072,0.6656429747088272,1.955943130948816,0.9390310634509343,0.0320257710224518,0.1114050756264163
1,-0.0559469375333651,0.2824735209842041,1.6637375513699393,1.5348732327636951,-0.1998812313906391,0.3548709494045026
1,-0.0999665483357253,0.1922637875942792,1.5817712316921462,1.5676160550143916,0.1998617878272121,-0.377889688565391
15,-0.305217438396389,1.1299539295669323,1.6703889156368117,1.879288042311068,0.1999792789035587,-0.0987099202424664
4,-0.1069965984675073,0.4035648073140907,1.6835185579550265,1.4381210544769043,-0.1994501800301984,0.3148616009648286
27,-0.359581119653733,2.109246925950464,1.4306172961976866,1.2955659912734871,-0.2000000087288265,-0.4582705009120518
37,-0.7552274639260829,1.5067622399827665,0.7950571301069598,0.8100324101459295,-0.2000000098098938,-0.1564836061265394
5,-0.0476222356281161,0.3216421300833956,2.185964928069387,1.5410522790400691,0.199586318920081,0.1646855545674629
14,-0.2672839050760159,0.8276805056438743,1.6948286491122584,1.8572360779270216,0.2000000099969187,-0.1653461606039363
49,-1.078156204108367,0.6613658163132745,1.934798036762748,0.9326427858064144,0.2000000099591302,0.4636877814613536
43,-0.9943496763242358,0.9710578587600636,1.0648249429015388,1.3124589116108172,-0.1999999780241983,-0.0044158723963031
31,-0.377945078103982,1.9419837278388163,1.458313406505857,1.0583975883606616,-0.1999999375759632,-0.3761904990588854
0,0.0555555555555556,0.3277777777777778,1.5707963267948966,1.5707963267948966,0.1453550219856765,-0.2790400847193641
15,-0.2643655514293608,1.1417215620198096,1.6950696120646338,1.9044218606107617,0.1999932563768995,-0.1200553103743972
0,0.0111111111111112,0.2833333333333333,1.5707963267948966,1.5707963267948966,-0.1997800309462382,0.3619618367486967
33,-0.5721348419082316,1.6975731749322525,1.0148906307902674,0.8110519452411721,0.1475452787637297,0.1625926519973675
42,-0.9193240660730686,1.1601866418285234,0.8434345508602004,1.1453068052408757,-0.1999999783285729,0.2455012994145989
33,-0.5377022527265005,1.7208422812168735,1.0679874365535746,0.9002776306952124,-0.1998959017071274,-0.0470592227828842
36,-0.6578052845153676,1.632144597623835,0.9387510317054132,0.9056741274222192,-0.1999999128026118,-0.231895137343138
4,-0.0266208489724329,0.0859773391223314,2.135270998873983,1.2135961093341343,0.1496732330229273,0.1761320772883183
9,-0.0750667904722834,0.5448310127377085,1.9713016244738115,2.1073215865275188,0.1999874383774779,-0.1575053776808701
31,-0.4152432674551625,1.823429544035607,1.5135068046536784,1.552073167513118,-0.1024107969307894,0.2661767719505175
41,-0.9057683655832224,1.2065491360453056,0.7068544896927218,1.10407737588239,-0.1999999799090948,0.3519173059118788
27,-0.2948166518773851,2.1331868929249813,1.2709716270354132,1.3215195508189803,-0.0265196514637269,0.3469910227030273
18,-0.3633374904469779,1.2927100793853652,1.6232819418099265,1.7264036591598375,0.1999795233362781,-0.1978252991754338
28,-0.3454040157734671,2.0177885365200385,1.43133340916587,1.2691282567667832,-0.0483720531091615,0.2362219482030183
45,-1.023413471011093,0.8177706874216522,1.3492262078893429,1.3753276389956326,-0.1999999740593923,0.0608397021328275
20,-0.3767013242840905,1.684664165386763,1.4193173433330395,1.6055554568887187,-0.113324337319314,0.1416525107306677
20,-0.3357073718220166,1.4519232980871652,1.5660507092860083,1.6425660240988875,0.200000009651726,-0.6364426803921152
30,-0.3737459681611573,2.002125677307564,1.4800300748070798,1.216614239185201,-0.1999810384853038,0.0755430840372218
29,-0.3822682377378689,2.062274280694184,1.4946459690716605,1.2402444643409023,-0.1992632159606623,-0.4739493670900049
29,-0.3421233788563836,2.00141017846133,1.4031607257809977,1.254222589550416,0.0252466233224082,0.2110506717132496
0,-0.0111111111111109,0.2388888888888888,1.5707963267948966,1.5707963267948966,-0.1997852141949948,0.3683506733458357
14,-0.1989771233507372,0.9659884004243208,1.7177489521589615,1.9577198470998527,0.1999612318469824,0.0898369881448354
27,-0.3378686046619253,2.0564461182916447,1.1656232802805049,1.4659136617884865,0.1999997970641406,-0.0093200499080189
1,-0.0341464992570999,0.1790054509764051,1.6821866194393973,1.5238394647840283,-0.199895237781564,0.2921877062542157
7,-0.0269562079592597,0.3004299347187869,2.282140088328396,1.65599740791852,0.1999447040621234,-0.0966442094113507
4,-0.0831399291517106,0.1501138826168512,2.100408093133245,1.3234107969099478,0.0066003479743368,0.2186510525542736
30,-0.3289140668013654,2.017449060705922,1.515132119008575,1.1886642141058348,-0.1999999419795193,-0.0066537553842925
29,-0.3457888794320197,2.0007488283115205,1.4989970634367804,1.1979590690574975,-0.1889185400234219,0.0983067826748935
34,-0.5847612412964095,1.6845175628015625,1.1162944091869331,0.8500210016455982,-0.1828193729162027,-0.3634365112273734
13,-0.2553044913444876,1.0406313891275534,1.7023621881988389,1.903806501376411,0.1999784570861123,-0.2544610914201839
7,0.0358841457617252,0.3438934831324241,2.2970147682961564,1.6802938445092537,0.1999654740530034,-0.0098959116609725
19,-0.3519890155582947,1.3340243014917434,1.5931885252383091,1.695591460956532,0.2000000099504729,0.0359118784976556
33,-0.4518914670939283,1.8001130654071047,1.4766711919244866,1.067974728980571,-0.2000000092496873,0.0573167570503416
29,-0.3585991646836836,1.996256369592599,1.5541402753853384,1.2149987170404108,-0.0814328309940844,0.0791856462833799
7,-0.0315837166958504,0.249763529158077,2.200778388479028,1.6652804331098197,0.2000000099551849,-0.4635768897150257
2,0.077667736578127,0.1525673579271395,1.6015626276519637,1.55916023065514,0.0637462874761787,-0.0533983032807065
4,-0.0351400967373867,0.0839291260267877,2.1075861985471587,1.3712605033383891,0.1270787116974699,0.2052673917464514
48,-1.03780851074249,0.939894458016856,1.1124104718354086,1.418455865978828,-0.2000000099880469,0.7870027329446101
45,-1.0456834950594824,0.8225602083634054,1.1464310428735356,1.3490497464159004,-0.2000000028945935,-0.0118560736000172
31,-0.4077995998947567,1.9083990519621,1.4998636135271424,1.0798057111329105,-0.1999480115995594,-0.1353049368776941
36,-0.7293448383013885,1.4396707555499086,0.9078420075264316,0.8586486193685967,0.2000000097070985,-0.0042364057673531
48,-1.0601581488587477,0.695815226956267,1.591239243806664,1.1893819820152505,-0.2000000099942397,0.3472951471976852
21,-0.3415083742812074,1.5425122685652617,1.5403110916402678,1.6264395800278952,0.1997471344820117,-0.1034193358630016
0,0.0555555555555556,0.35,1.5707963267948966,1.5707963267948966,0.1755353850465593,-0.2895187719520982
15,-0.2806187871748118,0.996865682791084,1.6590782637384276,1.853090111972553,0.2000000099617451,-0.0922194485121034
48,-1.0643854496531024,0.6848389370031386,1.6221105330224217,1.1610446417358604,-0.2000000099939454,0.3089029427578379
5,0.0386822715327494,0.1836935808548627,2.265032068887029,1.5039730417241493,0.1999676777828273,0.1235175609654593
34,-0.5615877942326349,1.6382955660546157,1.065205437191997,0.8795274184262443,0.2000000096254978,0.0287300863094125
2,-0.0813012184016501,0.1525384050518279,1.7194661921353047,1.4848505838262585,-0.0768334408733266,0.4230232075823658
14,-0.0893753351287371,0.9592005602049248,2.0498871425655016,2.003535753854078,0.2000000099927736,-0.4108754734332561
13,-0.2506537589387912,0.8845407673164242,1.7236063564803938,1.9002926120150296,0.1999715116415791,-0.1107768337435383
0,-0.0111111111111109,0.2166666666666666,1.5707963267948966,1.5707963267948966,-0.1998195127796614,0.3687586467419798
23,-0.3788677243265299,1.6726682363334069,1.4278361471977572,1.5991109655894438,0.1857476258121838,-0.228071388764826
1,0.0081876558130587,0.095542290476302,1.7403315464642386,1.4822366269361775,-0.0966284585796178,0.385810274786961
34,-0.5127561468915738,1.7030250533109652,1.183332500108753,0.9035198830511167,-0.2000000088918676,-0.0435615947388194
29,-0.3683130753930544,2.005210176596918,1.4230411930179612,1.2406787439588742,0.002880046732177,0.1278866333296951
48,-1.0697835407708087,0.6546332802656228,1.633991473535988,1.1600827501376934,-0.2000000099478785,0.2853058415352964
48,-1.0299149860025982,0.7252374341963194,1.4225787120547633,1.3629848844001762,-0.2000000099529432,0.4814785724893592
3,0.0393458859510115,0.1416475872314858,2.056424588957105,1.223138958797647,0.0287222764847766,0.0865581182764212
26,-0.281697496634566,2.138231155875601,1.4523792686548571,1.2489868854598565,-0.1999607951446451,0.0193269237939186
28,-0.3379675984465912,2.128886239395757,1.3331461597087353,1.3069314347658747,-0.1809735993611017,0.1157656958408281
24,-0.3482324253004103,1.854894530681976,1.240579088279281,1.5291253803921112,0.1999752617923945,0.0061771343505089
36,-0.6164501876542179,1.6328497107999889,0.9910432517097544,0.8961163651341163,-0.1995277610166647,0.0791852565395006
33,-0.5103029240222835,1.764541890952664,1.2772237376081694,0.8760882623221614,-0.1218044305394164,-0.4973049963434668
12,-0.1913973455002758,0.8469112928095708,1.7738754051413874,1.990651541436334,0.1999734202857488,-0.123876571768872
10,0.1010230981300038,0.6154524631848322,1.6238429817047455,1.5674577362547897,0.200000009963037,0.6510763267155212
25,-0.3488862783335439,1.967310840706366,1.1885397521920578,1.5278767519158645,0.1999464949452841,-0.1102572632293609
26,-0.4066374261666059,1.9428161518388685,1.2669235924866538,1.485431870595325,-0.199985631982081,-0.3016829326673536
5,0.0550395675107591,0.1544534085812047,2.059697032966886,1.389778596262967,0.1999062459186722,0.302505986708008
26,-0.3302119874332627,1.995764678656794,1.1657934124257905,1.392885628679153,0.199946466861434,0.398319635827811
0,-0.0333333333333332,0.2611111111111111,1.5707963267948966,1.5707963267948966,0.116202589180211,-0.0235042319106959
48,-1.022532018393427,0.8417069545621195,1.1447306732323508,1.3384888996579276,-0.2000000099973402,0.7653059259056384
1,-0.1000386448378865,0.2142274555905988,1.5579681741681437,1.5745207016690763,-0.1999136898276411,0.380763883961849
34,-0.5859579709173323,1.7410532510008236,1.0544359097864966,0.8992034288468053,-0.1999998869952358,-0.3774138825731066
38,-0.8186719900431016,1.4340871880086676,0.7259735922005515,0.8639951577656394,-0.2000000099755155,-0.1544600770785202
2,-0.0288165936198291,-0.0147549853230122,1.9516814361002783,1.2684892727470618,0.1998763342558311,0.2448629891552945
4,-0.0589681405636929,0.1041556038996397,2.071657405295644,1.3521129544990778,0.0367523089463052,0.2789175976693801
32,-0.4355274390513278,1.854170472609768,1.3496320704605915,0.918211978381313,-0.1423009233161557,-0.5149404581914035
18,-0.3442196684038381,1.3652619264271064,1.5947524989631514,1.7108019617993755,0.1998774947462347,-0.2077886711500696
38,-0.6839786853731966,1.5822035515121662,0.8586067194726805,0.7966142787993661,-0.200000009928068,-0.1129101941423035
18,-0.274935403543359,1.323220657581232,1.7102573571901494,1.833789642979188,0.2000000099935727,-0.2643418614767748
9,-0.039794995635199,0.4412237017972503,2.1873639161374907,1.895841921382837,0.2000000099931123,-0.4742653236442514
46,-0.9694954433258064,1.0717086824258897,0.8097631885346512,1.1618561646211516,-0.2000000100007029,0.2821075902616806
38,-0.7535357567119185,1.425717810951063,0.8781256294485669,0.8859099724371652,-0.1999999332192436,0.0043664757629698
10,-0.1619250065698753,0.7138364805829052,1.858259022088494,1.965848051206602,0.1999667203486655,-0.1383140244991218
23,-0.3515880051966545,1.687775124333404,1.3796992200103144,1.5496729022764226,0.1999901599494267,-0.2135511633892392
28,-0.3457888204189466,2.10775687362688,1.298355427631412,1.3255167361808775,-0.1443821144260669,0.1822387988865686
11,-0.0788376871992226,0.6631337500136741,1.9596225815501551,2.0608990019542524,0.1999916650441184,-0.0665564297114745
35,-0.6119862135951886,1.5786796983677662,0.9956129836526256,0.8606557047147457,0.2000000094436847,-0.0966127346562399
45,-1.017432875687371,0.8440833120050124,1.259073010531799,1.4255325416977016,-0.0331291425172036,0.4639907620575981
47,-1.0222382312745957,0.8136015567956522,1.542004201692715,1.3667814487767282,-0.2000000099667641,0.1078050539394551
1,-0.055509306060795,0.1999776967959282,1.6216859417643883,1.5544489060712072,-0.1998766132798087,0.3378299290733829
28,-0.3614680123362634,2.033644651948199,1.1776134269919734,1.393483637085401,0.1999763897649465,0.4446505808138591
32,-0.4156182792459997,1.8399996334139777,1.4605983542886118,1.0326244066044252,-0.2000000079922593,0.0302269168515602
22,-0.3409295536504847,1.6344026272649923,1.4269683408227305,1.6281956517773557,0.1999576193485445,-0.0985328778987969
21,-0.3691528210551324,1.5694052639486586,1.482517679282699,1.648741554341663,0.1999273996890065,-0.0129553324745605
19,-0.3637290344109994,1.457973180325992,1.5187946232643466,1.6882107206689148,0.1998778621555234,-0.1946466559440671
4,-0.0403808130765902,0.0802994733734453,2.1210075030711035,1.3155262408591533,0.1999761009975114,0.2362689710558528
15,-0.3224431982558288,1.0171741982205729,1.6518554734673838,1.830483216424275,0.1999857795324501,-0.1474161135246052
28,-0.3510136230657567,2.104625390497345,1.2774602557208876,1.3310212939037598,-0.0728935727699404,0.1784446545660613
31,-0.3990331526766596,1.8516878072724388,1.4991424019124846,1.561704605786458,-0.1260843917778774,0.2728761216014304
1,0.0780005573297065,0.2145177915429303,1.6433959836747984,1.5497487380748305,-0.1998884693564051,0.0481491506403415
41,-0.8947391236765235,1.218544479226164,0.7721994883057217,1.0170751202859427,-0.1999999844216938,-0.097753962247544
30,-0.3695591563062149,2.0210576367671464,1.3453581045058112,1.3026218723753888,-0.1999984695150652,0.2778089246259423
28,-0.3714418941942943,2.0031505461459544,1.154136260100875,1.4046260525571508,0.1999737123220697,0.4617283374816361
20,-0.3813562253565482,1.5277751270776183,1.518862477564488,1.6930227485354488,0.1085766801115366,-0.0412645707413655
1,0.0553217585190598,0.3406477872378088,1.723603637018476,1.5164556936378324,-0.1999142655069047,0.0570295343868242
7,-0.0271293318650075,0.2686680649363958,2.2768052826311926,1.6510454254568456,0.199999791990582,-0.5139295445534767
27,-0.3184209559981313,2.112975663483915,1.4187728255706014,1.316644511550201,-0.1999513806899778,0.0251211671905374
20,-0.3990963334142224,1.4592357196543546,1.5268376591291766,1.679272771923776,0.2000000097476265,0.1540578284191176
46,-1.0012595971101077,0.8862605812620761,1.132249959805284,1.4026830366793936,-0.2000000099313369,0.6088155218393034
27,-0.3062587842133781,2.10011892694604,1.3448042506959776,1.3041781219304516,-0.0819108383235282,0.2993450725739677
42,-0.9237496091757462,1.214634396908692,0.6711501148003056,1.178698617948124,-0.2000000081955747,0.4861140878217261
44,-1.0018600083391078,0.882340823704135,1.1367335254934172,1.4029812425211772,0.0636535878603191,0.4725084147237887
26,-0.366278476630124,2.012281319206892,1.1711003268745284,1.4185729155333529,0.199892966966105,0.071767303012649
27,-0.3269555458526005,2.0411155223224533,1.2002110416677336,1.3686924764421544,0.1999686426574463,0.429250042921186
1,-0.1000533516400363,0.2999345575266456,1.5500119710948803,1.5769719964630609,0.1999234783313598,-0.3259292793427643
35,-0.6570624812972412,1.6323442977455933,0.9372024508800844,0.90223317465436,-0.1999988245433108,-0.2538573879810173
26,-0.3357244627677073,2.110779674523945,1.3505743267622332,1.3275052385832375,-0.1996516336027467,0.1221055897222176
9,-0.1146019215289933,0.6253622216184895,2.038599674650703,1.7936382702540596,0.1999691868734669,-0.0760684146918332
21,-0.3727071295510827,1.553334141815198,1.4766634057794157,1.655995842425683,0.0881715906076999,0.0047305605444108
17,-0.2973294213599963,1.2388467554504434,1.6070527779546122,1.7788663837165832,0.1999582398195374,0.1740998625529751
7,0.0776571178614562,0.3921638856129416,1.571470900499497,1.5639382195538165,0.1998976385871804,0.6471604719902487
18,-0.3165076553792857,1.2845967585844242,1.5839277590301375,1.727177970195669,0.2000000099696805,0.2057059467074715
29,-0.3418867156839403,2.0143721745130314,1.4620645801213126,1.1566767610204467,-0.1903574716995356,-0.0818106349997571
18,-0.3246238537391305,1.4301582459118811,1.623904441768515,1.7515611953717105,0.1781243783903296,-0.1258248112438823
31,-0.3945287913120531,1.8895383172493136,1.5011420036342482,1.5604090460121944,-0.2000000099439418,0.2597157235965646
4,-0.0520083178480677,0.3458335264199017,2.124405064680849,1.4269982757026,0.1654750300538066,0.2841306919637317
19,-0.3092191346371437,1.375547990079278,1.5725992071118693,1.752003484520727,0.2000000099943515,0.2621844580997011
22,-0.3483053825837363,1.6635326616516937,1.4006046439197402,1.584599926000814,0.1999373614144186,-0.1313176673893456
0,0.0111111111111112,0.35,1.5707963267948966,1.5707963267948966,-0.1993020561145907,0.4129433269416733
12,-0.1545962071869945,0.7738513950665002,1.8483944098141527,2.0262311303951352,0.1999776807049595,-0.1967347604075828
47,-1.039239361222818,0.7475829590822458,1.272625528062933,1.3268994552678637,-0.2000000099928026,0.6891977347238055
3,0.0751826616241806,0.3503509117212267,1.5766978717123337,1.51107489508619,-0.1812635598479635,0.2855685461598566
0,0.1000000000000001,0.3277777777777778,1.5707963267948966,1.5707963267948966,0.1824898363344993,-0.3521421311486158
0,-0.0777777777777776,0.2166666666666666,1.5707963267948966,1.5707963267948966,0.1999402739304818,-0.1524899648880527
43,-0.965653743833654,1.04551328944191,0.8645978244629244,1.290542441470344,0.0452774355480676,0.3462664326134587
24,-0.3823484089839982,1.85896168299394,1.2945676716652257,1.5039786131454325,0.1125941704309418,-0.1665560356954638
46,-1.0157057038297783,0.8003815580273024,1.3101200806584696,1.397990519738454,-0.0688227610316924,0.5272536378838456
23,-0.3476306947641105,1.6961947321680455,1.3797807256367545,1.5842614023234791,0.1999859990317929,-0.1875880848702737
27,-0.3065551130014515,2.102874933886067,1.2818560237672667,1.312208851371499,-0.0192598629559526,0.3460517587638484
34,-0.5974032422911288,1.7140515476870448,1.032434237250362,0.9012860174596686,-0.1999982592105225,-0.1833591998586624
14,-0.2416385103029019,0.9678401832941136,1.705805700627434,1.89821213848286,0.199957758837655,-0.0283163804150152
28,-0.3432866449782003,2.1240418495298297,1.332444747039352,1.318039521578488,-0.1999917172369559,0.0167205187702759
18,-0.3721766818277457,1.3799243459307156,1.537114975103412,1.6776509783028402,0.1999277541548824,-0.0824356830539295
29,-0.3685725687225994,2.0064623165675464,1.4253640010708284,1.244804986709658,0.0030689188601882,0.1320307624599837
32,-0.4502118752147375,1.8362761625724608,1.3042174513128142,0.9249191129233788,-0.1999503773791276,-0.3951709036290045
7,0.1061918340286147,0.288364068595925,2.178678554543529,1.633261403250046,0.2000000099556625,-0.3295002232399184
16,-0.1943383554449074,1.1362763267407563,1.7846035594728331,2.020631447178039,0.2000000099931244,-0.2820841105769507
1,-0.0341579499734153,0.2001969808913377,1.680237160125051,1.5243907386331388,-0.1999609103608629,0.2849599407154631
15,-0.3150826145747817,1.176996530598098,1.6562869670477252,1.7716386431131914,0.199991970976969,-0.1312836155114351
40,-0.9384445154513306,1.130465185058728,0.734464400508676,1.2009014141773375,-0.0961492308458162,0.4281849923708103
20,-0.384542964546364,1.5329823993901808,1.4841847951200349,1.64323051610324,0.0676284948336774,-0.0302760878670305
18,-0.271722023843482,1.326036322750813,1.684776266166244,1.890508547306392,0.1999872472856761,-0.2396082217045614
3,-0.0056713584100093,0.155498220102997,1.9554630602386336,1.2713892177749169,-0.0432528221343525,0.1479445917626845
15,-0.2499447266067483,1.0312450458719795,1.6982520555222322,1.9054495741425908,0.1999874912078193,-0.1275263633383642
44,-1.015994451150136,0.8605919527850165,1.3233971640245237,1.3551845160042713,-0.199999987225286,-0.0423355991439374
29,-0.3619506207418699,2.036594305055585,1.3615562573230386,1.280157438572578,-0.1002793478860578,0.2456814141638497
18,-0.3327534559630448,1.2977662294800631,1.6097193221237998,1.7389258007183552,0.2000000099694128,-0.0215200134174772
48,-1.033902545976685,0.70436031413656,1.997105543562446,1.152190707083255,-0.1730849037908231,-0.0519894353487703
0,0.0555555555555556,0.35,1.5707963267948966,1.5707963267948966,0.175535384983336,-0.2895187719702304
44,-0.9869187252464712,0.96012377759574,1.0082947882500033,1.360071480103551,0.0870064165182177,0.3650609251635465
19,-0.3577106536428447,1.5130834710165422,1.5429539515450448,1.6891081641779957,0.1315451305871732,-0.2673629102575837
42,-0.9188903903618536,1.1735225741189097,0.7944556149330477,1.063321084194842,0.2000000094169989,-0.3514935649750627
0,0.0333333333333334,0.35,1.5707963267948966,1.5707963267948966,0.170124964207505,-0.1804545883788153
2,0.0545854816513009,0.1953275099662574,1.7501907954600195,1.4983883736275736,-0.1999160872706278,0.3573780441295037
43,-0.9565401547718426,1.0984648836932986,0.7955664406206946,1.1529511646644437,-0.2000000095805505,0.0317924518598293
24,-0.4039815017235517,1.7771850633279809,1.4954719367113452,1.5836990618179498,0.2000000045282983,-0.4794850513862199
17,-0.2209766384601049,1.234286046485468,1.6800562861051898,1.9160501888163324,0.2000000099491993,0.153753620362313
32,-0.4053112886119992,1.8629472084819845,1.5137130888786654,1.5424507562224543,-0.2000000099257881,0.2212784929097578
19,-0.3716280720389311,1.4550590519618225,1.5224740701403956,1.6743086673346097,0.1997671780246408,-0.1849149597171578
46,-1.0878275465224354,0.6494232161525173,1.8225457044926028,0.957592964368413,0.2000000086514473,-0.1957099611928679
0,-0.0333333333333332,0.3055555555555556,1.5707963267948966,1.5707963267948966,0.1994579704298532,-0.1929509034648879
44,-1.0051832172329875,0.8957776291134719,1.1241347110506634,1.338219817277729,-0.199999810059726,0.3304338312192744
2,0.0757602937562352,0.3333798920339633,1.3693106384389786,1.5879099167187258,-0.1978117335665964,0.1024480265469598
14,-0.2592378809560671,1.0275291275517575,1.6959381633228632,1.8822007164428,0.1999699338460413,-0.0986738712413543
45,-1.0500520374857074,0.8287928183530324,1.2499015303936345,1.4466321579645394,0.2000000050915384,0.1790909802776924
0,0.0555555555555556,0.2388888888888888,1.5707963267948966,1.5707963267948966,0.1998516155651503,-0.1585819396226601
40,-0.9105682338551252,1.1839726971793123,0.8243795009937624,1.118389918915793,-0.1999973816906409,0.2292855865713562
1,-0.0338506446988004,0.1281116149612906,1.702321440973554,1.520256285572757,-0.133563975878023,0.1231292550088436
9,-0.0870384551879387,0.5688999181335899,2.011826512464557,2.020618680301949,0.1999473457542671,-0.2175878089213196
2,-0.019729725418426,0.1942261070449672,1.9025194505837304,1.36478193098013,-0.1984983985480483,0.1165368976313362
2,0.0159135668364984,0.0403821247274188,1.9666607389834263,1.2615832172776988,-0.0068161244392606,0.143288051912557
12,-0.2148246373683029,0.7841381638289914,1.7559216293182711,1.957720090936785,0.1999853260131105,-0.1302065684577289
0,0.0333333333333334,0.1944444444444444,1.5707963267948966,1.5707963267948966,-0.19987751810821,0.3680978232686064
32,-0.3996634248293669,1.9063712465592728,1.4519471256670098,1.210973968226282,-0.1999999917539552,0.0942176798139113
45,-1.0274302055925566,0.8021330051313282,1.392002825369564,1.354736639227734,-0.1999999792903986,-0.0192048780111012
4,-0.0009566793446408,0.1869209232531865,2.106194988885198,1.2614216935919802,0.0150536227976453,0.1502950016064505
37,-0.7951116531817188,1.3742740629657293,0.8413104871895651,0.950260248661442,-0.1999875995351971,0.0203964927515803
26,-0.3619151837743607,2.029701892894453,1.165742685147796,1.4045095647159105,0.1998548007141057,0.159713448478194
18,-0.3415690522016152,1.3265318098793513,1.6084297047112557,1.713835730447953,0.1997534873648791,-0.1443045543568773
6,0.0808434777181594,0.3020687259100937,2.271160100647484,1.7246698829538492,-0.0343471993567854,-0.162161768377118
16,-0.2879454273433854,1.223106287721048,1.6566608561387373,1.822481408843892,0.1999680954406291,-0.0312316086899844
25,-0.3586944020417105,1.937899111064364,1.2625539961227203,1.4710325494216732,0.1999436669835008,-0.1803972292581556
17,-0.1820590022745112,1.2508710766208866,1.7240434596922736,1.9776411925399784,0.2000000099493404,0.1443555070478246
21,-0.3752923790591014,1.6865803267422206,1.4504123936083655,1.6478832247111057,0.1896520555339231,0.171547094354401
5,-0.0703181982299077,0.4593516187901195,2.151437242576156,1.5872850559285616,0.1999345278463082,0.0135497425980362
11,-0.18599126437503,0.6756973111105398,1.8338230485704283,1.9551986759412217,0.199972885762229,-0.1682420830145432
45,-0.9950158109326672,1.0094275006856217,0.8657577699658017,1.2384292490079931,-0.2000000099195355,0.0857793793686567
30,-0.3663967477439452,1.993884275813848,1.5283991619480752,1.212275377284295,-0.1999867891499475,0.0464879508620789
46,-1.019589949202453,0.853305081145573,1.1334429989245276,1.3375389009788758,-0.2000000099220057,0.2442837240094057
16,-0.3058643545125756,1.1182585913371943,1.6192475662913002,1.8016134762612663,0.1999724796307515,-0.0583129782194415
34,-0.5928880999457673,1.7398203084031991,1.0471977042641978,0.9045757826235078,-0.1999998370125337,-0.3690554803457264
1,-0.0559246097629247,0.3285765089733297,1.6659865091231207,1.5343710426512147,-0.1560615736669264,0.3091012169398625
29,-0.3150430757723174,2.068942967888284,1.4599313783135752,1.235607755147441,-0.1999042643496382,0.1423858560766307
7,-0.0745260092699802,0.3841579290089688,2.021088126176272,1.4666125278440776,0.199979021205539,0.2145994012157283
11,0.0732720034178784,0.6019326315276722,2.2252568370339016,1.766086469536514,0.2000000099810461,-0.3548548764451673
34,-0.5677557485709328,1.6317085596741925,1.0523267882552485,0.8770347071456723,0.2000000016633621,0.1136128594685997
36,-0.5982104075229256,1.6150832121197476,1.0251482288029532,0.9365924269940208,-0.1999999923329567,0.0968034297352906
2,-0.1001964829544115,0.2137891571219423,1.539822564521108,1.57804626838977,-0.1994000465767709,0.2252262660347183
48,-1.0390300565808026,0.6912253684639418,1.653274823972259,1.2546755459171797,-0.2000000099495082,0.2505454877880079
6,-0.0306945814482734,0.1921992126189917,2.1948016891863684,1.4558525290941695,0.1999932551469412,0.0552876024854549
9,-0.0472648373509085,0.4977904148213629,2.11108481610683,1.9197905445848544,0.1999672805763758,-0.1077481546771518
16,-0.3327508661736006,1.2046837673659467,1.6280868361380438,1.759236148402045,0.1999604283272717,-0.2210120623877078
7,0.039504984602026,0.5384363744846186,2.231483045094881,1.8775881635950125,0.1999496324095776,-0.049064808700357
36,-0.6563454758639894,1.526760640254082,0.911431741961513,0.867352751971009,-0.2000000074463812,0.0593684089984539
22,-0.3418471349962484,1.7850299774291123,1.3142502913859229,1.5359822628190722,0.1999450478692078,-0.01978034688067
32,-0.4365810334483788,1.851079609983917,1.461198111125503,1.0735314120988622,-0.1999694038285582,-0.0378522617924727
45,-0.9290078790020788,1.2546829454117403,1.0051262593504529,1.281909647763197,-0.2000000099797104,0.0048741535861475
46,-1.0154392801394685,0.8374367292121081,1.164507324218135,1.3185972127334091,-0.2000000099526959,0.2227299633668366
42,-0.8412740423996623,1.4071507869377389,0.8549819561329226,0.9743716456117112,-0.2000000099951711,-0.1426454145523473
19,-0.3354917886645813,1.4841750197997288,1.4910833472993712,1.6650408375878332,0.1998891292219984,-0.1445450239978277
34,-0.5661152302786872,1.748625442759305,1.0774656059828145,0.8947631335431557,-0.1896159244319984,-0.144493385391579
12,-0.2229748576353942,0.7694939090932831,1.7273503463000066,1.950467956616191,0.199920100739779,-0.1017397258805498
4,-0.0211414183225734,0.0927801592065565,2.097342603900705,1.293379230192167,0.1410998488400155,0.2237049138093389
19,-0.3453015634669589,1.3711172600569357,1.5917470018055777,1.7094456815373134,0.2000000099374876,0.0722176284203694
46,-1.044790499747323,0.7132493379943992,1.3911077863689163,1.3631801873523364,0.2000000096944151,0.4532021298797026
7,-0.0095952023642457,0.3082121464583514,2.2456462292430497,1.6279394257348343,0.1999495705071913,-0.0054584906154894
12,-0.1918106507278607,0.8142457728432947,1.818478231379066,2.047805678056994,0.1999899951121964,-0.1728707587498495
38,-0.5940419465810042,1.5879323905229197,1.1082285149630646,0.884673085530883,-0.0528669352173124,-0.3186637465914665
45,-1.0242964760287987,0.8148007428014808,1.229389947317402,1.4220379118085908,-0.1058982968597529,0.5027100189103566
16,-0.2794312702051964,1.1452559619109357,1.6285024034467082,1.794580508989352,0.199967352168375,0.1693140110406776
26,-0.3436639820450231,2.06212033400699,1.2393196141134193,1.364644175472607,0.0878703563796898,0.2909747697712276
21,-0.3312506040543501,1.4132183385285144,1.5768884467568736,1.6509351797902865,0.2000000099410256,-0.0677140641270508
35,-0.6182469659028691,1.63051611010716,0.8628004020634705,0.9387192983423044,0.0056508771302322,0.2564856992925671
25,-0.3305400260585233,2.0284124354455333,1.2210769280722102,1.4237240080140197,0.1999312071398584,0.1366857167787132
7,-0.0290906646388217,0.4263785749283687,2.281540361555348,1.6781391076754515,0.199918182298736,-0.112360133161232
4,-0.1026482013516509,0.283488211331682,1.4002114970371382,1.5702063877388357,-0.0139131047940337,0.6203223485941716
23,-0.3831170822049686,1.7462669264460169,1.39623494918016,1.5911156568031666,0.0622214642636769,-0.2506762158704218
49,-1.0963216237856122,0.6374808617698057,1.786953461417232,1.0904262004696657,0.2000000099925378,4.882213305535035
49,-1.070550541675266,0.7063880825721612,1.498926960923944,1.332185892390619,-0.0370383980696963,1.0086889786389952
2,-0.0158819970406063,0.269894343933175,1.911101342239652,1.3978298375121283,-0.038004762741491,0.0737681360285231
4,0.0084791768926094,0.1163571887403156,2.0486191446569304,1.1655225351336622,0.1160880783587842,0.2997767468914087
26,-0.3780675185638419,1.952425172776728,1.1655034023013453,1.4728587796254649,0.1999378835914158,-0.0204669187051481
21,-0.3839790922409219,1.6439842127261366,1.4146960462119915,1.603334122654989,0.1923120397704381,0.0962657447915572
1,0.0778772166421385,0.243050304014324,1.5963279856976609,1.5637391555847475,-0.1999531438337252,0.0453864544837761
0,-0.0111111111111109,0.1944444444444444,1.5707963267948966,1.5707963267948966,-0.1999373627620227,0.3806528055010543
49,-1.0441534451527554,0.6781133240204041,1.8642815920200688,1.1407756990020648,0.2000000099976093,4.727557044259108
48,-1.0644326913571844,0.6859831348365609,1.620577612416759,1.1601877899927389,-0.2000000099939818,0.3144368595413234
29,-0.3347213139658069,2.012687948291238,1.4159092317011694,1.2428521034860551,0.1181464793102018,0.2842989627105264
37,-0.7755846108065121,1.4670220664782418,0.8019803590308736,0.9098484838185752,-0.1999999868465354,-0.2289734575944327
19,-0.3555875910136171,1.4631772220884527,1.5638776505973675,1.7134500068845335,0.1388605666590983,-0.1141065513350541
47,-1.0360097414272926,0.7510934241536655,1.5330335478360866,1.3465656169378104,-0.200000009922705,0.3952743928240408
48,-1.0654969622010249,0.7203826944658027,1.5021396289255955,1.3451085545612145,-0.2000000099642346,0.3963483605648896
21,-0.4065913204593878,1.5864126017027649,1.497038790085588,1.627065168954265,0.1998912427114406,0.0185817269030627
23,-0.410630091925461,1.7068872118205345,1.4946044842388968,1.5838135367260628,0.1999865550761187,-0.1518604831991125
39,-0.8705571179015288,1.2720594075197462,0.7513506720450263,1.0044669213451152,-0.1999846815994675,0.0250493610778011
19,-0.3481319900617406,1.4278496023151208,1.572045006850038,1.706668707191793,0.199882524883741,-0.0537495698469924
5,0.038367886376043,0.1837450210722271,2.317765356102262,1.4772985206998883,0.1999091826834018,-0.0058790348099233
42,-0.9535371393842116,1.1270302498253466,1.01070689503846,1.2311246282923016,-0.1999999827584951,-0.026386302732127
46,-1.021541359878425,0.7671169326490658,1.359155518063579,1.3888667506521049,0.0634453260429456,0.4764545474251349
25,-0.3841962904056747,1.838729968709612,1.293175564208303,1.5282767759860367,0.1999404522612693,-0.2000014779345127
20,-0.3954575219654673,1.5946877425693795,1.4998496929791312,1.656915693098446,-0.013503978906489,0.1856361357595073
15,-0.3122925334021275,1.0266789566863346,1.6438080790129046,1.7900454432935944,0.1999749577612019,-0.0867558409565486
33,-0.5444104969774879,1.6788960793253258,1.0573404366758208,0.9154714423733952,-0.1999706720085938,-0.1594317274694545
25,-0.3621689686696856,1.8871104025910144,1.2455808437105755,1.4783542650197277,0.199946496833732,-0.0951096018137373
46,-1.0226957930538962,0.8098865204826986,1.2290807339039187,1.3534329729344592,-0.1058524687977386,0.4112063550388952
31,-0.4113277973614962,1.841498987412728,1.472401981302772,1.0366411313809678,0.2000000093586884,0.2033943183319482
29,-0.3760476979583678,2.047422895159077,1.519010123857532,1.2174410507655749,-0.1564820569638799,-0.4468981026107979
13,-0.260619458102569,0.996604214964773,1.704022311666284,1.870116251548892,0.1999351659074122,-0.1749722934421198
2,-0.0056500151005062,0.0267356964874224,1.919150785603796,1.2930658046476735,-0.0674771248764868,0.2182454510944945
0,-0.0333333333333332,0.1944444444444444,1.5707963267948966,1.5707963267948966,0.1587521129935817,0.0376993850199067
47,-1.0135735982477891,0.8710210732941384,1.0806250954654557,1.3267926974076762,-0.2000000099983807,0.4214792666423216
28,-0.3249672986865987,2.0455546549472814,1.4827483604338507,1.1771932259962778,-0.1167310010079192,-0.0468373433604097
33,-0.5252521129265724,1.6996100632159117,1.2587603824820857,0.9073868443190078,-0.1142383809391486,-0.4399600149732645
26,-0.3345266315623759,2.0440168614663943,1.247287860517042,1.37571465634288,0.142264558379383,0.342969930107119
22,-0.3860573555056645,1.7609034519753637,1.3880513096835951,1.5867471660523262,0.1804117501968136,0.0145931650737015
35,-0.6330836529159188,1.606934058133468,1.0052667424133808,0.8408430875379347,0.0555938965454979,-0.2364395677420915
47,-1.06265970521263,0.740721467526508,1.5129125277188162,1.3501555540536054,-0.2000000099448995,0.3763736010753022
27,-0.2899676424359534,2.160001319600089,1.3276314633574824,1.2977140796301585,-0.0818800461590846,0.2716154332772311
39,-0.8753221395074838,1.2652836872253648,0.7224722849812846,1.0296033160648246,-0.1999839098675089,0.1522114979068195
9,-0.0885798588140034,0.5375760811465542,2.024326213696275,1.9679741458650493,0.1999835449491082,-0.1472312124267525
9,-0.0441381423313691,0.4864726609946803,2.183859576837978,1.9178498507718005,0.1999920677331957,-0.2367162808113685
21,-0.3869755811855724,1.5639669268039194,1.4688554676857333,1.62890734564647,0.0678226908864294,-0.0384594202983011
36,-0.6444704400866413,1.5575134847188674,0.960739336037312,0.8777447680772863,-0.2000000089628059,-0.0718091715492305
43,-0.9936998891103104,0.9790621218252226,0.888110246141617,1.321997185509143,-0.1999997705168177,0.2726218437926678
14,-0.3033390015805413,0.9073423687797244,1.6876374139126875,1.87585738415404,0.1999952934985031,-0.1370194671326255
22,-0.2947992030099308,1.7497069859178318,1.3941897685315947,1.6762445458922708,0.1999810574613572,-0.1726601705871233
15,-0.1076651216316455,1.1401804348224975,1.9132405268636088,2.064600267493512,0.1999842139573306,-0.1239467727452514
12,-0.1570611585517816,0.8189471717489095,1.841578141846929,2.024665108866882,0.199970115838516,-0.1747869615425047
46,-1.029586916361224,0.7267940217247646,1.419532478847776,1.3648759522907898,0.2000000097829743,0.2822465882944531
7,0.0842105462608589,0.3458573349009708,2.101500597843204,1.5341166069661467,0.199971084157412,0.1815257311198937
33,-0.5247202864600888,1.8073667370246724,1.1873725774374346,0.9140439796698124,-0.197380100502384,-0.2200759157983855
32,-0.4566974513603307,1.7742084646525438,1.3418136509743075,0.943693952542597,-0.0752808962336988,-0.4722954694972682
31,-0.3848041805435462,1.963443110418169,1.466869824626718,1.2309610172036836,-0.199999930209119,0.1110954004649905
13,-0.0494458232923675,0.8683371817515224,2.090755040778,1.9615031125700595,0.2000000099938121,-0.0817357964249989
36,-0.6820010806486209,1.5416471567063026,0.9582818058337024,0.856546280117064,-0.1999998837409657,-0.2680145130625446
32,-0.4523925463547784,1.8322816802713704,1.4432477328666566,0.9487927169369428,-0.1994666552248624,-0.5028540811941633
40,-0.8323787018162812,1.3860773144123069,0.6761366273157492,1.0010646656388913,0.2000000099010697,0.3311136599864151
47,-1.0360997731392103,0.7556792530721472,1.5544408375487864,1.3063925051648697,-0.2000000099609925,0.1014340675204329
28,-0.3367415909290722,2.124376088713679,1.3500124747541289,1.3143399650362326,-0.199985717934984,0.0311291853273227
5,0.0112401401218689,0.1723492610535664,2.252850682535444,1.3853932019541038,0.1998257158042458,0.0384120551626327
17,-0.3132713158407554,1.2254129744174322,1.6250889052035222,1.779426327550295,0.1999836899106845,-0.0149952324638443
47,-1.0521507989739425,0.8456973080567043,1.2991470331933836,1.4129690359313851,-0.2000000099962957,0.2684463671545056
2,-0.0384476912391196,0.1622610764155621,1.8208511928704123,1.4310783670768192,-0.1999369147792556,0.2193332760873879
42,-0.8739974837255589,1.251893263753186,0.7736511966821293,0.98574859166832,-0.2000000098503813,-0.1256936212352147
48,-1.0783922424002332,0.6788942805065648,1.6392649198558669,1.250895798365404,-0.2000000099551089,0.2797467256648732
30,-0.3622433666980698,1.9996631485341367,1.5205882586089077,1.2159817155165955,-0.1999854913876219,0.054202705355325
26,-0.3737242600725641,1.9916436362150567,1.4486909034338336,1.2406534772734346,-0.0682251751976631,0.0369109120498991
10,-0.0295881455293661,0.6127714278928665,2.1453602061889985,2.0752168822377763,0.1999798803960791,-0.3727536628979003
2,0.1008617803925422,0.4037793965078546,1.8440889130022864,1.4911803509083827,0.1656313836509786,-0.3815782949455047
47,-1.033129848141792,0.7644698471401804,1.5388381486697025,1.3535709281810444,-0.2000000099443419,0.1896850173749449
43,-0.982587585071703,1.0486079850497452,0.8473401563849787,1.211618099019128,-0.200000009137428,0.0131284268838749
35,-0.6131578976889636,1.713933579513158,1.0369069660690169,0.9205512738865894,-0.1999998777565547,-0.3162353594177491
12,-0.2454718859559309,0.7731304547035661,1.6936438476049855,1.913619761542532,0.1999674089044876,-0.0597757779647716
17,-0.3078919977513856,1.2441445753329174,1.5763206066618514,1.8055424223229344,0.199991134526216,0.1274015790371975
35,-0.6058631714893493,1.6412154785965265,0.9150211835373944,0.8885129356877345,-0.1999090926523913,0.1117727698222023
3,0.0172756205725539,0.0464038819998785,1.9971397827055792,1.2593564090856884,0.0582068870276912,0.2874619952181365
40,-0.8882820692574975,1.252586289283267,0.6998029469531541,1.092553700592379,-0.1999998864895871,0.3692009285497725
0,0.0777777777777779,0.1722222222222222,1.5707963267948966,1.5707963267948966,-0.1998398960524347,0.0661424112394177
18,-0.3571830281763729,1.2977460184627072,1.5703503779625845,1.6855694019120058,0.1999604814420482,0.0789149615707606
25,-0.3947015812239369,1.8579976885783327,1.4934632452812533,1.570190668755514,-0.1807430658053183,0.4947115378530221
43,-0.9254836265793344,1.1276578027702338,1.034881226882466,1.1947653665254476,-0.2000000099611128,0.1321636503895696
0,-0.0999999999999998,0.35,1.5707963267948966,1.5707963267948966,0.1861652483164012,-0.4493625833132407
8,-0.0614319279384935,0.4428761121722653,2.1140171783652644,1.9782965111904,0.1999290111881825,-0.2804979961754065
8,-0.0587812044689318,0.3125270129436381,1.798716035732303,1.4538928207284003,0.2000000099641769,0.3831655946541081
15,-0.266593576345051,1.0347090448988552,1.7191663971778492,1.92331544977696,0.1999876871648775,-0.1861342040372872
19,-0.3727684150174069,1.49096076586509,1.5018320764091353,1.6747104545326508,0.1997918106903113,-0.2200267610419021
34,-0.5816274430515027,1.6698180466315,1.072078547030643,0.8515971224477393,-0.0717333408503046,-0.3141147269864976
22,-0.3775885043878033,1.5757308988267442,1.419347324473565,1.59695718970421,0.1999097679404977,-0.1048565726001087
48,-1.0582852737088146,0.6849929737258276,1.4022364589062075,1.2967581265068635,-0.2000000099460407,0.615028907770262
22,-0.3566112994700475,1.7707595586922311,1.3492376218226294,1.6092024866948091,0.1998738791178957,-0.1003268507745357
13,-0.1969905128488076,0.8476396014347876,1.8072589031033808,1.933449942860356,0.1999831016817534,-0.150606864968222
17,-0.3516353546611142,1.1789098115160483,1.648853980996881,1.7669687397778748,0.2000000099930483,-0.175643816901118
19,-0.3554037564084241,1.3846994855448171,1.577955008545194,1.6885722176348492,0.2000000099371545,0.1032818669014116
49,-1.0677282442173948,0.6570821155330673,2.107776046791349,1.1092711173352665,0.2000000099361609,0.4636877765499104
19,-0.3251309403434717,1.4090624061762511,1.5734980712321145,1.6865548298495627,0.2000000099934379,0.2783064247172456
14,-0.2776259379121714,0.9433226971466402,1.643941112854753,1.8386512231311216,0.1999910154767717,0.0662331767750546
20,-0.3381132369439271,1.5007311960834862,1.5466572577741484,1.6347006656144776,0.200000009621206,-0.6221090090362893
9,-0.0530469263132674,0.8120920673652413,2.1085416664001784,2.055417621073368,0.1999442020728392,-0.4083842883101398
47,-1.049495680232338,0.8658417035198971,1.2437159242716174,1.4175233432359136,-0.2000000099967251,0.3051390582768213
5,-0.0472163466416413,0.1186233978362941,2.1153844455864768,1.2193803827067975,0.1999661284881846,0.2054214449418375
22,-0.368076987620698,1.6555012246723544,1.373695227378283,1.6348295283309031,0.199883770315328,-0.0847992228164458
23,-0.3602512482253574,1.9406372292083809,1.2195786657419545,1.4485864208458088,0.1996940367990259,0.0333163942870645
5,-0.0093338822999596,0.1774267703371688,2.2363879765060286,1.4304300613750534,0.1993203532590682,0.1162445855679393
28,-0.3561459069503078,2.157734953694947,1.3019650811937191,1.3526689746107443,-0.2000000089761335,-0.1466812237934156
24,-0.3700498557698635,1.920596400112139,1.1952744061735014,1.5282789570920552,0.1995972544563552,-0.0951946640544051
2,0.0993171653366555,0.356026610794834,1.5175698521223406,1.5756254653140227,0.0269009180470459,0.588987076758531
0,0.0555555555555556,0.1722222222222222,1.5707963267948966,1.5707963267948966,0.1991419824166928,-0.1458217832254129
10,-0.152821022536525,0.560544191336613,1.827367314198289,2.039637056084072,0.199974750335485,-0.0975198219069979
5,-0.0043229304701847,0.1702241941599123,2.118207987295583,1.2287759785538817,0.1996266069851099,0.1745749370627588
16,-0.3240799572020367,1.2276798608398334,1.6379409852114062,1.7868935935022423,0.1999704078864364,-0.2703267505208676
0,-0.0777777777777776,0.3277777777777778,1.5707963267948966,1.5707963267948966,-0.178447500269946,0.1018413723937474
25,-0.3413216387027857,1.9494844735192107,1.13676738465694,1.4644595533856195,0.1999745908960518,0.2846172906506252
11,-0.1040818724421058,0.73852434379864,1.900868498781,2.0547499795703814,0.1999910555828245,-0.0338000425337396
20,-0.3542531431848376,1.5148573722281724,1.479070472082479,1.6816874086176108,0.0902664706314036,-0.0739385518629547
18,-0.3473778242283712,1.318414463193876,1.643972073644163,1.685702185605831,0.1998434073315246,-0.3275362437960669
8,0.0434880976088751,0.433431723650355,2.2443924928691725,1.8330948929058408,0.1999762764544301,-0.0491109544244971
33,-0.4902026441806472,1.7633333162175395,1.357510802396808,0.9710564425383006,-0.2000000084687306,-0.0130001534588271
13,-0.1642441809234619,0.8491334441389133,1.7999621714141707,2.01332695010998,0.1999910401694093,-0.0199231265728751
2,-0.0261596216213148,0.0355311727467775,1.9198749820378165,1.3063703534935884,0.0395379955936633,0.3029967633710168
49,-1.0732470370902998,0.690287737978558,2.048564833649669,1.1620045313872962,0.2000000098544348,0.40261252678591
3,-0.1022637531911502,0.3957309377453626,1.3318629861284572,1.5263678274250994,0.0611807971095203,0.5354815635564765
2,0.0231341467652683,0.0388706039914586,1.8912110636618475,1.3590209402202733,0.039404824464998,0.3800088021997151
16,-0.2159143294259146,1.2214364393751238,1.768982523181711,2.0095361451445126,0.1999778882360132,-0.2207748676570742
8,-0.0882660097633016,0.5958737426764524,2.090323672690664,1.9089447154974355,0.1999189841526324,-0.2580442739799803
13,-0.2599801247987198,0.8522886296875697,1.6794858978494625,1.8919363072469115,0.1999689188941555,-0.0659167553881749
9,-0.035902088623583,0.6021223944592959,2.139471923061881,2.015459161854322,0.1999869746472267,-0.2292997542788944
7,-0.008149035662394,0.3106158959237464,2.2381843412902693,1.5993051781347836,0.1999500447606754,0.0412463612819247
18,-0.3820451051818246,1.3284010267599733,1.57298564637569,1.6998091647912872,0.1933854060172838,-0.056337003481005
30,-0.378433901450311,2.032593669331532,1.2247952679779868,1.440489118742959,0.2000000097382405,0.1611298035520928
18,-0.356937013703919,1.5077544167377954,1.5167557979610304,1.6838959646423088,0.1955593179429319,0.0165721772908966
5,-0.0039239291332545,0.1179909026329775,2.329776370027337,1.53107983853962,0.1999673380741372,-0.0376456117745047
34,-0.5699827076832997,1.67853218470975,1.0858328111249445,0.8639851945565166,-0.133626231582174,-0.139421136747233
46,-1.040601914218334,0.8457884190614333,1.1013801349934678,1.3410830701815362,-0.200000009985443,0.1846948333176982
14,-0.2859420464190549,1.0239052496109624,1.6628178218987326,1.8289882585037924,0.1999733516491655,-0.0628269189412724
47,-1.0676988488719177,0.7469334751392054,1.5158661800113062,1.3556621562233415,-0.2000000099439368,0.1882159762594688
23,-0.3860758182978742,1.703221324830695,1.4119981239226205,1.5734544501914212,0.199228470043096,-0.1415043018637105
3,-0.0775252661829266,0.2652523150112928,1.622508411356483,1.557505728218162,-0.0120223064542506,0.4415921823636381
31,-0.3676845926585324,1.9600423658385056,1.455920578041349,1.0776439839721286,-0.1999715139827207,-0.1249328013880254
35,-0.6866103219974613,1.5786211491214257,0.8548944341626505,0.7928228998436851,-0.2000000096740813,-0.1696888767454912
0,0.0555555555555556,0.2611111111111111,1.5707963267948966,1.5707963267948966,0.091965728629675,-0.1331491849660512
7,0.0022970044314152,0.2765971832177639,2.303946686038051,1.8284911879049468,0.1999965876396078,-0.3313080712480681
2,-0.0800416368975044,0.2397139897780883,1.6638552382360885,1.5167643399884323,-0.1999278068196133,0.3904778686860892
20,-0.3654630191881489,1.5493831792035349,1.5042666802790503,1.661131365994051,0.0007688389591557,-0.0071399744655119
0,0.0555555555555556,0.3055555555555556,1.5707963267948966,1.5707963267948966,0.1093553748611031,-0.2786924058867549
42,-0.9388008443507329,1.11248088686877,0.867945977547441,1.1917857057007648,-0.1999999770661584,0.3039319181481541
16,-0.2613698622595078,1.141607433551871,1.683786648958642,1.888445948122063,0.1999678830722291,-0.1234989810086809
9,-0.0692058923234001,0.5435931545435924,2.02487717754818,2.093624093636874,0.1999400891548711,-0.3200243415585408
3,0.0223593976836838,0.0606313154522942,2.1074802140381674,1.2652674403486808,0.0474103766272406,0.2161643904421415
40,-0.8956982513284042,1.2865072176931394,0.6525847898030981,1.1159356271264196,-0.1999998965443498,0.1994953777906678
5,-0.0953067443910288,0.3505224315735332,2.0162719982352595,1.5148455318604872,-0.0861570252152095,0.1812549808426744
33,-0.5063171496314549,1.8582143031482223,1.3440402607109885,0.9605204706942894,-0.1999999415889096,-0.5234296715071114
42,-0.9776375568270116,1.0268763598942052,0.9557783651530176,1.2756369943047243,-0.1999997706379334,0.0916162299556655
18,-0.3449794026544232,1.4141175208369363,1.6142833904608165,1.7053064140634344,0.1993171212856345,-0.1426588778315434
19,-0.373082820806712,1.5946604799749673,1.4901541444149355,1.659372845609572,0.148645997533269,-0.2368343319173531
5,0.0648781446872646,0.4213217495673168,2.2893422777440886,1.53982184424554,0.1998247455623132,0.092238041202989
24,-0.3822470687829133,1.8570988667181605,1.3254221054401736,1.5433609292026929,0.0463173613747459,-0.2130384649349329
45,-1.0030794610550833,0.897561425973015,1.1216347544130425,1.3380774415949903,-0.172108146731536,0.392050145824092
7,0.0186104033355378,0.2425562210514312,2.336507090428148,1.5478560599776627,0.2000000099941102,-0.5214640437406096
1,0.1002246503586199,0.3071151898424954,1.6338122795012335,1.5530255320833928,-0.1994708578904861,-0.0779912649678441
48,-1.0474327570801412,0.7301458118072112,1.3024708340552191,1.3275415332622909,-0.200000009966792,0.5962276191323435
36,-0.7704286131479307,1.5002005610428484,0.7632948132839541,0.8084928381513897,-0.2000000099649371,-0.1296371177836931
15,-0.3141265155918656,1.0261465638441631,1.6340324801394563,1.7723409758456667,0.1999735138310642,-0.0646366989896339
18,-0.3696334914824617,1.3141438439453934,1.613137480863605,1.7160503633037203,0.1998312591509455,-0.0046939264148217
15,-0.2785723434663515,1.086452301598347,1.686455081625413,1.82927239797114,0.1999916722045052,-0.1076530394747619
9,-0.0929381158510219,0.4823623556376585,2.158137366078865,1.6071299784811992,0.1999910410489187,-0.0593262268071565
20,-0.3728136746716876,1.5500010272529616,1.4868398858841996,1.6516652112849346,0.0828038930808464,-0.1201171014199977
23,-0.394364235146222,1.7879772277206298,1.4901556810971837,1.5877457949465554,0.2000000043467646,-0.5156997005360335
35,-0.5448319038874625,1.6882231983929017,1.1267858939853053,0.9347093935837912,-0.1999999792048299,-0.0292783380161638
1,-0.0778680301791969,0.2311479975445681,1.553271577754293,1.5752652586560858,-0.1999502606263322,0.3830310845164527
2,0.0528326876482613,0.2795028507815932,1.7852417985585074,1.4671683370720785,-0.1996680104588581,0.2315173392274996
26,-0.3701980837051063,2.0228622644438894,1.223683868595634,1.4507090803834306,-0.1999893651129263,-0.228067663532227
20,-0.3836192969759962,1.5438443351948157,1.4773254367199282,1.6420417829492562,0.0528253587202211,-0.0182047495530414
9,-0.1028663744974824,0.5254552901470492,1.99248781563856,2.0057884407829247,0.1999321901099996,-0.2843691229762207
21,-0.3435673779789552,1.5697601604613003,1.5009920197215418,1.623513069811202,0.1999545792589709,-0.022351466687715
25,-0.3755197729617277,1.874377475213884,1.2545592794802527,1.5157405283997216,0.1998839922212175,-0.1757798470719723
23,-0.4152798150618663,1.689886163564709,1.4264977733280997,1.6029024692247538,0.1076474929383283,-0.1397751733553893
3,-0.0040042922939124,0.1155149923813431,2.0137368897583823,1.2632707036324933,-0.0019907572213549,0.1350045749748542
41,-0.9356339300305712,1.2631180986044446,0.7693096185710768,1.1233450362239643,-0.2000000093510253,-0.034463390334963
37,-0.753529824823989,1.5070687230679318,0.800276962169681,0.8127784692548985,-0.2000000097941082,-0.1553470729422482
44,-0.908134344791688,1.1628387132067723,0.8357505212214331,1.0672398528008409,-0.2000000099879209,-0.0930290757824418
48,-1.0719442468205655,0.6970018016899318,1.6452162014928202,1.275753153830843,-0.2000000099727875,0.2618727249497384
30,-0.3727449345800551,2.01262587175838,1.3446553210404255,1.2987936598150325,0.0067942912437725,0.3162252084047404
20,-0.3429362201114184,1.6164939555768707,1.455479540922914,1.708392822508461,0.0150762709905863,-0.0092631494196069
39,-0.8603860363470663,1.3811108506118073,0.6727739880469183,0.9253078014980484,-0.1445141967634055,-0.2070259241112463
41,-0.9140525620309312,1.1858808505515035,0.7034938457098345,1.1264624718768057,-0.1999999624962622,0.3988338955108251
39,-0.7791625929015504,1.439661281981116,0.8667732972085294,0.8724685715193613,-0.2000000059582916,-0.3133177965184957
29,-0.3567190282888237,1.949003203891056,1.4579832638290269,1.1779448221810975,-0.073070294695787,0.0706108223058485
19,-0.3728452124250413,1.511948843034056,1.4204233453086332,1.6554309399033948,0.199774318641731,-0.1809694138444273
0,-0.0555555555555554,0.2388888888888888,1.5707963267948966,1.5707963267948966,-0.1999401343965987,0.4580140345852546
20,-0.3788927946980172,1.568165487356152,1.5009280639376978,1.6607174751209104,0.0660505604601725,-0.0360702160376183
5,-0.0079537810690355,0.1645809384965209,2.2372512529280524,1.4740303230003473,0.1999663246549841,0.1128391643116036
6,-0.0302914026108488,0.2450082478614661,2.2599280598249774,1.7049669997343917,0.19995632201492,-0.0873573805964494
38,-0.7745316593620871,1.489783428954842,0.8844263898816447,0.9119821277752808,-0.1999998845558188,-0.2863328621804286
24,-0.3889507482964384,1.7881473771211571,1.362438139566455,1.5400883018953426,0.1998393594690929,-0.1579915612212682
24,-0.36626619347104,1.849116032448361,1.3002438464666648,1.4768712910924064,0.1998605268118459,-0.0428365741605504
42,-0.9748453267931826,1.1868485984043722,0.7291023070600371,1.20706709757644,-0.2000000097619816,0.1427319711701739
43,-0.9623629782989476,1.05786161246124,0.842548263320003,1.277844427293638,-0.0085014666217351,0.366817690504649
42,-0.896056293406316,1.3226589164432097,0.830918894210134,1.0559186934055245,-0.2000000099197963,-0.1117518411026444
48,-1.0691211632863422,0.6735500076720328,1.3884959167955553,1.3183950180111406,-0.2000000099101761,0.5215889210161686
2,0.0313388584621728,0.1225274131016549,1.81324023852614,1.464873010604557,0.0368389648613804,0.4566631818022048
28,-0.3076799191018632,2.0781747858615542,1.2376211705293994,1.3517183354984112,0.1999999781428734,0.3877788918331971
3,-0.0006529733829309,0.0612418733019121,2.0218052128937583,1.281519218416061,0.0325206528475585,0.2550954856842071
4,-0.0275516456352645,0.1025654586602746,2.103476175167833,1.230662115518846,0.1229285280308993,0.2283027698423204
18,-0.3663697158606921,1.3492497531732095,1.588856761404548,1.6836648176329454,0.199647115461556,-0.2138916453620586
49,-1.0407413342246512,0.7531148178624428,1.257949209832821,1.3444378800077472,-0.200000009946637,1.5336612184910687
19,-0.3382752782443214,1.3823017330689775,1.5276153134789805,1.6764665429294987,0.2000000099460515,0.3527436714277026
26,-0.2947753145155118,2.0365572994602514,1.180971228578363,1.4543838395137014,0.1999946956067596,0.1663820653808217
8,-0.0984253847268333,0.4498350240410266,1.6091198931124548,1.5474501179105538,0.1998743063021436,0.5179249920388511
26,-0.3337987757112096,2.111049378104977,1.397105717160974,1.3227397040223143,-0.1999975408908127,-0.1372993462010977
25,-0.3862291415616505,1.834349031490256,1.294276182600532,1.5291491048199444,0.1999687260866556,-0.1782662991950887
41,-0.9531039385264184,1.1555555652697838,0.7173123402931202,1.292784085282797,-0.1999998703852971,0.6092884188474709
9,-0.1005599321267559,0.6310256463353975,2.034645961472461,1.9687344364071984,0.1999133053348538,-0.3298755608822386
26,-0.3494524826441248,1.989391621266324,1.1942603616651637,1.4164737821051276,0.1999402201824414,0.2224152806169725
26,-0.3277845009445697,1.967900405091104,1.224077251800571,1.4168957203760515,0.199999293775565,0.1206327409014587
1,-0.055969180619406,0.286334746925072,1.69179962674645,1.5250735808592086,-0.199783299808891,0.306100170621186
31,-0.4079052022282096,1.9173230302398352,1.522562484410007,1.093359348541978,-0.199947523877864,-0.1601979674432047
0,0.0333333333333334,0.2611111111111111,1.5707963267948966,1.5707963267948966,-0.1999421749747252,0.3726202475038699
42,-0.8613651791958284,1.2374289354047383,0.8864103640106062,1.0082395101677823,-0.2000000098077033,-0.0430828992785385
8,0.0009781787877448,0.4761626920260493,2.2322084801879267,2.010968697955065,0.1999650594370928,-0.244358350009316
2,0.0997307361004728,0.405792320371572,1.565249093869005,1.567947179497056,0.0532163595277825,-0.3353809532834852
34,-0.5796443110210229,1.6935697586761975,1.1422797613540392,0.8675901860402392,-0.1999956023581107,-0.2821304594398452
47,-1.0508495540284182,0.7991100890128816,1.343206365653549,1.4077809050625694,-0.2000000099134909,0.2521096221472557
16,-0.3179902746517759,1.0682918909619716,1.7306907261398177,1.9058695241515489,0.2000000099665471,-0.2583612455174194
18,-0.3176875844117714,1.3347818288062316,1.5862623984601836,1.7061526478619686,0.19999313604695,0.2047858499078761
27,-0.2996963719276414,2.122685842598,1.2501801821079592,1.322009960831784,0.0036558016612181,0.3619928950951334
30,-0.3876012198724156,2.0645203051908863,1.5008435445514063,1.240175339006313,-0.2000000097797818,-0.4419666108708402
25,-0.3369416502869892,2.106267538402943,1.290581070878778,1.340214368862564,-0.0624789932724644,0.2347560496057057
43,-0.9965246064576,0.9595318902291164,1.1762199277393717,1.3385173087345412,-0.1999999381896699,-0.0190053266811269
23,-0.411357367968151,1.7012173979931045,1.4941260452058651,1.5713590713817491,0.1999535466014682,-0.1471954629567632
12,-0.2310991667907466,0.8881688616214618,1.731113531687532,1.919764799815076,0.1999854564014016,-0.0992153718971032
33,-0.5108084557787378,1.70074013249591,1.1638351241734366,0.905031779108128,0.1525420575598257,-0.3229148395633174
34,-0.5575526057868052,1.6548255757772048,1.0748518976059298,0.8857636405385005,0.1999999929530899,0.0059417944068595
15,-0.3217186387760087,1.059208047085228,1.6268037733744918,1.7583131450264726,0.1999876879420555,-0.0655264290046489
1,0.077755042124076,0.2867535270279236,1.5648085559394698,1.5724605734964368,0.1163367909526837,-0.2921968858005135
31,-0.4131583089262058,1.845163696047444,1.4379070150342326,1.020828267884903,-0.2000000076135401,0.0504165612493339
22,-0.3833308531365344,1.7161137767063812,1.3729995107885935,1.5734647887912332,0.1527807792917823,-0.0342951504039093
0,0.0777777777777779,0.35,1.5707963267948966,1.5707963267948966,0.1440783705221283,-0.4107504781903857
24,-0.3849924470258159,1.8151476175856127,1.330937904366527,1.5382258151801609,0.1997432904907718,-0.1185398862733838
1,-0.0132018179657278,0.0936191469959173,1.7497170577433447,1.4867541042789365,-0.0242906599229115,0.4000791204587314
13,-0.2526925846470051,0.8748027816548339,1.7143634344127516,1.898725750019692,0.1999898249893997,-0.0918372280607156
38,-0.7677338226262668,1.4642961961944825,0.7853922994176226,0.8819410348259364,-0.1999999122875118,0.0290079589909009
31,-0.4077803667259598,1.809752334457428,1.4990932969984154,1.5773303311776137,-0.1337803937376444,0.3085561444608062
7,-0.0358805471427055,0.4140705852243875,2.2032724703338484,1.765286267561639,0.1999060418308018,-0.0836559931049874
46,-1.0173899182289403,0.7902506786124803,1.32059579069284,1.39354427239999,-0.0272720909676085,0.5057892699586503
15,-0.2616103200352314,1.0785241058044317,1.652771365889583,1.861609956933848,0.1999773866697869,0.1017774574092224
0,0.1000000000000001,0.2833333333333333,1.5707963267948966,1.5707963267948966,0.12651627597895,-0.3828280666923332
23,-0.350116519978892,1.7327247581940783,1.3504371205952506,1.5823256509321195,0.199974827979382,-0.1106615692487388
14,-0.2930654158157119,1.1235180985067386,1.680218936004911,1.827155507053164,0.1999661635501244,-0.1765409701782048
44,-0.9871130431275376,0.9590680782377892,1.0095199915256838,1.3604926043391752,0.0912487882662713,0.3633544333875942
9,-0.0340729934972309,0.5253483562301907,2.1474633599307875,1.957458341774692,0.1999739324942788,-0.1624571902456883
26,-0.3762160970544103,1.9700499122719093,1.143408934890922,1.480550073884162,0.1999374203219078,0.0066736848806264
30,-0.3822909291965935,1.9867228738621048,1.4676129157331328,1.2146268718679862,-0.1999680145831153,0.0843847567755464
20,-0.336982684804359,1.4972691069286086,1.5404618578639369,1.654090089625068,0.1999984592569076,-0.4903587252321906
22,-0.3468827784665493,1.6556819986083435,1.4075417230513434,1.6003561727793227,0.1999460363843393,-0.1382693819155176
10,-0.1642752807354087,0.5532463940220563,1.8447264205981548,1.9654792795455047,0.199988800296637,-0.0945645438647719
18,-0.3521061376484193,1.4003624281817049,1.5661960738387446,1.73389929548902,0.1999077269499971,-0.0085193946169071
32,-0.4479730272980965,1.862635440327796,1.4135734293777205,1.0260870985777473,-0.199999869414993,-0.4566308564430336
4,-0.0675075498785623,0.1682043964510977,2.017466933527265,1.2856501153583193,-0.0037345848297899,0.1786964445498487
23,-0.3979203205176296,1.7475178031633585,1.492837102213178,1.6158182275222448,0.2000000095744866,-0.280533894943197
24,-0.3360889897205812,1.7719101193014912,1.3325481909003596,1.5505658487926888,0.1999900046989788,-0.3243396580893902
9,0.03500816086536,0.4277715714471702,2.2164287912335734,1.874963230678676,0.2000000099530968,-0.4221576059123891
8,-0.0237158660189278,0.441516552934363,2.2216551241296294,1.925108512877076,0.199985916541894,-0.2246770856575465
0,0.0333333333333334,0.2611111111111111,1.5707963267948966,1.5707963267948966,-0.1999421749747252,0.3726202475038699
29,-0.3599163523451956,2.038597889801365,1.3750292668726782,1.2902038349081288,-0.1350066187544585,0.2550388736343221
4,0.0075662059527211,0.0719240701459727,2.170613140859876,1.311781937688019,0.1999163569586292,0.2051219967955109
16,-0.3441431388201681,1.1586327108677528,1.5992279330253896,1.712371542551136,0.1999563523238367,-0.0808827420619528
23,-0.3601902415506702,1.7410399097672011,1.431438745747068,1.6583491568141375,0.0945573229780473,-0.4024624225831774
18,-0.3218992962410935,1.2934685439883808,1.5864599096265175,1.679310249687163,0.2000000099670859,0.2275126228094726
43,-0.9978351219246916,0.94470859408793,1.044208905720387,1.3228327416189658,-0.1999999899923297,0.1566782637338666
37,-0.719271739693599,1.55628261421624,0.939146858700786,0.8901945296908182,-0.1999998913370674,-0.3214829781789166
39,-0.826908695241762,1.3470868615990952,0.7520808960622669,0.95654719398221,0.2000000097407531,0.2352524649019804
47,-1.038309562786711,0.6921361112458647,1.6389258178558688,1.2675556487141852,-0.1213433304157085,0.3326295373620915
48,-1.0383734478076192,0.6921904082398158,1.6238644132998328,1.270928831062181,-0.2000000099462144,0.2826531823382996
23,-0.3497201341956266,1.765334907344406,1.3374778004970889,1.5767357227588137,0.1999239291989241,-0.0979861441729272
0,-0.0777777777777776,0.1722222222222222,1.5707963267948966,1.5707963267948966,0.1999327429187181,-0.1437248075601391
36,-0.6778643162341832,1.5458482810572958,0.9272934970523354,0.9350505208408814,-0.199999919647792,-0.1182183876865076
10,-0.0259360076029561,0.6082699320102962,2.110702329376016,2.034184067332137,0.1999792465229587,-0.1356155792616276
22,-0.3594347635998035,1.6852964366859664,1.3457475277271609,1.6159915409956247,0.1998500596756826,-0.0722326474790962
20,-0.3385397392845392,1.4869960460693272,1.5448291609671454,1.6396015273664597,0.2000000096671575,-0.6206574203086559
36,-0.7257810576983067,1.4644107680571936,0.9006315293398242,0.8717806065970274,-0.1999999821921454,-0.0091390491181813
9,-0.0450470961307478,0.5876130148379772,2.0669230381634573,2.10417345949722,0.1999639042864233,-0.2572667410894504
9,-0.1126515929086222,0.4936121680541459,1.9079564532259137,2.061548575583452,0.1999890087413454,-0.1281774117131005
3,-0.0285413353743043,0.2011094479771379,2.021383390822683,1.2335809514203333,0.1995408389477195,0.1385154191877337
0,0.0555555555555556,0.1722222222222222,1.5707963267948966,1.5707963267948966,0.1991419824164819,-0.1458217832139876
29,-0.3493826476741488,2.071123072397294,1.3551740302380662,1.318267573855856,-0.1819251245088918,0.3111341998647916
37,-0.7392401380930793,1.541343048502077,0.8966587084021906,0.8844805310020264,-0.1999998857546344,-0.3169414253371982
5,-0.0782831031026223,0.2753826137602204,1.5584693672743182,1.566546868848324,0.1419996151724298,0.5398285608212557
43,-0.97194676595411,1.1706583134411843,0.8548425930228571,1.2143723483401476,-0.2000000099552404,0.0554393531724654
20,-0.2770872077604201,1.5884499631554765,1.636360223465834,1.886754891899608,0.1345927872858158,-0.0784030053188689
11,-0.1920544714750043,0.6452625303855245,1.7556601213898997,1.996358354032869,0.1999806838183093,-0.0437638296194758
32,-0.4115063630501714,1.8450747403781995,1.475203034528766,1.0432750623534763,-0.2000000084438032,0.0184415994078514
47,-1.0635013532423214,0.7362537801104496,1.510783270993505,1.3493473939484697,-0.2000000099437575,0.4185959369015301
31,-0.4302552281663643,1.8771721523829583,1.4641476991262774,1.0811461530547353,-0.1999734787730087,-0.2233173136347628
3,-0.051049147836325,0.0147816745700574,2.017901540794645,1.2372975028051596,0.0615029113426666,0.2529075561469096
43,-0.96136152660013,1.0632161765944517,0.8381557139244418,1.2751771908590406,-0.0323710673349878,0.3755006810701635
8,-0.0246268204458635,0.4115110201283197,2.1988457525756697,1.9993418830327745,0.1999558753429786,-0.3163977680812624
30,-0.3682284129973798,2.026912545976152,1.3451850014415123,1.3028588325973645,-0.1999999200445486,0.2768718472655747
43,-0.9622133784057092,1.058508722192646,0.841580000766788,1.2773066532735668,-0.0113654020454192,0.3679007609380184
29,-0.3851230422561464,2.0809923634902394,1.2386054332044465,1.4097229033455767,-0.2000000090384817,0.2131441556079936
6,-0.0072437751302662,0.1995774321268669,2.2734539332476,1.5035450046564978,0.1999899455807571,-0.0425101346673584
6,0.0637566435117789,0.4273239070247778,2.24984381447104,1.5552261956831377,0.1999432544710863,-0.026816604614236
38,-0.7859307319597545,1.376484486634006,0.8298789719727377,0.8789784312208727,-0.2000000090859171,0.0105496914582133
14,-0.2740783194777388,1.020497536403118,1.691539931171809,1.8630145024556928,0.1999880803318559,-0.0872255844834839
3,-0.0505242917478475,0.0600520298735617,2.0036818842079978,1.2420468116241885,0.0491402433897798,0.2256747144749883
20,-0.3763873295945564,1.504085786471817,1.3901350235170185,1.629300558282347,0.0463592451953477,0.0710048934221026
23,-0.3618141987561973,1.8568740827241617,1.3633000339057784,1.6176470771833424,0.1112885952901772,-0.1382381742722274
30,-0.3828215722676351,1.989042706506436,1.462763368212853,1.2203515998382513,-0.1999680366989483,0.0953557387325757
11,-0.1659709035142525,0.7054953436978832,1.8385773944344856,1.9774807123600944,0.1999878508565569,-0.1150407806626017
5,-0.0695631543947761,0.1587421478051417,2.062146537997995,1.2489051677762744,0.1462287146400163,0.2013108527907087
31,-0.4071401668445079,1.8500292219926424,1.510372138642941,1.5513884426670588,-0.2000000099416175,0.2671606955900402
32,-0.4302978409792711,1.842094592625908,1.4641397996481995,1.1511428543423343,-0.1999999862151965,0.0016771049395765
6,0.0619168959782371,0.1861961123264007,2.238972582915101,1.5272084992129245,0.2000000099552816,-0.4332453551767365
27,-0.3306753178806068,2.073921606986396,1.2825982178465405,1.3526854761619036,0.0210260749095932,0.389271444528443
12,-0.1469175838046957,0.6778844276689862,1.956289687254701,2.109664798207288,0.2000000099966931,-0.3657115953647503
3,-0.0349286080310062,0.1196669049730141,1.968917624154363,1.2092087673339436,0.0449541447244179,0.1664564408075478
18,-0.3566558651509355,1.4119949169890322,1.5522232363608222,1.7238828488240432,0.1996770538858168,-0.0311818535029643
19,-0.4003243925160576,1.3944252446975298,1.5540845478561265,1.6737858075413856,0.1998073344481919,-0.0281430920014478
27,-0.3417216101394918,2.1205323350932828,1.328069896497999,1.323169245963327,-0.191723166160177,0.0913243618547768
39,-0.9071043374389955,1.2938245349815138,0.6877032404939338,0.9166099007820652,-0.2000000098631554,-0.2474709157100396
18,-0.376576429590981,1.4051828493235743,1.5747761773553233,1.7210303068489088,0.1728410556265394,-0.1017819129896253
12,-0.2110537591422021,0.8813392467089813,1.7588843973961217,1.978168284219332,0.1999780182147125,-0.1618914811228189
49,-1.0951715084435985,0.6163765530639285,1.7742348375986086,0.953093461220386,0.2000000099755425,0.6667362073077004
14,-0.2351773842765139,0.9519342009060666,1.721523148068462,1.9255213948068497,0.1999414394395892,-0.135078607017854
46,-1.014831826380767,0.8054998187423317,1.2991942288961749,1.3983781907541284,-0.0887383405461354,0.5377832501038643
24,-0.3497615119576879,1.7801515153700098,1.3142812559988837,1.5056531380673943,0.1999791282108671,-0.1943934578728469
48,-1.081735787193494,0.6613498636580291,1.755431736880217,1.042070861863522,-0.0849293019961833,0.1488294778135672
36,-0.6219817401627931,1.5711662316013304,0.9775497513499598,0.8632448668541193,0.2000000084346204,-0.0534499428054489
46,-1.0180645158545432,0.8322365389599524,1.3955547775612298,1.3832143158921906,-0.2000000099295636,0.3301884614860945
47,-1.0395914463260376,0.7466880240263073,1.3934035811631325,1.3137118920130455,-0.2000000099440189,0.4002645583344743
49,-1.0817092551271128,0.660601262662069,1.7723675317925536,0.9907996148115412,0.2000000099673284,0.6365749555356921
7,-0.0759566747879944,0.2873334064381501,2.157971762842372,1.8770361171451928,0.1997995365073055,-0.3200631234675937
40,-0.941934281771176,1.2605661055465411,0.6723418059435229,1.0982044509210034,-0.2000000098196631,-0.0530440781423861
35,-0.6410542148626776,1.587749432926807,0.9837297885763744,0.8588287840578407,-0.1056175588761001,-0.2061376187682456
43,-0.9412471585391392,1.1212233928407134,0.7537544789400439,1.2110765488530186,-0.2000000017471557,0.4510523601356174
13,-0.1990672848327788,0.90455019214087,1.8447206477311,1.970094087004052,0.1999794715488071,-0.2800141960407594
2,-0.0798855334758129,0.4573211632771503,1.3796134800517486,1.590122916098353,0.1144221213382168,0.4519465898541407
5,0.0793421459858418,0.1368279455107554,1.8999071310458628,1.4822474414198914,0.1999422345429732,0.2784510218199137
7,-0.0327430703616089,0.2746704971010908,2.254430581876312,1.7352348243459077,0.1999928028429385,-0.1348698421964007
43,-0.9849243481361152,1.0403380569224645,1.1254764465878273,1.3669078584539067,-0.1999995840375491,-0.0097574331227585
4,0.0776537586265556,0.3952346439937254,1.5592551017787797,1.5714498261338534,-0.1283120645380371,0.3871763047478114
39,-0.8482183231527345,1.400712331571354,0.6790406788375716,0.9026133546819572,-0.2000000099323806,-0.1731035688281166
3,0.077268106045709,0.3095298889018594,1.5345257269826271,1.5734464882721837,-0.1998139378149364,0.2217914755944547
40,-0.9143876512035172,1.3023526599823527,0.7707444700088839,1.0788923475483947,0.114301444156793,0.1040018706364413
48,-1.0564911504137082,0.6794589345941077,1.6048815572299584,1.240170367233298,-0.200000009947214,0.2965031080932288
38,-0.7790260999202836,1.4878379988257215,0.8844789015736918,0.916592638958022,-0.1999998844567409,-0.2856395813139023
3,-0.1014657165875914,0.4013213657163734,1.5374307859979215,1.4510391685670732,-0.1599049796394956,0.3481686236466761
41,-0.7661387753902348,1.3945713737143162,0.8724818742510418,0.8859898971085491,-0.2000000098065361,0.031972091440286
13,-0.2557511523321968,0.8632091220544986,1.7161138067629675,1.8916384617497344,0.1999647079255575,-0.088960205870876
6,-0.0490999395488219,0.3706475770196409,2.174483061828885,1.6270304429397957,0.1999188356943795,0.0995269483270268
37,-0.7579982434701196,1.4264227498998456,0.8575217212226729,0.9378132810878974,0.2000000099685401,0.0547620495752446
7,0.0609397899627075,0.3815707608252535,2.24898494879273,1.66159650008033,0.1999561072109852,0.0447604990509812
13,-0.2605315432352413,0.8607658426457307,1.713344738879476,1.880943686105244,0.1999742209194178,-0.0875418610794256
40,-0.8791328799452749,1.2466751931722655,0.703828495987926,1.0215093761364866,-0.1999999415807798,0.207766260397984
21,-0.3433607794805566,1.566050088679464,1.5010995427754263,1.626918083081805,0.1463275866387411,-0.1160060637891762
42,-0.97435226268975,1.0667547092746463,0.821052230024014,1.1803929530937096,-0.2000000097651231,-0.0626186440960149
49,-1.0285330596719096,0.759212841317144,2.429705989607845,1.3367679777548165,0.2000000099772374,3.596708247613262
22,-0.3740899534542857,1.69582696499157,1.4168826388802866,1.6287080336130633,0.0516130613679291,-0.096322121115874
30,-0.3765990119997859,1.988727650204353,1.4488949934628348,1.240588935650807,-0.1685875724281744,0.1836743864402035
35,-0.595424754195523,1.6120167980436084,0.9852809096362928,0.9485404600518664,-0.1999999332775837,0.1178258467992348
27,-0.3184548555599403,2.065635791250323,1.2203053394940238,1.3365935350295768,0.1768572213146007,0.3927778499830047
41,-0.902860675664662,1.2627758234880138,0.7610046006103339,1.0334169527604202,-0.2000000093946422,-0.1304085421659686
47,-1.029376393753448,0.7279006089000116,1.417374470331941,1.3662124645604663,-0.159062057374395,0.6653141589381516
19,-0.3606737763021063,1.4254458207416956,1.572090388336454,1.7022822525447323,0.033722966031705,-0.0317644970462176
47,-1.0491240754432576,0.8659603032037337,1.2555957371976714,1.4216512757987514,-0.20000000999672,0.2972950856795792
42,-0.9144622265506454,1.1839908817465503,0.6940119797971587,1.1249832875775074,-0.1999999525049077,0.3637859025390172
14,-0.2767843669712609,1.0289285723368602,1.6798813762750964,1.8758148406122783,0.1999716911438227,-0.0892756890129488
27,-0.3010533685060511,2.110864604604684,1.488714146312087,1.2965007130015282,-0.1999496094701812,0.0632735829125457
49,-1.0552097293122202,0.6974242795795399,1.5786010018226246,1.1899135706246204,0.194884653714022,1.0822647316741056
26,-0.3098850305149543,2.0875356136806222,1.2030578340080125,1.346652799793392,0.0591493393139908,0.388541178700795
12,0.0599218392881941,0.7137862766769072,2.0687030079450945,1.820080533677396,0.2000000099784002,0.0127770234345444
41,-0.9404730726361894,1.1151374894044612,0.9235473858780824,1.1411781568336494,-0.199999198968744,-0.1138286991624472
23,-0.3828837935837041,1.6634421070449024,1.4318415290352444,1.5943705823675165,0.1983206775492755,-0.213733544478823
14,-0.079106948669575,1.0343726342975563,2.0114130126920085,2.080508974283408,0.1997132681989398,-0.3173186062494252
40,-0.894742774265729,1.2311422371970628,0.6980985707568274,1.106059976429265,-0.1999999030930283,0.385200476745415
6,-0.0085786610412777,0.2250171793817641,2.2299493561175208,1.6921912705048343,0.1999312770431726,-0.0106561582672367
26,-0.3753986888111581,2.037789631547396,1.2233949090030531,1.435088044578691,-0.1999955417799287,-0.2365983592866858
36,-0.634233763611876,1.593276491648215,0.9707985437151532,0.920299769596272,-0.1999999235995305,0.0872372665381511
2,0.078335745361944,0.2623993067237428,1.660448593148265,1.5496708253757192,-0.199952937060475,0.0751911377587878
5,0.0350223353450842,0.1817763268930971,2.202711717286382,1.424875495769678,0.1996620588749928,0.1046016361905826
20,-0.3232833599246071,1.4334739660194242,1.529679370173488,1.7207196270035563,0.2000000099510805,-0.056297679409764
1,-0.0155783743162244,0.232310179320314,1.7653433864751609,1.458955445038915,-0.1465588167390467,0.2073805233440976
11,-0.1512757725675561,0.6597411253288173,1.8430311615255217,1.956256606027064,0.1999923400599647,0.0023589759820135
11,-0.1882289245169018,0.629587007128321,1.8212370677527527,2.053736604744711,0.2000000099928968,-0.3036378883836658
42,-0.95399637603036,1.1185988418167014,0.8662997397730909,1.172158562266557,-0.2000000021851286,-0.079949828497188
9,-0.0384621649708303,0.5113653258669835,2.142178361364876,1.890562168200876,0.1999908206697249,-0.1065814274382627
12,-0.212989501520172,0.832069612183461,1.7645960497346262,1.979403474378993,0.1999221421782013,-0.2911661279593031
17,-0.3475395324765684,1.227047047033348,1.5982165123012404,1.70521937645661,0.199972428579332,0.0019555266528283
29,-0.3516716396054455,1.9955010421776,1.4496722231295447,1.1205970345284846,-0.0838250147305947,-0.0048055601580948
0,0.0333333333333334,0.2833333333333333,1.5707963267948966,1.5707963267948966,-0.199758804513895,0.2845145501032434
8,-0.0946153230200273,0.3738616726521945,2.024375748881374,1.5311770075332,0.199969924034046,0.1464884875234834
15,-0.309951344435991,1.1329339176367392,1.6665012064066271,1.7954421227969328,0.1999791793302151,-0.101289578818494
24,-0.383273898951492,1.8274322749235823,1.3425616594639165,1.5535993865031863,0.1999359929442915,-0.1772595850509219
21,-0.3283201222278442,1.5258135889803015,1.4811912226167063,1.6543632328356626,0.1999978416759749,-0.1636122191831459
30,-0.3695438802048902,2.0257091214209386,1.356353492536817,1.2970311701767314,-0.1999992514229409,0.2603614568002004
18,-0.3258412437243747,1.355287224772134,1.584442419060741,1.6717933055101049,0.1999504486115244,0.047808253791185
0,-0.0999999999999998,0.2833333333333333,1.5707963267948966,1.5707963267948966,-0.0185437722467093,-0.0478809998652313
36,-0.658949570919614,1.641082115101946,0.9420118826117854,0.913142942760358,-0.1999999172603948,-0.2399517868879801
39,-0.8476518803220814,1.311830231847913,0.7324604002318823,0.9880092943794644,-0.1999998800487593,-0.0687236589501094
6,-0.0945262682355426,0.2300072877351393,2.1916391286670107,1.5433452553587623,0.1992809227501753,-0.015359723648659
7,-0.0771890926582393,0.3458515566348336,1.6763072135534625,1.5395935892333257,0.1994839327753635,0.4907413634352842
43,-0.965001815918656,1.0479321736776612,0.8595451871540885,1.2877799433372406,0.034691726633923,0.3499527032133827
15,-0.2544878632154368,1.0541577725289897,1.6501349410189745,1.9110897404888687,0.1999716754723133,0.0705550726645467
20,-0.3243527462671177,1.4682609254542636,1.512665850171123,1.7121344054630463,0.2000000095320871,-0.5851944812706084
33,-0.5816507007949149,1.65351081760015,1.0806948850539069,0.8994128428070212,-0.1999292761131777,-0.157483482105187
7,0.0084924277685483,0.3196030825928673,2.289453624192564,1.7612224497186824,0.1999837357131212,-0.1012930858403313
0,0.0777777777777779,0.2166666666666666,1.5707963267948966,1.5707963267948966,0.166616393542449,-0.2358987546897114
33,-0.500868102714295,1.774291979480697,1.1509313332524638,0.8606416813293942,0.0194297016861955,-0.3609544877601454
23,-0.3483688959464924,1.7107873816975734,1.3763652453806738,1.5865399100583235,0.1999912985150836,-0.2315794199410075
0,0.0777777777777779,0.35,1.5707963267948966,1.5707963267948966,0.1440783705221283,-0.4107504781903857
48,-1.0391320336755592,0.6909728531082283,1.6624940494683127,1.2495756408889676,-0.2000000099504478,0.2404826476169175
17,-0.3160171335786692,1.2797274721863618,1.624182873466287,1.7753644233602337,0.1999908930270107,-0.0065868683312816
1,-0.0555642354041258,0.1935568394255281,1.6363150859859328,1.5488133437802345,-0.1998747641455204,0.280990240657697
0,-0.0999999999999998,0.3055555555555556,1.5707963267948966,1.5707963267948966,0.0265806366378914,-0.1149725398624993
27,-0.3370078272863966,2.1155844141061086,1.308800910660301,1.331436839832571,-0.1131566392704137,0.2249090226577556
19,-0.373754919676473,1.4565412588644036,1.5138198203083617,1.671274013768191,0.1995254616891522,-0.1929677564304367
1,-0.1001696892377723,0.3350413423112101,1.5455504777517657,1.576470856487833,-0.1999596372084362,0.3865068169463052
4,-0.0396505948017178,0.1622041252241869,2.091305741169725,1.322448997315766,0.0087568103622251,0.1537582177305595
0,-0.0111111111111109,0.1722222222222222,1.5707963267948966,1.5707963267948966,-0.1998382639615445,0.3791306568509087
6,0.0176921330572485,0.3342436771183605,2.2730519557979445,1.5412948854401272,0.199952303593889,0.1004068145645068
20,-0.3656888289456703,1.5796707493778102,1.409272496416253,1.6861096097562345,0.1998377540905063,0.0829747620421931
0,-0.0111111111111109,0.2833333333333333,1.5707963267948966,1.5707963267948966,0.1193790211321792,0.0225090814272034
6,0.0630901474275657,0.1476150041780366,2.300327823558126,1.4814942657655656,0.2000000099574694,-0.4876248543907847
12,-0.1952779291918418,0.8803981451576032,1.7759426879372937,1.89528152933338,0.1999680868044152,0.0592112945701268
28,-0.3073635900359169,2.104392084508742,1.342492097118173,1.3070044689678304,0.1349656515291662,0.3074988344000379
15,-0.2975644604830528,1.0389148758344162,1.6465935884141334,1.817097421163866,0.1999886742252323,-0.0742049782944764
2,-0.0569136278366832,0.3363846643294776,1.8950571427729468,1.4415561752702792,-0.0229520541073678,0.1523326917492846
30,-0.3811931361542511,1.8948466280077825,1.4808272729304175,1.1034494244184996,0.2000000097298576,0.0343763865765147
10,0.1051638036712451,0.6535382553707888,2.0655486370113234,1.6159829562219084,0.2000000099941952,0.2487766623274891
7,-0.0792855971151836,0.264090491292357,2.196858820393488,1.697522331329529,0.1999891668406121,-0.1379848887559256
25,-0.3325686766918474,2.0193364131222715,1.490841426947389,1.2301853737118713,-0.1214976394114774,0.1807492506449158
12,-0.2254849640539351,0.8111804305899122,1.7384246634927134,1.9529793347140785,0.1999677417561759,-0.1286385417449587
4,-0.0998983206837911,0.4087095555860174,1.5866717314955334,1.5604459376823652,0.048437651314374,0.4674531782700233
36,-0.614143116090996,1.578202395359501,0.9956710758295396,0.86215435188565,0.2000000094581046,-0.1098079642970333
28,-0.3613739845877725,2.0387707936527235,1.3762172358718257,1.2923497297726534,-0.058671573375618,0.1195787091801988
33,-0.4659957697382603,1.7702913899764348,1.4845713331040482,1.037497663233517,-0.1999999990188769,-0.252929284181237
31,-0.4187460131928842,1.8776815420405577,1.5384404925707058,1.0011959010553422,-0.1997086919873532,-0.4292404931343639
2,-0.0564844742956493,0.1984370957384973,1.8018943081286287,1.4807048415096735,-0.199903783029848,0.2152656188003549
6,-0.0482834360514186,0.1586329001378349,2.2513251649823527,1.5087817078213557,0.2000000099555336,-0.5095670277145188
41,-0.93314213449978,1.155770419947092,0.9141400975301812,1.1543760542867854,-0.1999999886670529,-0.0646462050665744
30,-0.3994829650673361,1.8666168698020769,1.5004108930614333,1.5663654573394037,-0.2000000099859021,0.3212615275633283
28,-0.3468723351353743,2.115756641494527,1.3150690356877188,1.3234424014818196,-0.1985250642351361,0.1300985319552086
12,-0.162002069495094,0.7294791683413514,1.781580084064279,1.9935272821433785,0.2000000099538405,0.0766276747877798
9,-0.0448092530941827,0.459767442281061,2.078050606944833,1.986020744853959,0.1999979906204571,-0.1221831508039578
6,-0.0709740257566868,0.3637727206818053,2.143143480184042,1.579555479882252,0.1679113779279606,-0.0648628327610633
19,-0.3649002533311815,1.4727525876074894,1.5110526951637606,1.6855249619414985,0.1996128461690621,-0.2189993577608593
33,-0.5103655913394542,1.7071631930250877,1.154073973247085,0.9110157798062714,0.0445155550414298,-0.3224274316033124
36,-0.6946047834936944,1.5962315451977702,0.9417009773340564,0.8798958216877092,-0.1999999051158764,-0.3408875915255256
48,-1.02899551012133,0.7291171954501875,1.4165120991554598,1.3679042434034483,-0.2000000099530589,0.4891863290205586
9,-0.0523637948588582,0.4602724806221981,2.163613506653581,2.0208362824239154,0.2000000099921398,-0.5006884463636787
2,0.0246289837330092,0.0766697564387741,1.875902191796575,1.3776927665055927,-0.1820746228995358,0.3326539107878342
17,-0.3334271705058055,1.1782595435189984,1.607976616421018,1.7384201457992,0.2000000099644945,-0.0164642939440454
38,-0.7013832641403919,1.530369950480587,0.8429623648328216,0.8634393673639312,-0.2000000097457513,0.0523189080262697
18,-0.3487992926166858,1.296725575157611,1.5904243467983346,1.729167198294582,0.19994046267957,-0.1114551996623434
18,-0.3481614181452901,1.2762805933383818,1.5977180386569838,1.7029734628609523,0.2000000099625816,-0.006295248352731
22,-0.3437576288426578,1.622617708965647,1.4680836545911171,1.6308815918342132,0.1999552204425397,-0.1112252322880602
7,-0.0072962936907355,0.3308860432386017,2.2579791295018534,1.9897075103043207,0.1852403919742811,-0.3199183646705983
11,-0.089025946442538,0.7242546346675555,1.9697274501111848,2.021351163930359,0.1999554360590988,-0.091141163910006
0,0.0555555555555556,0.2611111111111111,1.5707963267948966,1.5707963267948966,0.091965728629675,-0.1331491849660512
29,-0.3926470802343195,1.930815918225882,1.5104571721192936,1.1385367361066343,0.1984292752852198,0.0261797493525567
48,-1.0578286430577108,0.7679219462551293,1.492563814916883,1.3770134487616366,-0.2000000099728325,0.4059070283887451
5,-0.030129122961413,0.1503705462746989,2.073630039193668,1.2278575717797404,0.1995645606193579,0.1947874402597156
49,-1.0643513517023062,0.7686658823914467,1.45205977658299,1.3835396299932667,-0.1311908275158512,1.1141884909342104
26,-0.3775655419183261,1.9207267493368136,1.173179273554359,1.501009090237298,0.1999603643758329,-0.0674741752049609
3,0.0773301916747103,0.3601508415070651,1.475337687722159,1.597142894246554,-0.0979313831606764,0.5381121646364679
44,-0.9981809092418302,1.115457385486287,0.8534862110998969,1.267181066180649,-0.2000000099122726,0.2195882994000713
1,0.0286888772713689,0.0770560990995112,1.7741589253162466,1.4539643911235305,-0.0871217037631555,0.3010482724354884
7,-0.0149041527449573,0.2613576376491816,2.2895209743317704,1.7761403252871475,0.2000000099928184,-0.5494062448724857
21,-0.3376166177998047,1.6246432090453558,1.482257650294576,1.649227409360494,0.1955552114148415,-0.2970043581394437
10,0.0629387571194489,0.602191454076609,2.0990518944830816,1.844740577541932,0.2000000099614975,-0.1762838235581678
47,-1.0456124257859385,0.7159264652755088,2.2718710424986224,1.1076254457780157,-0.0729249026910816,-0.1600624723854706
20,-0.380673148123555,1.575210231334037,1.451232184716735,1.6340994374415272,0.0326903545876549,0.0649206546694008
14,-0.280773426038665,0.9795162079774912,1.681779426583324,1.8556549316599864,0.1999620468264701,-0.0738239450586531
1,-0.0116773942372824,0.1672749190642911,1.68338538805512,1.526164687196669,-0.1998934731072453,0.3132089463771699
40,-0.8940875525234817,1.2209475418038036,0.7711141100761036,1.016152221234624,-0.1999993597573282,-0.1354865111904076
33,-0.5136865963453856,1.6993104482829438,1.160717119523559,0.9040265185739336,0.1286898936208178,-0.3232747574829399
18,-0.329576891875,1.410520113403309,1.57358638668922,1.667144237878389,0.1998268170605581,-0.1844295984204492
27,-0.3586697133248772,2.02714923415184,1.1721710870650153,1.4089504985532657,0.199976006982942,0.1865136711114523
46,-0.9834592559675546,0.9891328355332932,0.8649866181102137,1.2617455168698428,-0.2000000099894949,0.2472352263742982
25,-0.3913980117388237,1.91086165510339,1.2853082316604,1.5042072923097116,-0.1417352042531348,-0.2987581515211483
6,0.0367115995147801,0.2435447672616354,2.3406089321315706,1.6860442546284706,0.1999690819718951,-0.051401083993194
30,-0.3782356211716807,1.9901817151170016,1.4380003782596926,1.2538532757797232,-0.1995273468039836,0.1913982270015632
48,-1.0102551411991645,0.8564605431930462,1.236145476982684,1.5477367030605025,-0.2000000099756921,0.7262335985335483
16,-0.2928486753284822,1.0969002870703903,1.61097709933785,1.7523043240807286,0.2000000099447658,0.205578352812278
35,-0.5509639979252721,1.6788012929091627,1.1528748544540743,0.9382119951014972,-0.1999999351079366,-0.0454412209982658
21,-0.4039788330579124,1.6124852152078633,1.4965080237623791,1.624442241866607,0.1486741213272505,-0.1107150852679521
40,-0.8585850318933681,1.3900160563102133,0.6656008745220046,0.9176284341730098,-0.2000000099401473,-0.1457772290386419
17,-0.2215077341469395,1.2324954391611855,1.6807029426212052,1.960340649310849,0.2000000099497973,0.1023366135637716
15,-0.2601204594649378,1.0293770423295012,1.6578673357751708,1.8461234062078784,0.1999861069922092,0.1065476623173359
21,-0.3851737028366979,1.5953770774660554,1.445419137426887,1.6198492046514563,0.1999109501001789,0.0835277195451721
6,-0.0716284044182461,0.2031599038093596,2.1467998894539218,1.574613704609836,0.1999046245836872,0.0323259201472863
7,-0.0080169754372605,0.4101613926008371,2.297470859742328,1.6971581666499755,0.199942197393659,-0.1115250436268479
16,-0.332120724445251,1.1265314740701955,1.6084411441287525,1.737713582763922,0.1999874805305678,-0.0364780410400922
33,-0.5231306462568477,1.8077636752382675,1.1904846439745764,0.913660553613553,-0.1984621715345541,-0.2010194572229075
6,-0.0497584180862478,0.4292344547052446,2.1779915588584284,1.6693986103763312,0.1999338968389948,-0.020681040989608
11,-0.2222392246101032,0.74874063519226,1.7506651254978518,1.969427542159508,0.1998128735330009,-0.257602848248392
3,-0.0070938014812498,0.0611398114118214,2.0701206485417227,1.2087165620327691,0.1998123762966453,0.3047424029657696
12,-0.1562385539961245,0.720210430627933,1.886389293768678,2.105564475421286,0.2000000099928641,-0.3330348069183562
1,-0.0793112787366476,0.3619299974272995,1.415908304378081,1.5913570885996289,-0.1997531810919571,0.5922468074168754
30,-0.3812469947297048,1.8963978016476133,1.4785357313838343,1.1011149987640338,0.2000000097393962,0.0392101644848366
21,-0.3513187242314791,1.5603895472068283,1.444864903637443,1.6087903326283306,0.1999807206776568,-0.0131435828682629
5,-0.0319166943828061,0.1879754676843109,2.187787711982827,1.4319473174311452,0.1841308751286295,0.060611683845569
30,-0.3649056271647113,1.971363480826526,1.4384540739145617,1.092960169761516,-0.1999748276173875,-0.1742114893940755
22,-0.3486344266172517,1.633633208603454,1.418951396891151,1.6043330400430158,0.1999525744637064,-0.1123669377182442
3,-0.0877227415580077,0.1646759200849087,2.006968469419752,1.3062651124095244,-0.0638297933425851,0.0617610690943286
12,-0.2102014649287732,0.7456986770955568,1.7593643041935303,1.9566586393955272,0.1999910765779999,-0.1169075355476751
35,-0.6343047808974648,1.626155931247606,0.9152462604132036,0.8086523277120747,-0.2000000086162716,-0.1780722195331574
18,-0.2733321087434248,1.3254077147906778,1.713973938951385,1.833227950894676,0.2000000099437183,-0.2643965648196415
23,-0.406056790083349,1.6672053325223062,1.4923139690097909,1.5852739326598149,0.1997024322543339,-0.1590756454736766
22,-0.3888426974131908,1.6315522228168646,1.4321654486146311,1.6046082312842578,0.1282339178895376,-0.1046720954161583
28,-0.3597145595544401,2.0521651989514424,1.2008219073202948,1.3670881418860206,0.1512024367088176,0.413629603649307
2,0.0779468726457085,0.3435412435067952,1.6068943413582186,1.561317893863713,0.1238103554320702,-0.2168202785555834
42,-0.960431062550289,1.1198958047213428,1.016980329482286,1.2717876262445331,-0.1999999528056526,0.0006468977444958
3,0.0770946660425165,0.2969856079171106,1.9731439958002903,1.4206233423381924,0.0077890831284656,0.1868847022412711
8,-0.0770795116852102,0.3468818689760648,1.7030365551498274,1.530185025294664,0.2000000099592895,0.4443453563326345
0,0.0777777777777779,0.3277777777777778,1.5707963267948966,1.5707963267948966,0.1640131166783088,-0.3736574044589015
47,-1.0744883045598457,0.6954845673902592,1.5925540226188044,1.2922750750191634,-0.0295882736089322,0.1052738694850471
8,-0.0721682442670647,0.4038650560694152,1.985020906725202,1.9842148336030745,0.1999876304087727,-0.0213348624178937
18,-0.365253968541203,1.5546556307947048,1.4513910795238356,1.6728877374282776,0.1864899014860795,-0.0255114286234717
3,0.0772985040947041,0.3285095364809181,1.970062763490949,1.4242979382008736,-0.1466573220899624,0.0585178334940291
2,-0.077600936636921,0.2109005596727222,1.6025597500291209,1.5629253997508532,-0.084450254488177,0.4306846909422668
9,-0.0908395173436084,0.4718894546739894,1.8939489434149603,2.04166799127141,0.1999804335068875,0.0308669376343812
18,-0.3421909340423509,1.4767442184680022,1.6036888445462134,1.7166269751718266,0.1068880004582173,-0.2709211469095496
8,-0.0758666386037718,0.5461062396329852,2.093179197111402,1.8481727112814224,0.1999502940341739,-0.0913152090788489
41,-0.9338179745392686,1.1401123104835664,0.8282730403032641,1.1637283863087773,-0.1999999979008665,0.2617849581212537
13,-0.2600667037971495,0.9442439061110558,1.7004172960903985,1.905832554188327,0.1999723650840849,-0.0785505365404378
3,-0.0250542373921373,0.1904276782835101,2.013615951934133,1.2727148628158444,0.0315233457790916,0.1269602606314294
34,-0.6271865650018829,1.5920933933331278,0.9493100876596312,0.911194372040706,-0.1999876325353648,0.0330908315226972
34,-0.5684080645787956,1.682259130991775,1.0467759245074766,0.8818250730064385,-0.1999210370098382,-0.0830183641881916
41,-0.9135799414873428,1.183052456043963,0.6880553225663046,1.1179236183317505,-0.1999999778534629,0.3981774593864815
42,-0.9804427642774644,1.0316244466868836,0.9115160865043296,1.3526198762689845,-0.138692070363518,0.5294076824700843
4,0.0458093799394129,0.2338833628682107,2.066409275927816,1.286683361135018,0.1429777569402238,0.2056270415005903
22,-0.3745129901994384,1.6563056503425808,1.3291720865526364,1.5561940318323797,0.1998906393687878,-0.0646781945984836
34,-0.5751079441481786,1.6869712160818409,1.079762763262265,0.8606225336998574,-0.1999933967194533,-0.348812254418806
4,-0.0469873438553364,0.099241781566135,2.0882103304055075,1.2559608177408723,0.121267193633735,0.2260362439245997
6,0.0110826066723396,0.2994191363153991,2.251783629008804,1.7458005062886917,0.1998704544548576,-0.0267864461718125
22,-0.3723986691202502,1.836449324911908,1.2770287851479392,1.513014301684931,0.1777051539076765,0.0916695026411813
23,-0.3742363122466351,1.825653142715132,1.3226187909629683,1.5690319407083326,0.1991781099912237,-0.0515310313734323
30,-0.3799254615298783,1.953333002471979,1.4853649056192977,1.202691818960268,-0.1442317513518693,0.1803690384245458
0,0.0777777777777779,0.35,1.5707963267948966,1.5707963267948966,0.1440783705221283,-0.4107504781903857
9,-0.0974027518552659,0.4438450403046396,1.6126478342947106,1.536960806410475,0.2000000099570691,0.5335767972782007
47,-1.069653957255812,0.6731185890964916,1.6990614114936928,1.0935613306590943,-0.1313563090784808,0.0102097534799628
10,-0.1771549050090399,0.7595162018455186,1.802385070421968,1.9762189410809208,0.1999207069742793,-0.0666632490167322
48,-1.0290477624846046,0.7291653217529671,1.4138252260771136,1.3674558890373238,-0.2000000099531132,0.4919726819196105
48,-1.066539333051696,0.6798892390568484,1.662249439456735,1.1224363803697266,-0.2000000099273001,0.3406750631435903
6,0.0112913825552691,0.202736991189365,2.2402605349805693,1.355223846084078,0.1999952980501902,-0.1317007799601243
49,-1.0884538200743732,0.6085509271582449,1.7531331112765725,1.028355772204247,0.200000009969404,0.713356662026993
38,-0.7292902175861792,1.467541940512606,0.915121947475944,0.9281783765718294,-0.1999999867977503,0.1039196169739194
11,-0.1514513115218466,0.7747036595587011,1.848362206542168,2.069452820000183,0.1998881883907413,-0.3067408938153121
5,-0.079523533415764,0.232822437042052,1.807064228751932,1.469619164806929,0.1206309352055212,0.1631105247450146
10,-0.1240874202639798,0.527835852753378,1.9133420354363064,2.021459646252943,0.2000000099931864,-0.2698871870040354
6,-0.0478845178686454,0.3059439853449156,2.186962348469768,1.580935676039528,0.1998455264516609,0.0682268110642734
27,-0.3529436558696397,2.052920212023423,1.1832107534851517,1.3800122849993814,0.1690160340718228,0.2776113411385484
1,-0.0162276498113877,0.0701086668634953,1.7743493179467065,1.4498514809495446,-0.1998768533220082,0.3552609541586324
17,-0.335523957602814,1.1534646275889755,1.5747752609339098,1.6932309347592522,0.2000000099715781,0.188899376759402
46,-1.0545865449941023,0.7897796049321838,1.4323420720782618,1.3881655985580812,-0.200000006021427,0.2816493726029725
45,-0.9600959498145324,1.0915221346178012,0.6963631835325305,1.222847377620682,-0.2000000099094401,0.1842836120060579
4,-0.0179211250904386,0.1276812414876154,2.116700082503589,1.3474398981038755,0.1999746790554412,0.2696987523304948
31,-0.4280422355028251,1.866010730343836,1.4949518566244655,0.9892544336045744,-0.1999034245475298,-0.463714149902815
30,-0.3818815203590435,1.9297527229368443,1.4156279797342162,0.9911608390643852,-0.1999827012078731,-0.2717328821675911
28,-0.3353934221199553,2.1288915178842576,1.341655888655458,1.3178105090545815,-0.1999648954098769,0.0451926246190184
17,-0.3561879828193216,1.4800302014734714,1.5030029388752322,1.7098694150434215,0.1994669941400744,0.0101709004710086
27,-0.3302472645822287,2.1101191123695724,1.2771747815309764,1.3454006580294378,-0.0828313903686374,0.3114497843149952
31,-0.4219502443641456,1.8763492841901108,1.4973871679438613,0.9998270880644498,-0.1998448954716946,-0.3617055971687703
11,-0.1656768258495584,0.7821406099598868,1.8517855080452303,2.018229079058371,0.1999561537686584,-0.3189809721107412
37,-0.7205934853764091,1.488267670574421,0.8412797336341413,0.9072447692004508,-0.1999999195547678,0.0513191311742539
8,-0.0531164309787443,0.4505260394515492,2.1706040586021285,1.889774258326684,0.1999581214289539,-0.2049309757676602
30,-0.3628656059922272,1.9715561527390244,1.4661417687919478,1.0888869522850462,-0.199990833158072,-0.2054029798994497
7,-0.0776675563904387,0.3381018564828701,1.814309057840381,1.487244111966808,0.1999518482641339,0.3659189094472968
4,0.0295857089492856,0.1219960126583463,2.1641332219031195,1.3414088420541783,0.1997976155204436,0.2412852541022529
39,-0.8609277113980148,1.3812125737690462,0.6708844351258616,0.925321930065149,-0.144617860163835,-0.2057159097934189
0,-0.0999999999999998,0.2611111111111111,1.5707963267948966,1.5707963267948966,0.1996598627721466,-0.4514429695096493
42,-0.9520185420777088,1.1148901760604153,0.8588305817838151,1.1569901616942084,-0.2000000075705379,-0.0876521469870444
2,-0.0249168158824925,0.1525425029439343,1.88409069279698,1.3325592105304465,-0.1931989786306833,0.106977079328614
19,-0.3964955139129731,1.403765150201302,1.5509221675482134,1.6570571753134824,0.1997929188890032,-0.0379964977306344
24,-0.3489588667869361,1.8111959569109704,1.2596554654326777,1.540476216433022,0.1999727879871905,-0.0335484012157739
15,-0.2918148447337783,0.9333862772245664,1.658929613479648,1.8189745238360333,0.2000000099848294,-0.1126300443666382
26,-0.3089587441900656,2.038935935537523,1.1747593405332903,1.417065862463513,0.1999709553042459,0.4325439432034365
5,0.0636917423680512,0.3968248979830849,2.23865240911511,1.5053318887204057,-0.0387327586964119,0.1863493072131247
31,-0.4199500316757414,1.8808141569123729,1.5272182490888535,1.0098024825636494,-0.1998913251647341,-0.3651500588699813
31,-0.415888968567483,1.8341719030972072,1.4430590915170054,1.0138748963072577,-0.200000007524663,0.0460941999007454
19,-0.336064435423034,1.92914442828183,1.5583991856045174,1.437393808335701,-0.1691815656500318,0.16746034866642
30,-0.3278639297529315,2.0367388215966926,1.463307430097137,1.165268846239322,-0.199999928697401,-0.000130759089181
31,-0.3912146022717031,1.938165051018159,1.4914393360402922,1.1873708411455794,-0.1995279484734417,0.1290413958077851
3,0.0361732148837619,0.1509385056615175,2.117037970449174,1.4320935688669971,-0.0746865084014531,0.1419950112416812
44,-0.9820354992195872,0.9780472576636484,1.000245745354567,1.305468607264666,-0.0969234970168697,0.3346982394053807
3,0.0774472310881587,0.3012971499824131,1.5242331186917166,1.5802157779875372,-0.1999204060647698,0.228153484775734
30,-0.3708453593327817,2.002357971315666,1.4896512808103335,1.2168848084159936,-0.1999809472428229,0.0658224071993462
35,-0.626526242026896,1.6215839646457877,0.8657711733004492,0.9296816616298924,-0.1999999222375265,0.0153024383790314
3,0.0781959250361378,0.1918691212561987,1.8688029954817635,1.4747966979628997,0.0866626339854886,0.3750540006567773
9,-0.0753296392242015,0.4562115189542102,2.0507458793607096,1.9915101568459783,0.1999963859929019,-0.1954863770236249
34,-0.5605127849445906,1.7080784198770993,1.0459046634521822,0.8175734208357046,0.2000000096251537,-0.0244145470838679
47,-1.0718137388088993,0.6725297035018402,1.7019314179804663,1.0904350044084308,-0.1450380991374522,0.0073397495225556
43,-0.9845220841305128,0.9790712496436416,0.9929218190398554,1.3053263095848862,-0.1999999003410602,0.3837888888387897
2,0.0562914469645778,0.3414881539859565,1.9268006990340087,1.4580297660992758,-0.1249838050378468,0.0944042907418607
2,0.0791764120554797,0.1895636673497484,1.8421194116261344,1.4996374857610415,-0.1999535584813146,0.1341608286527553
48,-1.057753635528769,0.6988777815091987,1.6323640059526154,1.184013054327607,-0.2000000099632801,0.2755635201886587
38,-0.7875979465765122,1.39018384537146,0.9273287878120507,0.9700960091532776,-0.1999999098205941,-0.118163383625841
48,-1.0281367467120544,0.7139967657411437,2.088375602909599,1.1651660636629582,-0.1826025244526271,-0.0613592503254194
2,-0.0369758945588948,0.1771090958126576,1.8024328062918524,1.451842858455296,-0.1998838348515185,0.2540311228635024
3,0.0995602081597109,0.3409945495762992,1.5108727673676352,1.5814356691606717,-0.1998281551938603,0.1804554444912125
0,-0.0111111111111109,0.2166666666666666,1.5707963267948966,1.5707963267948966,-0.1998195127796614,0.3687586467419798
16,-0.3065472238537657,1.200951729936052,1.665557020404611,1.7994812949620431,0.1999647220471386,-0.2273579896649132
14,-0.2877552855908116,0.9526187966655072,1.6908646682885031,1.8380267240920969,0.1999707454269382,-0.0717837215007564
34,-0.5776184389746736,1.6906029730160652,1.1024129720210414,0.8601552062949017,-0.1999991308874006,-0.3810479719277162
0,0.0777777777777779,0.15,1.5707963267948966,1.5707963267948966,0.1996056490821235,-0.2758509773550067
15,-0.3102007875803637,1.0957471175898743,1.64476997877029,1.805860435468384,0.199952446212957,-0.0762337133786914
26,-0.3582808488950835,2.0448466176209448,1.3703180039909224,1.3010302219010368,-0.0315386240404354,0.1642728038141674
0,-0.0999999999999998,0.2611111111111111,1.5707963267948966,1.5707963267948966,0.1996598627721466,-0.4514429695096493
13,-0.2369928247167796,0.9026653945029244,1.7332877441492842,1.8945463411012788,0.1999367467104084,-0.0984548108666142
2,-0.0755644182936176,0.407497834559906,1.88104292849568,1.5017074319976629,-0.0205843594459628,0.138732463252291
28,-0.3197069236411709,2.067306493969616,1.4496771889415123,1.202029614829227,-0.1389753252609603,0.0109289052310625
4,0.0238264472994356,0.0932025234781472,2.1680880642940723,1.2586638938345216,0.1967396551155444,0.2229689526446423
3,0.0259871759201722,0.0342881421558546,2.060482726493154,1.3176879671262829,0.0330460100794704,0.2378343754509944
47,-1.0363689475542663,0.7537717944172296,1.581597363137777,1.3012057555097358,-0.2000000099619131,0.0836428528874555
18,-0.3587620008057599,1.3053578390549954,1.620324165621076,1.727198855902938,0.1999343555138658,-0.2276162858346594
39,-0.8771607614485555,1.2507706966045873,0.701354824998651,1.0154615167554149,0.2000000088773051,0.2088919882457708
21,-0.3770876899686045,1.5608407150299788,1.5118765287350415,1.6497064611740777,0.1374023549466102,-0.0707159934407139
39,-0.8713465068250814,1.2574472210734498,0.8224889347937445,1.046020069506875,-0.1999826485216307,0.1479915928164456
48,-1.0636761346214374,0.7567190844171916,1.5138344960894925,1.3713672367396097,-0.2000000099679394,0.385658348138658
5,0.0401148692106013,0.1126537202113411,2.314987846710954,1.4748783110545722,0.1999969595760514,-0.0652236658152961
28,-0.310544480988873,2.106143516048915,1.364935473599706,1.3000763274064424,-0.199496111409228,0.259832496169854
6,-0.0712898516005696,0.3550350112001638,2.0832360508528094,1.5430821327505193,0.1887464160258536,0.119101619521405
35,-0.5884622360081303,1.6743558043803393,0.9996144557979444,0.812441174742173,0.2000000096875848,0.1613426247919065
41,-0.939703401465566,1.1250442504638354,0.7399567301061492,1.203586779294644,-0.1999999832728889,0.4801705532729167
28,-0.3728229422054893,1.9830699175313256,1.1437216895308833,1.4307077947352158,0.1999871840315877,0.1902148651429346
7,0.0814778514031931,0.4317199987739694,2.018537481376205,1.4907017588429998,0.1481649984698941,0.0767188273242813
18,-0.3507041923859701,1.400848092886984,1.5650037667390446,1.7212983038037557,0.1998728003219637,-0.2962933423132046
7,-0.1066646741594368,0.4608754397519702,2.1137902485814437,1.7760134798406315,0.1999705194659903,-0.1685808473804398
7,0.099725785207426,0.3980852135448516,1.4957615519550185,1.5745359902534837,0.1327810919583275,0.5143168081503224
36,-0.6847292966592814,1.5017485345870865,0.8965898687627654,0.8724367751934718,-0.2000000079452923,0.1037687441054625
9,0.0066580511965805,0.4118008843569467,2.1699887673046927,1.9639323610350936,0.2000000099556055,-0.4197931165784408
29,-0.38127506303398,1.988305785344736,1.4661742794003825,1.2162192421474518,0.1212292526060479,0.002284351963204
7,-0.0782882098478361,0.3020926409958728,2.2066415832109136,1.68197101789153,0.1998694487118375,-0.1319572078961788
23,-0.386711925311048,1.72054605935502,1.402258194112454,1.5710601860856783,0.1997731064901696,-0.1134724477209454
23,-0.3858157536537538,1.7236287366597995,1.3998252610352375,1.573301029782033,0.1362286946154719,-0.1273848702867553
21,-0.375150369391959,1.5220640205866065,1.5161814401533942,1.6396273355095168,0.1582518671371389,-0.2512336170788828
3,0.1024897861721659,0.5300914624476115,1.8283047760513167,1.5268603951443174,-0.199955857406311,-0.2322732961724897
20,-0.3662958032624899,1.5461865511652928,1.520016142227922,1.6840469149789576,0.1077635604770748,-0.0670445563910867
3,-0.0151056069595964,0.0527387049996789,2.088992253937993,1.3529889287641437,0.027066687073942,0.2262589167687615
31,-0.3853900154097308,1.981810735581008,1.4443469392743449,1.241594536250454,-0.1867282215291497,0.1792473891975737
7,-0.0656126115549103,0.3528939294460391,2.1359542767193656,1.9406538191378664,0.1688109930916579,-0.273437264584407
25,-0.3758846524263636,1.9369039687466776,1.2117349031057696,1.4699769661784212,0.1997032348943036,-0.100596157597006
16,-0.3153246667515296,1.0196423722285994,1.631279301890407,1.7750042741054295,0.2000000099852775,-0.0760784374206036
8,0.1056155816772627,0.5578367393074326,2.101775902384196,1.5502473363037717,0.1517505528348014,0.1932359592493253
2,-0.1024920434528811,0.3511625432484221,1.261634650153626,1.5635580505040263,0.047937103273393,-0.0917219401577365
43,-0.95718951915586,1.0957780292809018,0.994716157308604,1.2023094466367603,-0.20000000456994,-0.0846610133899673
7,-0.0318751282299912,0.2646031895161491,2.2039394276824336,1.699880572435312,0.1999954162180431,-0.1688781414872606
18,-0.3579035993728375,1.3135644379649614,1.5720231822368245,1.7102473357273051,0.1737534430467414,-0.0313726828595771
35,-0.6055650777975586,1.6300652322639473,0.924116469073157,0.9264340379119532,-0.1999999168648505,0.051647413542622
7,-0.0996629512658474,0.2948723549354796,1.7174139070000989,1.5213519682443313,0.1999167423134318,0.4152682642005957
2,-0.0018052152584096,0.1774804307625479,1.925415472188268,1.3183536327738845,-0.1680020335009851,0.0703544901280091
20,-0.3936510130306621,1.4431142306892308,1.5629865015533309,1.693011968496827,0.1999999433601701,0.0015584013872019
48,-1.0346329365291314,0.7058552169199398,1.5436266707864146,1.3105716025036869,-0.2000000099557604,0.355315435976869
1,0.0996430006382503,0.3479689162589054,1.509159685173307,1.5858040097122974,0.1525688333976287,-0.2989401638337429
0,-0.0111111111111109,0.1944444444444444,1.5707963267948966,1.5707963267948966,-0.1999373627620227,0.3806528055010543
46,-1.0195472860573318,0.8499895136072751,1.1434209021416049,1.338751690023928,-0.2000000099259306,0.2511340460170567
17,-0.3522906051364335,1.2558506042795474,1.5701111902323546,1.6914523950416709,0.1999709927458354,0.0970376386048191
48,-1.067980904314067,0.6743033077969908,1.69204763794807,1.0989697543202257,-0.1671543249671054,0.2700665209884827
41,-0.9340618871363424,1.142042538353338,0.9148749985596484,1.125207045135548,-0.1999989345916639,-0.1356113037009238
1,0.0778457609298296,0.2198748668234438,1.688532137372766,1.532309387219457,-0.1998518270212535,-0.0173734160715257
6,-0.0077349136248482,0.2723473713242216,2.242394291856561,1.6436997359013783,0.199872030620417,0.0067326435851432
36,-0.685636796945881,1.578692252421486,0.8600889268007617,0.8005291465263302,-0.2000000097482432,-0.1252758760746204
49,-1.1053220084935969,0.5940913174874781,1.78256212913988,0.9132874852697772,0.2000000099755624,0.6553612765096859
28,-0.3349488642507487,2.066719790188023,1.4366987525161845,1.2921011506700246,-0.1422896046714962,0.1456353192406781
21,-0.3670751558907795,1.5442492768963536,1.475156193517167,1.6252314482456842,0.0767075347183425,-0.1100148422931039
23,-0.3422686617064218,1.7178614501593046,1.3589215988825112,1.70881892574168,0.1999405841960233,-0.146861501658251
32,-0.4771159654918855,1.8020917757509625,1.3461628171788227,0.9168327287754684,-0.169844178443933,-0.4379015943022392
24,-0.3187178911669172,1.836081984768569,1.3216357539084296,1.6444345179375155,0.1999972820576772,-0.3103958295868621
7,0.0124831798447443,0.3012539217362048,2.285245374837194,1.678938769156272,0.1999820470845935,-0.0595562759397722
41,-0.9450897865223682,1.2401239030190636,0.7827670844879488,1.147380430330168,-0.2000000092316592,-0.039884627774725
38,-0.8072750770136462,1.4598229125140243,0.8561019199576716,0.9112826785015952,-0.1257919610146232,-0.2940350605031353
30,-0.3668355558199792,2.0326124087839728,1.3586072056230645,1.2985236648354102,-0.1999999204717048,0.2621078749018879
16,-0.2884093188075871,1.0699379560403404,1.6154842312124114,1.760195768704438,0.2000000099435802,0.2039693633301734
26,-0.3431813150932388,1.9780190577808925,1.196453227722321,1.5425754442175457,0.1999872548159676,-0.1523910553070902
25,-0.3466620140005044,1.870993636057177,1.2091306122627596,1.5146371494376114,0.199982535282741,-0.0520042272365506
8,-0.0616173744513449,0.3484930931935102,2.121526108184133,1.77768299498133,0.1999984263153591,-0.212742728921342
34,-0.6196236977745455,1.6045543588300342,0.970999297746692,0.9113861558064498,-0.1999681277987484,0.0406722612368088
35,-0.6247551081513432,1.6416371272055656,0.9200435104456286,0.8062251943708019,-0.2000000063025918,-0.0778567562275732
43,-0.9075773052642698,1.1666473642745538,0.8346093902972083,1.0659577094129469,-0.2000000097883618,0.0519874398184356
4,0.0301134572159471,0.2355071392545367,2.149184824028288,1.3381703743243156,0.0632126118576649,0.1348040357401456
3,0.0122612280149631,0.1042295150898636,2.065172345438276,1.1786996704091723,0.0619555927317271,0.1945424343840581
12,-0.0665227859133315,0.7509396392483588,2.028234920525227,2.085154024010405,0.2000000099486897,-0.2961410968573279
5,0.081087340128786,0.264436823172866,2.032502261051212,1.4635477802831256,0.1937727778333477,0.3076746447485449
3,-0.0563717881427061,0.0315476567599324,2.005413473644529,1.191814089622592,0.0977535629131321,0.2634229757268768
3,-0.039670283869294,0.0718685515454542,1.9940773929145676,1.159929562939514,0.0764482757204273,0.1796410056789319
27,-0.387796996867511,2.0377150188912734,1.228237205245767,1.4321522934633344,-0.1999996938506788,-0.3087139848034705
8,-0.0647814318333833,0.3666601333084212,2.0612708712604384,1.9025374742867047,0.1999814831835812,-0.0619123585652335
45,-1.0017402029450186,0.9272591359208984,0.956984699764524,1.323503194371898,-0.2000000078447806,0.2926403341436542
29,-0.3606521997697722,2.0360981601842103,1.3761166604843478,1.2873545100505484,0.0120863108823205,0.2668978744248946
26,-0.3208879408615988,2.0152472555852,1.1958663697030882,1.3952673850132484,0.1999622810137901,0.4082335777978256
17,-0.3573420122790476,1.4063920382434068,1.549241923787866,1.712386982088798,0.199965288585331,-0.0632753183016738
21,-0.375223002636309,1.507158279207205,1.518931065746818,1.6413131302909076,0.0656412830078278,-0.0432466086600602
13,-0.1947260275579679,0.8596734529177524,1.7752786363151412,1.9882633040999107,0.1999794746979228,-0.1271411232737175
29,-0.3528940482397441,2.0778976577020725,1.3783352533963065,1.3136207222495488,-0.1999879909712899,0.0500768349848828
36,-0.7092590250756632,1.5154688087318515,0.9177466839555456,0.8604189607805017,-0.1998775627741221,0.0865753608184803
9,-0.1080352447691118,0.5907185601537336,2.0263562771168093,1.87107403054194,0.1999878815725767,-0.1089672545171083
22,-0.3711460210707704,1.790161945826892,1.4073173096418348,1.520463574291509,0.114235478080492,-0.0311320656819326
16,-0.2868891154402356,1.1332835406515906,1.6205350990083556,1.7787836785280566,0.1999708537019049,0.1780605747913018
9,-0.0139639799751634,0.4981400654253589,2.178988036760364,1.961108702150652,0.1999678059612595,-0.1539121840172668
12,-0.2150332899065554,0.757026571610491,1.760239423313413,1.954655149101068,0.1999763730645745,-0.118126148593403
26,-0.3139094586431721,1.9930047755841604,1.1255473206427435,1.5545673818451429,0.1999944688702012,0.0347942445253068
19,-0.3720582112322399,1.468523299830818,1.5134312520411353,1.6763271661517054,0.1999307545779937,-0.2087274440460257
31,-0.3806888520587649,1.9891111813041904,1.4661558690157277,1.219699147637796,-0.199942069228964,0.1032350138003898
34,-0.5388754275744732,1.729276287096562,1.0832534293320517,0.8291126844176621,0.2000000098076221,-0.2695827256739708
2,0.026775977934169,0.1245362081603588,1.8455984825876093,1.4081017755001142,0.0194367355291912,0.3117048461877622
44,-1.0393157161863809,0.7642445225537234,1.3770768391576151,1.304277464555232,0.0257804040623827,-0.152378994305649
38,-0.8419930385830608,1.3052295220788803,0.8190875044700245,1.0056586794561369,-0.1999844434767494,0.141193894958986
1,-0.0556592520778855,0.2331965570215744,1.6830495307829718,1.5318751286478216,-0.1122873612735069,0.3475422709552152
31,-0.4114487749756009,1.840987208268264,1.471382157006536,1.035016886618262,0.200000009283444,0.1970251476017442
41,-0.9296642043634724,1.1422868426764343,0.8408103128421209,1.1448491243139065,-0.1999999900517974,0.2221585259077536
36,-0.6778338142236766,1.5338926375119035,0.9684302164616332,0.9222465443402384,-0.1999994491759396,-0.1776064272826023
4,0.0129447883520191,0.08033562732185,2.199780927100454,1.4261871396787589,0.1957669473897014,0.1653371370484175
2,-0.0064012998883528,0.1859504296395248,1.9068249846485,1.287715255496631,-0.1629544734795839,0.0452250902799531
17,-0.3373383623049047,1.2331134827004713,1.5989684294749027,1.7287545352882974,0.1999724201038657,0.043382248241401
26,-0.3364989669483422,2.0794603711343043,1.3968898067858555,1.316991059518222,-0.1749953073631607,0.1395787330155086
26,-0.3231969143323798,2.044941733802832,1.2194332453098635,1.3992688413802097,0.1999445082166353,0.1284590300716428
21,-0.2639045457295519,1.494360250170129,1.6517926986005644,1.873119612384428,0.200000009938597,-0.6710742901770699
31,-0.3833297003053251,1.968390402450656,1.465935950228248,1.235893671116611,-0.1483850203413265,0.1909502115078671
2,-0.1002733775517802,0.2433311037493315,1.551712502786193,1.5720874610123594,0.1351873069092004,-0.2250505009177906
47,-1.0349730564638835,0.7479696213363959,2.409586072960172,1.243369335217257,-0.2000000098876787,-0.1968271853416583
0,-0.0555555555555554,0.35,1.5707963267948966,1.5707963267948966,0.0335016220697949,-0.1714308429944289
49,-1.1001609312107536,0.6308918978813631,1.8059181245651583,1.0841167234456768,0.2000000099928554,4.844283979239878
6,0.0555442203804,0.3711472849329151,1.5747833410885672,1.569205907082171,0.0352361681926277,0.6394691741793852
24,-0.3742710524740105,1.7794095964189758,1.2872731313204064,1.500712175201903,0.1999867479884729,-0.122268159971581
6,-0.0336859742244976,0.2270808607221896,2.267144792149764,1.7630983044077986,0.1999840765417821,-0.1729818329081015
16,-0.290723881300109,1.0971576771959786,1.6131723235037665,1.7594180820378869,0.2000000099933331,0.2014375806120409
29,-0.3606949067708704,1.99139002252143,1.556670539772997,1.2103362632175496,-0.0753629961640243,0.0796368884814387
27,-0.2588754970048256,2.216938821956893,1.336711929240499,1.316308996669358,-0.1075129911935847,0.3051137901443468
26,-0.3011794574778333,2.130636974873809,1.4202765161779265,1.319293156083716,-0.1999124774292418,0.1457084635251913
27,-0.3531874016836115,2.046009308993354,1.436703580492411,1.2779413294187452,-0.1341710770292792,0.0840855359613631
5,-0.0947706869228161,0.4944001080159806,2.0530472184207778,1.6048256924151272,-0.0775501503183196,0.2206406336625296
28,-0.3628296598050216,2.0342740881915047,1.3588368641820292,1.3012777592976703,-0.0203538547738907,0.1461629579339315
18,-0.3117975461669319,1.3090490134138308,1.5922012637045722,1.7209969303911294,0.2000000099934286,0.2115553538609363
1,0.0300362789732228,0.2123493577920554,1.7833574871209006,1.4626071996247083,-0.1999242622929373,0.1991005559472019
30,-0.3642991087443582,2.047713635960605,1.358223543563161,1.298102437575577,-0.1999999302732571,0.2620308578619407
13,-0.2429033578163828,0.8564012273341473,1.7226372706380229,1.9043396926033995,0.1999888772152002,-0.0942484511890952
21,-0.3453222886635172,1.4686768883493633,1.4821066866305213,1.627500182929323,0.2000000096366488,-0.5398964965832783
29,-0.3877058820561631,1.944109993837393,1.2664270038392882,1.4928360831809568,0.200000009900876,-0.131521236912509
18,-0.348311567161742,1.3397453451607575,1.6103054965522627,1.7250871043132738,0.1999155992003581,-0.2460269667242115
8,0.0765442477403054,0.3737791059703192,1.9331910657372813,1.4261905044791092,0.2000000099948524,0.350188173852332
27,-0.2840701765601761,2.152398106379175,1.4598437110569815,1.2622730965813178,-0.1979010672243531,0.0425565786304035
23,-0.2683953610992684,1.695235376772656,1.490791653343711,1.8350747757741053,0.1999999930221228,-0.4587389335040912
30,-0.3642268818545513,2.0200073458863206,1.4846982884840676,1.2280762000449643,-0.1999980209298564,0.0672895893521658
7,0.0026518004995631,0.4168313884818753,2.247261834391628,1.8007668607487155,0.1999586778827616,-0.0962403235856557
41,-0.8924214933240888,1.28016472823112,0.784518115946917,1.0226228355410554,-0.2000000091994621,-0.1472175309732058
26,-0.3255803405456247,2.002425666690533,1.192618136354957,1.3976638243479511,0.1999646604057253,0.4005479631368656
46,-1.0146690897648698,0.8062555100250578,1.297011655816112,1.3982564352728315,-0.0915749133963893,0.539333739753147
29,-0.3538363429195256,1.9641083814002087,1.450364870080028,1.174816319805242,0.133020444286105,0.2586559192012476
17,-0.3151811366977569,1.1832358056734134,1.5920769358661513,1.7304062145184624,0.2000000099624395,0.1871962462007118
1,-0.0153746806466341,0.1429362056094527,1.7549716634643362,1.4647641532010192,-0.1674792731704697,0.3372194960760835
28,-0.3477026598100185,2.0993038975334968,1.27177240798739,1.3383104665597088,-0.0864009180988341,0.2392375131462972
49,-1.061506751553717,0.6746970481748155,1.4275884414699416,1.2861711794605166,0.0128986593169144,1.1715394787492723
8,-0.0800028408788866,0.4165415280639603,2.180781648555074,1.754337519775402,0.1999833480441435,-0.1711740029679554
7,-0.0587481352267667,0.4466270132895154,2.1724245781686644,1.7598799046948186,0.1999553395975301,-0.0951993594986269
21,-0.3647366235675016,1.5917569899745752,1.4309871052682004,1.6296701782652288,0.1962955731924327,-0.0072907909035762
17,-0.3587308192177089,1.2794812095477888,1.6076713586833815,1.7730511842823764,0.1999748156721359,-0.085969582084843
4,-0.0998419810919507,0.373838505237628,1.5627314830806591,1.548700731995325,0.0455496497289739,0.490721351968818
18,-0.2895075436873652,1.2804316465497063,1.6116592856731753,1.7986971879186493,0.2000000099683844,0.1723550787723996
35,-0.5897926527573255,1.629220859969794,0.989934985586677,0.929509232080728,-0.1999999195617509,0.0585933851860275
10,-0.0479823905256757,0.6346069518555221,2.095067405202661,1.9689577780140053,0.1999702279436676,-0.1183641092036867
0,0.0777777777777779,0.2166666666666666,1.5707963267948966,1.5707963267948966,0.166616393542449,-0.2358987546897114
26,-0.3003136972247309,2.106384939280986,1.461976477005754,1.24447564665783,-0.1880722660446061,0.0629304949936085
39,-0.7946839620669555,1.3753789601449968,0.857034015530024,0.9790541952486326,-0.1999999878705257,0.1681008999505866
19,-0.3547694032769066,1.4173558104437425,1.5050967476755726,1.6990400793473277,0.1998706571379776,-0.1178555539858158
9,-0.0247927804400954,0.5068581627191944,2.143362474688564,1.986282251842933,0.1999864737664489,-0.1520444362561548
35,-0.6237762587936154,1.6055650234971457,0.9989794064401964,0.863990132498159,-0.1422474000924188,-0.2346757560214039
25,-0.3685894977884647,1.8853692092777927,1.1981492646887504,1.5515662455828043,0.1999728694305485,-0.0977472274610031
3,-0.0049256186780929,0.0493332299796873,2.0412109206107,1.2493345084255865,0.1999104832127233,0.2808791032468511
34,-0.5841080720669224,1.6521089589739784,1.0836298717793564,0.9005891770364807,-0.1999848554818739,-0.0991241544023648
35,-0.6064847177235437,1.598093266324513,0.9301860412956284,0.9229760105106954,-0.1999979063875771,0.1395524119519631
3,-0.0777594106400963,0.2750300726531394,1.836264927932296,1.4806893335734193,0.0046460120755282,0.3491700006311187
47,-1.0745947376335303,0.7003418369532669,1.5284933606770377,1.324119693904107,-0.0495625309974287,0.155548538529921
15,-0.2968097148186304,1.1595950333091456,1.6429653028633933,1.8134176507051587,0.1999925134763687,-0.0458072791681839
28,-0.3670689289326863,2.009828728051282,1.1609773385014872,1.4067607118846472,0.1999973895709511,0.4589746159822392
44,-0.9907553038745756,1.1374222394656552,0.8149411501970629,1.245278232462289,-0.20000000987112,0.3118165059714291
3,0.0161535972398275,0.0004019323289956,2.0672778430202703,1.2050237033213993,0.1999449152446706,0.3329661393788411
19,-0.3487644964683031,1.474154783911394,1.5595903853562216,1.704040621270834,0.1998783461791816,-0.2141607187158344
8,0.0697987789644544,0.3944139641725992,1.98042767782564,1.7907945250270425,0.2000000099461741,0.1414795279809078
12,-0.2149896384425112,0.7147917982984877,1.786205050596271,2.01666322517008,0.2000000099558838,-0.2881630430025264
36,-0.6304430716204596,1.563887471448289,1.0077618165549378,0.8769462107803643,0.2000000098943813,-0.117512530779524
3,-0.0081786988699994,0.0974435747011306,2.0183776626971106,1.2240681797307242,0.0700896498443344,0.1846397313887783
27,-0.2895593153167807,2.1536502906218686,1.3081206987288336,1.3100963384617512,-0.1306851302538089,0.2993909369733422
13,-0.2304372452609176,0.804890029983122,1.6961098919298987,1.843268969073956,0.2000000099595315,0.1524517132854258
2,0.0778689743944864,0.4095331142499941,1.6356261009958128,1.5499683148595094,0.1999520648659937,-0.1120456671346428
14,-0.3033633147533838,0.941137153047821,1.634570446322846,1.798687712945689,0.1999783377969042,-0.0172190354489803
31,-0.4291822459113087,1.87181062337798,1.4658409311112504,1.0678276605899235,-0.1999919031130761,-0.2826088531197032
30,-0.3793255620682412,2.062707121426401,1.490818285444055,1.2429364794405675,-0.1999986669441517,-0.4376159597923569
31,-0.4046700677861252,1.860145383043017,1.5139375301685671,1.536684078727411,-0.2000000099343987,0.2608829248342138
16,-0.3240469218421186,1.1228602997359325,1.6040340626805225,1.7595449102944654,0.1999639935703127,0.0031661130112973
30,-0.383566577516974,2.02833130250339,1.5496148439731936,1.1936834969767638,-0.1999958431738459,-0.2809419129822211
32,-0.4366726211350915,1.8512296763700795,1.461868160465036,1.0758154212233229,-0.1999840937908293,-0.0297439702745359
33,-0.5097862453430856,1.7035291300409745,1.1642893301930766,0.9066028271686508,-0.1999999850184093,0.0619395891270774
16,-0.2877968722644984,1.1345514643052226,1.617998112985168,1.7752696968274533,0.1999893841327245,0.1788843069869648
31,-0.4084993068435865,1.9288405515344031,1.5197903387435363,1.1021750367194336,-0.1999181204797887,-0.1388907076520154
2,0.0555559297949457,0.2660399269064954,1.57096000487474,1.57074687178716,-0.1188252435860587,0.4311373250030252
13,-0.2751317697241572,0.8103217526941883,1.7150642285731177,1.9229018667458933,0.1999980119590827,-0.196855837390401
0,0.0777777777777779,0.2611111111111111,1.5707963267948966,1.5707963267948966,0.1715896042367034,-0.3450117782613353
23,-0.3609567787136891,1.8192543995499129,1.3826027906182103,1.5332165749415358,0.1999081601679344,-0.1341536467650657
35,-0.6279702966734628,1.6366687942208642,0.920227781930242,0.808258272253646,-0.2000000085853192,-0.1931367048612286
2,0.0054944122305514,0.0884602872138856,1.8766596923258645,1.404382140545969,-0.1991856583915145,0.3216427599299149
34,-0.5836410572322879,1.681097911235863,1.0061413096871714,0.8132625037214039,0.1314227189474478,0.1608538265508623
23,-0.3808074724796076,1.801637576193428,1.3433922539141516,1.5586670474877409,0.1996776449382176,-0.0672308403653661
5,0.0079150435616339,0.2206741833652598,2.206920133033071,1.3486197988637512,0.1999495327183248,0.1844542268287077
48,-1.066120367427349,0.6668826204621026,1.623418789581505,1.17015522322423,-0.20000000995557,0.2988867380717342
3,0.0766435559338693,0.1049681278045422,1.7435612129655222,1.4991407469466782,-0.0612669677926875,0.352438575272719
19,-0.3638176193904999,1.4463187363296055,1.5525679578557885,1.6740303941018482,0.1996607488572263,-0.2331546600912182
8,-0.068095525390963,0.3522657431527861,2.0893149944630007,1.8204393626578272,0.1999895849425085,-0.0677522306817029
29,-0.3916110686886693,2.079825089707876,1.4959906014290194,1.2571580059457383,-0.200000009292988,-0.395505280495025
31,-0.4403287098339847,1.839595659100064,1.4565742584553103,1.0528453437163945,-0.1999456389291108,-0.052829132039701
13,-0.2757390629908032,0.8101197267178876,1.713969067731176,1.9111722205478103,0.1999962298333983,-0.174180459263542
47,-1.0724544215426457,0.7048690547621804,1.5074225115266184,1.3320568205973775,-0.0699175435837833,0.1699628274051032
0,-0.0999999999999998,0.2611111111111111,1.5707963267948966,1.5707963267948966,0.1996598627721466,-0.4514429695096493
19,-0.3601708700347608,1.4710786166268797,1.522120622047458,1.7135624711105029,0.1998962123561193,-0.1762196523957008
9,-0.0551488861138166,0.4952822401308997,2.178575879954968,1.964590006205825,0.1998386951804018,-0.4840370720142014
16,-0.3210148958269558,1.2258300822587127,1.639997289576803,1.7965970150881116,0.1999736567617864,-0.1454500574244548
20,-0.3676031517376532,1.4713937530447,1.5501755634930472,1.6901034631537832,0.200000006167437,0.0593857625555198
6,-0.0514164004721179,0.23470762273081,2.224353798725877,1.6880729908690222,0.1999427367796216,-0.093605010863646
14,-0.2889062746889568,0.9904455315814332,1.6682300652053694,1.844563433467586,0.1999768398232893,-0.0577634118818671
14,-0.2908766655599488,0.9017506725350032,1.702031453200851,1.8974293448085453,0.2000000099648841,-0.2518300834371869
11,-0.1451774658621586,0.7268959616953368,1.9363195272770264,2.069213119675974,0.1999679908960805,-0.2456227656416679
27,-0.3503002936298389,2.148409207527336,1.2805554094400744,1.3682200275730607,-0.2000000084909735,-0.0469823162434578
43,-0.9050219552945244,1.167458681530903,0.8443308445301394,1.0694713994151588,-0.2000000098377808,0.1406823144490214
13,-0.253525379007985,0.9667276999537124,1.7116172584381442,1.908195952042432,0.1996798612967751,-0.2555913652636036
21,-0.3816692135017918,1.5075191170970317,1.5194351757552962,1.629554417941105,0.1138478491778024,-0.0810572286563946
2,-0.0016244976693241,0.0911642053232962,1.8941020826485493,1.3368812292651184,-0.1453383009322969,0.2489006686794479
3,-0.0734627077907477,0.0810407168247101,1.8938116480104723,1.2962590038964352,0.0046760240206536,0.3392479488706832
2,-0.0796184080031431,0.189983384354782,1.715903298058782,1.5013181225474648,-0.0889630398837343,0.3617015716340415
40,-0.8646526862419176,1.32712604668392,0.6921703521119973,1.0115550133329152,-0.1999999902281223,0.1979171219605874
42,-0.9794615503891906,1.1497701309014567,0.8730000341918807,1.233088141224366,-0.2000000077913515,-0.0008144628146813
3,0.074217902492256,0.0987115987237911,2.002920732894216,1.3740892325542116,-0.0065006471732403,0.1781436583555505
29,-0.3742219166589172,1.9688678689370496,1.4652793678131442,1.2285765388468262,0.0740466224994004,0.1611970392118994
23,-0.389058282010925,1.6862530177849222,1.4045239175346236,1.5840653784484129,0.1662576625027235,-0.3362177278144835
46,-1.0513254581444706,0.7980409621059034,1.349974406012569,1.4048166413064012,-0.0548312726151083,0.1287544303229051
46,-1.0350732241689669,0.897436912203331,1.1334755952146391,1.414839146521227,-0.2000000098313602,0.4759255896594235
19,-0.3741815509617884,1.55463254330091,1.457383477189813,1.6525914877570758,0.1708411214186751,-0.2456131796227415
49,-1.0447643904956323,0.6744640872914347,1.8228215473380427,1.1618072213345207,0.2000000099925562,4.810477133696237
4,0.0262089658139495,0.1517596730329142,2.1453650603678565,1.3089346226999397,0.0354439946389122,0.1902177160982783
18,-0.349219334928499,1.443961130661653,1.5916793843657904,1.702984877043953,0.1996846594636784,-0.3627610431275177
0,0.0111111111111112,0.2833333333333333,1.5707963267948966,1.5707963267948966,-0.1997800309462382,0.3619618367486967
29,-0.3570698179686781,2.013775859162258,1.537281914552282,1.2087395581159548,-0.0905885882014085,0.0384559031411762
41,-0.9108868983255302,1.1796911605227796,0.8390786620464663,1.125161549527823,-0.1999999804358673,0.2584484283568397
7,0.0573136188084728,0.4858389155889198,2.279928418253478,1.7243641045452844,0.1999430133646934,-0.0066861228140265
0,-0.0777777777777776,0.1944444444444444,1.5707963267948966,1.5707963267948966,0.1999210610559567,-0.2055364652182333
19,-0.3721115168457057,1.559486477479964,1.511821293332849,1.676737730263007,0.1998623551228588,-0.1858359073450234
22,-0.3449639895059493,1.6241670833752226,1.4828550117698054,1.6142792952938363,0.1999479012182513,-0.2191282896736014
10,0.0936248494385039,0.6388027774087198,2.136177719631468,1.6945514920247493,0.2000000099626541,-0.0823923568729529
35,-0.596583482210992,1.618655110665703,1.0216177786376814,0.9342898565663048,-0.199999919417593,0.0096429837118002
1,0.0067793877752915,0.0985512106021395,1.7581434509774043,1.4629398121626658,-0.1999571214811147,0.3732862103146646
31,-0.4134947214272856,1.838005469052116,1.4547060402717928,1.0234907098006103,-0.2000000048561338,0.0807722845001685
0,0.0555555555555556,0.1944444444444444,1.5707963267948966,1.5707963267948966,0.1995388147093179,-0.2005827059243218
38,-0.8125059330447657,1.4369816450999728,0.7394846389677863,0.8603232692221933,-0.2000000099735858,-0.0509413145585025
32,-0.4071138386315618,1.909550425192186,1.4926184425738196,1.1409703048654911,-0.1999999303066361,-0.027661825920994
34,-0.5927655568104403,1.6222254708327486,1.0027488815274577,0.8879777059054633,0.1999999477907045,-0.0549767017882579
10,-0.1202711973550316,0.5206956506873962,1.8662611554053168,1.974915432950995,0.2000000099545327,-0.0594389802247451
15,-0.3159978494419143,1.009001760995748,1.629681792771894,1.7704670905338904,0.1999955592475655,-0.1297716114818404
46,-1.016459294108522,0.7957148016626558,1.3140375996616225,1.3956136542370643,-0.0494658864350931,0.5166691262642583
40,-0.8223309998002454,1.3855599961305485,0.7505058762624524,0.9341909763095096,-0.2000000099491918,-0.1850844425037425
14,-0.1343440136964306,0.959810011714392,1.8114725411426644,2.0867838387985245,0.1999970274931843,0.0005056138751152
11,-0.1460643255276875,0.7532822606327977,1.881581840386525,2.027324551470979,0.1998377419003955,-0.3177888664692569
5,-0.1010754134923506,0.34221750713675,1.4962072494116168,1.5638582709946407,0.0055932057906205,0.546847695845377
30,-0.3673698277029087,1.9939013898889155,1.498632663802343,1.2011376387033808,-0.1999893021314506,0.0433529796127469
0,-0.0777777777777776,0.2388888888888888,1.5707963267948966,1.5707963267948966,0.1999070639965726,-0.2955083059516239
18,-0.3178472430760762,1.2670448293514835,1.593075924613748,1.6812975340930103,0.2000000099944329,0.225905086954202
9,-0.114131334442536,0.6566061743372527,2.131959821158324,1.8232052377913897,0.1729681511111987,-0.3843611717085178
9,0.0839334344864786,0.4503955819039201,2.2770884382214884,1.6679367383925476,0.2000000099645379,-0.395356038505363
21,-0.3968129225952943,1.7017146390204985,1.4929169612613062,1.6117900106249523,0.1278584599284106,-0.0935844684429384
1,-0.0777381635415165,0.3070793469283318,1.6978751281884057,1.5287662842912295,-0.1999522089150663,0.1799690314197313
27,-0.3088359219335786,2.081111365393846,1.239168626317058,1.3444356442425436,0.1999290442390345,0.3926048066901669
17,-0.3050372148661432,1.1759158526900535,1.6014850745585305,1.7588092774038238,0.2000000099641636,0.1737386778470375
25,-0.3764042004424219,1.9503347582243504,1.2615869241443018,1.4895126199399462,0.0969710618250194,-0.2754955245595326
40,-0.8608631784599303,1.3772974772123692,0.6742848205056529,0.9258848058121494,-0.2000000092449337,-0.1468272647382551
31,-0.4180669768368417,1.898558645226202,1.4922322566297392,1.1097557332592207,-0.1998982376570698,-0.0601958970086485
32,-0.4620561591378133,1.8143029500775305,1.4122724295657043,0.9374365568081916,-0.1996112690972457,-0.5369450827364596
38,-0.6982761195445651,1.5254197212261658,0.8557878933483707,0.8679953347743575,-0.2000000097225065,0.0773965327170169
4,-0.099935346802524,0.3896063345594585,1.5800259980049471,1.5536437799139355,-0.0051159469026829,0.398710131222884
6,0.0554377489362063,0.2661750513431418,1.5585991303112845,1.573168342502241,0.1372955440720098,0.6362476467550429
1,0.0078778521555887,0.1770160545670652,1.7369637648251397,1.4806986893637029,-0.19991119665372,0.2774458601341247
20,-0.3385983945461002,1.5123383794553305,1.5400272207942347,1.645940629611832,0.1667013918808569,-0.1228438756503588
25,-0.3377828643795512,1.9582694190046324,1.124178753295217,1.4659659983386866,0.1999718298667371,0.3218533887449226
2,0.0545005058590694,0.2300240985719037,1.7151208567109446,1.5096982328124782,-0.1998180286938219,0.3309672897200838
31,-0.399465495351254,1.8701158592838576,1.5014945725586752,1.5652460233780787,-0.2000000099488921,0.2661414118798571
6,-0.1017772257503119,0.3829505406616621,1.9695408859610977,1.1911084161417158,0.0849458781863404,0.3090014154333923
4,-0.0769678085050327,0.2484842570000542,1.9519069838013987,1.450190981637538,-0.1135153977403737,0.2722365145991077
39,-0.8606369548520075,1.2989099036381924,0.790254082628145,1.0866853068794862,-0.1999996495561566,0.235682275111104
41,-0.9120798563658252,1.1896953738409757,0.6794166910138468,1.113851923946173,-0.1999999816173401,0.3968865819142278
45,-1.0345350270235747,0.7658480616902033,1.2279625385917454,1.4130013563596906,-0.1001375598136862,0.5067840534137389
22,-0.3476451447639963,1.6811456404163645,1.3905953663077693,1.586463965909683,0.1999243804923905,-0.1127319149786148
8,0.0554624000387916,0.3275182345455409,1.5627763728287558,1.5719512132837965,0.2000000099659273,0.6187485739757465
26,-0.3724503946139175,1.9296226535016907,1.180188906439815,1.49701900365286,0.1999660382052603,-0.0756453407994946
27,-0.3628051427306282,2.064861819508128,1.146745777331235,1.385692028711338,0.1729440710105426,0.2223764213036408
39,-0.7665709249785859,1.4545289000698964,0.8691218188459565,0.8563043092795407,-0.2000000099550556,-0.1666065477698447
32,-0.4888840543657282,1.7649964574790966,1.364992913850818,0.9787282097623018,-0.1999824116295938,-0.3946278678097543
28,-0.3969912947689633,1.9922803262288,1.240961686768804,1.4688094117222534,0.0030861299769066,-0.2626898939279588
2,-0.1006591150571591,0.2607633117254693,1.49903962115315,1.5822053303574586,0.0145725093328223,0.3487528602232074
12,-0.1503230454626993,0.766119486247043,1.82241960714129,2.01091614916308,0.1999824376372442,-0.0026499219987395
34,-0.5833235435233245,1.6537779802751826,1.0869216388699154,0.9013610895096004,-0.1999840263750814,-0.0642845015834315
6,0.0535685803146128,0.3168872305323054,2.2386951307442526,1.7816888551442998,0.1999174613938167,0.0096717689824802
19,-0.391173402773182,1.5659751030311435,1.5075412849572043,1.6656683279231113,0.1998227551270205,-0.2115432491471911
8,-0.0939619113848909,0.4413107804234519,2.004120753207479,1.9963402862106367,0.1999359260861819,-0.1899574076253135
47,-1.0688411988425672,0.7086429050439575,1.4833539324488978,1.3415497746506388,-0.0870639639925986,0.1877992574811867
45,-1.023064134469474,1.01914707188674,0.9746087724950652,1.3591957570262558,-0.2000000099144924,0.4481391881778813
1,0.0519336357667202,0.0527908016129945,1.724020132608464,1.482258865102748,-0.1966034765835529,-0.0428112042813371
6,0.0282969978694706,0.2432756621806865,2.193950154501928,1.801687227512924,0.1999879555644503,0.0238990294763796
7,0.0584970408842841,0.3275359490315969,2.235255853333745,1.705623455202823,0.1999658939921838,0.0268295238108365
15,-0.1227205736655338,1.1725756724694016,1.88417258212832,2.060553763084322,0.1999765034214869,-0.1353014723487046
20,-0.378011206335078,1.543244138893304,1.4081195922666936,1.6304090039863652,0.0498865855292339,0.047753414446919
36,-0.5996475162984285,1.6140212014496214,1.0201149555530886,0.9363090467358766,-0.1999999924712508,0.1016278154078136
25,-0.3744226250111359,1.910938929899272,1.205290843793426,1.5044227066692848,0.1998922067162673,-0.1042026147913574
5,-0.0017863995461572,0.2089074749622432,1.9452100368824343,1.311116631188947,0.0972160779179859,0.3035687007306721
36,-0.7061399411823401,1.5530305389437302,0.846695483722959,0.8026749320855142,-0.2000000093211385,-0.1261086660173196
43,-0.9932826559155616,0.9624773337820502,1.0207097652044634,1.3164760371657662,-0.1999999898613252,0.1844585287650322
6,-0.1054915420941231,0.26648791168903,1.8592272895064688,1.4101754175481014,0.1732961088910537,0.3677567994479173
28,-0.3974504863706403,1.9597689536796312,1.2605804661896567,1.487917460776337,0.1394516114103422,-0.2736353399612748
28,-0.3371033315609157,2.12639897230635,1.3319758931782584,1.3197475376573788,-0.199943808123043,0.0993683407265263
30,-0.3783255260287057,1.9889379422564957,1.4439180615034442,1.2449859688828655,-0.1799576613763879,0.1799615294037936
27,-0.3564555195874905,2.0824663661990086,1.2230936410513262,1.3549782396149683,0.1224202371972721,0.1518761194639944
8,0.1002621812161201,0.4345215280912335,1.606034212806497,1.5398588093566203,0.2000000099508765,0.6199892317588259
2,0.1000042686394596,0.348947264186094,1.566653617718492,1.572517360634866,0.1355627311486121,0.5544929644281871
8,0.1006421228247329,0.3895812463963585,1.507898942628179,1.5461457728324977,0.2000000099552325,0.678601548401889
21,-0.3626602951489671,1.6263871775898215,1.4518203484502177,1.6575018335006977,0.1998930821827296,0.0125602404766673
20,-0.3760713690635927,1.4946508970455998,1.4693990553043328,1.652637314541909,0.0742778301103866,0.0269970945520756
16,-0.3323874433180462,1.2686773565846563,1.6370321559396128,1.7435280624462517,0.1999739024025563,-0.1794359270565756
0,-0.0777777777777776,0.15,1.5707963267948966,1.5707963267948966,0.1999558785497732,-0.1474204165610083
2,-0.0777108954774077,0.2188087915774684,1.593245525905166,1.564274281692482,-0.100191203316274,0.4321255128351469
6,-0.0994729681434273,0.445254066383566,1.6082499279317002,1.5578179400614558,0.1999154929485636,0.5021504650572188
11,-0.0874424743513362,0.7221409168478711,1.965226356932197,2.066321150804824,0.1999733546835055,-0.1482875778738815
17,-0.3468538726082787,1.222204101683365,1.5987500806150468,1.6994834438139446,0.1999719611842112,0.0298381781045232
14,-0.2858785319852529,1.0131313746540882,1.6884425515916686,1.836178073217185,0.1999894206559681,-0.1040526604674308
4,0.0121944966524787,0.0875640336992631,2.227149815359388,1.3897740243540049,0.1993130474451718,0.142581497397263
3,-0.1009749345975432,0.3085234716946939,1.4773595268514494,1.580590232705401,0.1138774147311987,0.4162049597812878
28,-0.3513610882126584,2.051348905083499,1.4231867688384394,1.2895202309197988,-0.1466521572141822,0.0744369802171455
30,-0.3698048393071118,2.022403585786931,1.340101764598165,1.303532248207289,-0.1999990933795901,0.2814904638874104
22,-0.3338174851973874,1.610126267022197,1.4448489966478686,1.6174753011407283,0.1999819392573135,-0.0849881617146695
1,0.0554041416685197,0.2849710315587989,1.528367863097463,1.582750871808802,-0.1998354758492909,0.2576900116904554
9,0.1020053249238704,0.6255184000115757,2.155573514350925,1.670905116456299,0.1998794293898375,-0.0450583276150709
11,-0.1614968158432937,0.7251708449889043,1.9153523920711617,1.9103350067581144,0.1998269059607836,-0.288284000885852
6,0.0853298501268165,0.2747502498914471,2.044525669742624,1.617637726789578,0.0615895841915396,0.1509660040334427
30,-0.3802798818770662,2.061826384142844,1.494824414202247,1.2474944454089296,-0.2000000097977755,-0.430434016388241
38,-0.7880550039405826,1.3704633172567644,0.8311557556178908,0.8819661162383516,-0.2000000090819222,0.0222323408585911
18,-0.3609001737123761,1.4225222300626554,1.5390099296954016,1.712544647222762,0.1999367777809151,-0.0926933141118701
21,-0.3688051385942479,1.5450647952626362,1.5049023749914507,1.655132899833045,0.0449653586546305,-0.0857928438153355
26,-0.3569922406136848,2.013396783243951,1.161563174084062,1.439418681541171,0.1999445591936798,0.1148913284791549
25,-0.3836042386362411,1.863072903010024,1.166409392617353,1.561601333294331,0.1999294292521522,-0.0515331747920392
28,-0.3399904650033207,2.0665295916414315,1.4449735759353557,1.282714917813266,-0.1804148457345922,0.0900586159205479
2,0.054973953277354,0.2253418877229639,1.729770221808229,1.510025602579524,-0.199728730423889,0.4989177533966668
22,-0.3738841553459369,1.6437669009632634,1.441293385871921,1.6194322022041976,0.1646287621073013,-0.1380762319415039
30,-0.3816924239310158,1.973582186875772,1.380778127410684,1.2796382498216654,0.0531509825095914,0.3094917524586041
16,-0.3364564659522931,1.1215302499431483,1.6550790863719325,1.7715235519644736,0.1999898030497729,-0.121394412286781
48,-1.038118572336967,0.6927703342569064,1.6253168928113322,1.272660372047068,-0.2000000099463232,0.2818394377399298
46,-1.0299339068013749,0.7252426943580603,1.420994778224502,1.3627107818808035,0.2000000097869226,0.2793684804284516
15,-0.2998565881996982,0.9318127149116868,1.7413735511389117,1.935723643136584,0.2000000099968502,-0.2633592860661804
45,-1.0211492930740889,0.8821861844914269,1.0918720001962523,1.344454315054512,-0.1999999968729103,0.1372227170249951
3,-0.0381673160237499,0.2438038890763844,1.956446335711752,1.3798217110537685,0.0460036432716568,0.176013505601895
5,-0.0410406604074401,0.1729782965035022,2.128156275549207,1.287016878598292,0.1938577042844191,0.1006941410368059
21,-0.3858365420932596,1.6162695130252156,1.435814761617456,1.615338730697363,0.1996555620307786,0.012380015677901
23,-0.3497690027567962,1.722279085528868,1.3578182506051402,1.58312419675676,0.1999724521678324,-0.1282318852606988
25,-0.3793419915471357,1.8630434790535528,1.269811757900987,1.5372969177073292,0.1999627902649582,-0.2279173415169248
19,-0.3664545613047748,1.483562407824402,1.5112483045693974,1.6809584101886326,0.1990053269209319,-0.2431104484625241
28,-0.3450666364894141,2.104005290193628,1.275745333233152,1.3384478327568334,-0.1212467246951359,0.2405377234126771
46,-1.000604597764032,0.8896786915037224,1.125292842337165,1.4015869116382298,-0.200000009928576,0.6023614182363519
36,-0.5896728977557059,1.6616781971122934,0.9046763019992404,0.8859005117443671,-0.2000000086971372,0.1500161675195425
1,-0.0115797620202796,0.3290792744881451,1.6958272914078574,1.5230480519213436,-0.1893276651815412,0.2629375227239624
27,-0.3257838140659093,2.10887592644028,1.336455042989741,1.3304377267589167,-0.1341895714149142,0.2601917046913477
6,0.0173993805424126,0.2358208043123192,2.2573635053010905,1.5825481060990676,0.1999845112512149,0.0641802377829469
27,-0.3409907517236224,2.1183089688841,1.3405716466393809,1.3196689149448295,-0.1997945418053229,0.0678807023921252
12,-0.1914911315817297,1.0036418531994995,1.7903919807311637,2.021914064387674,0.1999717211024514,-0.3248782441551152
48,-1.0615108501470418,0.667910803648809,1.6613822685213138,1.2010849933140872,-0.2000000099547202,0.2505071355081814
42,-0.9616224048776734,1.060532417554922,0.8370442139592509,1.2748000074141048,-0.0272444970758958,0.4180371403364891
4,-0.0301750657415553,0.1719375698332088,2.011184231438909,1.2246991363924005,0.0376111377771178,0.1768269252196523
0,0.1000000000000001,0.15,1.5707963267948966,1.5707963267948966,0.1999174993829113,-0.2489113344557941
1,0.0073106332328663,0.0879747820283442,1.7663887898114066,1.4644152020942085,-0.031071127849335,0.362237549607637
11,-0.1933421045317441,0.6989036895478521,1.7859160202231743,1.9681934980575648,0.1999871886964597,-0.1326334193778449
1,0.0069121625608686,0.1872491837758352,1.7517772457654992,1.4665647954446133,-0.199916789520046,0.2614255386223105
34,-0.5240062571920526,1.746164995361714,1.097128746160541,0.8322998879690809,0.2000000097887649,-0.2896594154952612
14,-0.288104077483333,0.9058927251856644,1.6731217513468604,1.8312858935301168,0.1999906467212034,-0.0626152299661334
42,-1.011147271808561,1.035833142020426,1.002038170644317,1.3262971971998476,-0.1187057789839377,-0.1069198985221399
25,-0.2895922631911896,2.1378258462911406,1.413414523997579,1.33804801232601,-0.1999862719659563,0.1865730446667115
6,-0.0745383668383409,0.2536405470951374,1.98831128428248,1.4786001002692988,0.1944402228424043,0.1975443800684561
19,-0.3757953783329418,1.455854640136458,1.512651634463344,1.6646231633233293,0.1998930434304795,-0.1649008261230505
7,-0.070786180195274,0.2793593132001431,2.1222771341588835,1.5530102048471863,0.199976145160404,0.0469268893960659
21,-0.3808041045301101,1.6093938903102176,1.4610360181566815,1.6253638120444012,0.1998567117101801,0.1056671365422349
45,-1.0622684632291566,0.6916429918274299,1.6083121551808457,1.1670108452718837,0.2000000090274345,-0.2019675224337119
5,-0.0525136039058462,0.1159383924948809,2.1623689840224127,1.4503743661360695,0.1999050552268613,0.1279844097501658
26,-0.3535174326695516,2.065763382738546,1.2277688021447997,1.3674306809559935,0.164797930104262,0.1606413844790772
28,-0.3269567817257079,2.0831797445725626,1.4845129966470898,1.2887764543810547,-0.1999980726010995,-0.0611369677415124
46,-1.0559203724465098,0.7959795297402567,1.4343135813858847,1.3922851436627213,-0.2000000090079852,0.2797270964078093
12,-0.2082002158609851,0.8536937936255086,1.778104436644588,1.9772841057224293,0.1999787712650892,-0.1663403416531149
11,-0.1761594711795078,0.6579743356000335,1.7938791560616831,2.0094318523035053,0.1999715254580342,-0.103404295587373
42,-0.9414654385568516,1.1188876149828144,0.748362467685018,1.208305703493742,-0.1411312120075916,0.4434378747651833
23,-0.3542493346731749,1.7324376366325025,1.343824246027742,1.5364560023044698,0.1999752624589925,-0.1657625597672529
5,-0.0574162813737922,0.3478531705393012,1.7775433334198336,1.478943177307314,-0.0305495006731679,0.4488760682313369
20,-0.3782740079914918,1.6696929880023346,1.39140430937079,1.5963280537735136,0.1407975929710388,0.1357894719739285
24,-0.3116079860264803,1.8997100504836224,1.2683783593263964,1.6337937881864135,0.199899507413686,-0.1680377053209208
33,-0.505121269053473,1.7193489919937115,1.173266758271728,0.916761166824868,-0.1999999991457466,0.0584541393330486
47,-1.027556855337827,0.7681703648905415,2.360880400114928,1.3374953326369956,-0.200000009982973,-0.2430807483787989
43,-0.9892265532613916,1.1180390144617938,0.9163310314205032,1.2630745805386168,-0.2000000094807251,0.0717049877419516
27,-0.3483519735159947,2.086220376965416,1.2567782318827252,1.344442640985269,0.0180484844283545,0.2338440748412673
29,-0.3934512869192805,1.9364315723305263,1.5050455956396205,1.1481385504910142,0.1949885639411027,0.0330136934523725
13,-0.2532741639230111,0.8334791549291766,1.7235917086389403,1.9063367716751705,0.199972107633889,-0.094029728570334
10,-0.1375667290653073,0.7094576092698983,1.937925380715404,1.8718240815135736,0.1999158509160912,-0.0492555471961718
46,-1.0577021812127632,0.6625371618598447,1.4890385322865516,1.3089799140406946,0.2000000095978766,0.0661521166407171
22,-0.3895929727260711,1.6764191031089866,1.4073981019344668,1.587604486446074,0.1606643582142184,-0.0475027454138627
43,-0.9408074873963844,1.1021562906737212,0.8363700034704546,1.1372048240197568,-0.2000000080331296,-0.0257398323935406
40,-0.8974199785716775,1.3342024739908307,0.6561303893711905,0.9906505570581516,-0.2000000091689062,-0.0986468806456002
5,-0.072390307788411,0.4662262361224483,2.1997599909689765,1.6553819431437486,-0.0692288500983149,0.1127504861821232
26,-0.3339800417143214,1.9342980321587255,1.213786662617002,1.5467836027919668,0.1999913808313927,-0.103074720644164
7,0.106679848180567,0.376556608245658,1.991709227169478,1.668428404902381,0.1341149397661379,0.3046075333202256
0,-0.0999999999999998,0.2833333333333333,1.5707963267948966,1.5707963267948966,-0.0185437722467093,-0.0478809998652313
10,-0.1153075945562956,0.5978410540722857,1.98979385296372,1.89411954515798,0.1999884142772773,-0.0901653033691474
33,-0.5045461111197027,1.7089636855614718,1.1746416697886328,0.9113697034796664,-0.199999991864842,0.0565397798166444
29,-0.3776651647302363,2.058318401470927,1.4906045022096972,1.241547948783975,-0.2000000094150422,-0.3876079435608249
30,-0.3905318838037734,2.022249143803087,1.538776115575109,1.1810617329141446,-0.1999682663511139,-0.1829292201861187
7,-0.0270543619177909,0.2225324850661844,2.3150940808143954,1.4906783543992868,0.200000009960344,-0.527456920378713
44,-1.007890086021747,1.058630644320202,0.9765011640873292,1.3120129628501775,-0.2000000099446388,0.126038079923544
7,-0.0774471324880126,0.3333947084722118,1.604540535309587,1.558224864465589,0.1997654074788752,0.5326511511963754
24,-0.3474603534628934,1.8646113646215503,1.2204961190607886,1.5201478765671752,0.1999851379662934,0.0449824848765971
33,-0.5153453544253969,1.697172044295007,1.14339837531117,0.9025106471952412,0.1897026550807232,-0.3039723794861776
3,-0.1004651117558399,0.3357224167043322,1.5461261170592646,1.5481448664112594,0.0444548504528802,0.4705280448559621
5,-0.0858949810048161,0.1612662825291644,2.1466650065006654,1.326409810771017,0.1551871695176258,0.1099686290811458
35,-0.6402001541249075,1.5440755018894508,0.992237034314547,0.8765531664115553,0.2000000085223531,-0.0641201550656421
34,-0.5335980548521068,1.7336916862801692,1.0996605018761496,0.8399173586476911,0.1919348517230926,-0.2950294352123185
7,0.0632568086965938,0.3365800153645419,2.224465214708124,1.582909048874171,0.1999726707545105,0.0877512240368668
20,-0.243782587988672,1.480729859740165,1.60165382275847,1.8422116144274048,0.2000000096502194,-0.6508196140362383
10,-0.1005473230941711,0.5095340546534608,1.935082127400909,1.9869106531203125,0.2000000099932662,-0.1951912888496801
24,-0.3887228802371379,1.8129447405979768,1.326487393179212,1.5247236147701584,0.1996793185934737,-0.0977974844215835
9,-0.1122868673616827,0.4016785768171276,2.038958792635474,1.8950574686726116,0.2000000099475702,-0.3879319610375819
14,-0.2796027414170036,0.993637496298344,1.649322774595525,1.8537944666326496,0.1999656485996519,-0.0168024732148653
30,-0.3662251776321049,1.961701793048235,1.549962492496781,1.1409573687360748,-0.1999866894700094,-0.0950912387023831
48,-1.0548245136097871,0.700564780966675,1.5674372623350958,1.2002057954900738,-0.2000000099944489,0.4216467560579321
22,-0.3399229207742416,1.7284616181635046,1.3639144907381873,1.5899131991833175,0.1999808281427167,-0.067075588262751
20,-0.402409783190442,1.5144168733624457,1.5068527022984366,1.652223997637151,0.0793303576426025,-0.0305913402600691
23,-0.4043816458344443,1.7105092812309446,1.4153286899116375,1.5973216628890834,0.0723963936932847,-0.1359073996131009
34,-0.5856275946860685,1.7451873190921663,1.0656864466753344,0.9040986464208376,-0.1999998893158869,-0.3781057964486464
3,-0.0852442506986733,0.1682559104451468,1.878111672648464,1.3871702282480916,-0.1729924482908015,0.1994934774211625
26,-0.3812957047636521,2.0149479504258165,1.2295373315599305,1.4480437204829482,-0.1437728753793239,-0.2429510420083169
48,-1.073470616840549,0.6920958971209402,1.6441272842374186,1.2688947625296758,-0.2000000099729881,0.2660793515326534
26,-0.410900703707322,1.9209862032465688,1.2819356928255896,1.4995696440048478,-0.1998809542553161,-0.3063524033005375
8,-0.0186849107937372,0.3112503031946135,2.380189300575529,1.8380476515532669,0.2000000099767021,-0.640314494397958
10,-0.1613357399540284,0.5760596102245801,1.7948008562114577,2.054507392945266,0.1999907084528451,-0.0717694749682053
4,0.0473931901944199,0.0855948479824086,1.8750210451569893,1.381312936254252,0.1999725037135241,0.4553552293682286
40,-0.8911328704476614,1.21830737027889,0.9218823630904464,1.0380104243298771,-0.1540477353855419,-0.2242908680661898
20,-0.374052472493731,1.5527831623608042,1.4873425672438485,1.661009431331276,0.072080814713767,-0.0449156683600615
34,-0.5802774951424858,1.631178178376582,0.9674256267633776,0.9067058768205124,-0.2000000026112657,0.0585496546843791
17,-0.3224265202753522,1.2239567785302286,1.6286976907925272,1.7528785798180804,0.1999738220277821,-0.0357506506270833
26,-0.3409169475587941,2.182286762553657,1.349180297055517,1.3402197051161484,-0.2000000094324893,-0.45082813277792
0,-0.0555555555555554,0.2388888888888888,1.5707963267948966,1.5707963267948966,-0.1999401343965987,0.4580140345852546
42,-0.9675387347532988,1.0510215913312069,0.8938141288843493,1.255709462339704,-0.1999999888516062,0.3394713837813049
23,-0.3715385967796136,1.868528853303872,1.2771872217443327,1.5544964281222915,0.0726643566932527,-0.0996663865108682
39,-0.8338308264657905,1.310886048139427,0.8642793723609281,0.9618655511663896,-0.1999999913495101,-0.0313576344883955
21,-0.3608072605495794,1.6111740774484828,1.4684471944954731,1.6913472567929606,0.0169768357941904,-0.0339632549412289
22,-0.4069200499765748,1.6541968770403224,1.492806621887956,1.591209971744204,0.1361022066895764,-0.1008741440745124
15,-0.3175792011408783,0.9944485513517304,1.679021903374467,1.8190001974416303,0.2000000099418093,-0.2362258752227317
49,-1.0756193461870924,0.6805799462556912,2.017108921953712,1.1364076301907835,0.2000000098382359,0.4636877818149261
48,-1.0993924117051903,0.6278501544175689,1.799172313013349,1.067119788771136,-0.025650179265268,0.1560296804426464
6,-0.0762206576710639,0.1742426770365763,2.213369161125004,1.5002530376137826,0.1999928450336094,-0.0184161186002976
17,-0.3437567019895002,1.3160670188061734,1.60389040509728,1.7093780283671831,0.1999678372546258,0.0012064828562013
40,-0.8419062505296464,1.303481761757694,0.8348288396981101,1.0198071715843633,-0.1999999823591001,0.1853662935425613
20,-0.4001052177490968,1.4377670499804664,1.5367184105005602,1.6792094784040148,0.2000000083880123,0.1333343351824226
18,-0.3399236809361056,1.3966031355693742,1.5836781925198178,1.763285901667139,0.1992357798288293,-0.1843627916016351
8,-0.0163879144609296,0.5221199629313495,2.1744876178589205,2.037735924874955,0.1999620724271203,-0.2420504492106373
19,-0.316259296133819,1.4934205451354825,1.5127512971546988,1.7236083668642594,0.1999653256363509,-0.1824339074379258
29,-0.3416907234679814,2.003304729202892,1.4083453016963343,1.2419528642423583,-0.1999724951868995,0.1576260996182315
28,-0.3438127535550023,2.1466029231571944,1.2579339879830558,1.3087451964526418,-0.1168992803012094,0.1953889802409417
37,-0.7322260285296737,1.467792363440864,0.8428754398488616,0.9055687693480178,-0.1999999119897408,0.052548447192696
27,-0.3335442878609532,2.104421013147934,1.3848069989990337,1.312700174793298,-0.1998899614308971,0.0709599111673502
6,0.0704337782294149,0.2916460427923049,1.9958674731340744,1.3377943673815216,0.1999038155294503,0.3516607484710356
4,0.0768973571637617,0.1029112719360725,1.6899620148665715,1.520671927158224,0.0584882800819305,0.4198902323585821
24,-0.3752040029547028,1.71218990528155,1.403760858872209,1.597334519137306,0.1999669005634448,-0.3655867734006894
12,-0.1974879914764783,0.7491603896920989,1.7548518935826165,1.9689251728303856,0.1999789105319528,-0.021109475218324
19,-0.3517238598241531,1.4241187467748957,1.5183254716555432,1.7043427607391926,0.1998586396115454,-0.1291293457720629
10,-0.0822996931543823,0.5551059763126651,1.9936568337169032,2.050689504873666,0.1999973337913205,-0.1810454582612939
43,-0.9894932390934014,0.9897485266582542,1.1964426439437774,1.3184975285818126,-0.199999982423002,-0.1222731228279343
10,-0.1179418504472303,0.6142360040834791,1.900798150399004,2.086248579634161,0.1999452960129359,-0.2155688148185623
33,-0.4820629242193514,1.7708501626326174,1.3529150123384337,0.9531820091576466,-0.1999999277736666,-0.5113074209982708
24,-0.3509312362873032,1.8307584101267544,1.2796887765314915,1.4757558368681658,0.1999663240365908,-0.0393821062375448
32,-0.4562297719293698,1.8255119501361223,1.44763590778518,0.9442505981342136,-0.1999726716013375,-0.5745740923993332
32,-0.4623970603344406,1.812501207361176,1.4170815284040312,0.985127381855558,-0.1999633367516607,-0.4335761682953309
7,-0.0327458511833761,0.3167604186053037,2.146962904432092,1.878894070909984,0.1999633628886435,-0.0816527955412362
5,0.0522535476111267,0.286395259932437,2.1216171170261244,1.339920922147763,0.1552360695491694,0.2944187653760029
32,-0.5235931880240985,1.7211846383409242,1.1993021416154246,0.9225733353040012,-0.1999490127020587,-0.2394336356934085
15,-0.3115539062917866,1.1256824694473708,1.6444104063001015,1.808112302874345,0.1999793408026784,-0.0880008803201096
17,-0.2167809865807744,1.2313555730482677,1.6906829553834797,1.9673791666763365,0.2000000099493343,0.0916412439760428
7,-0.028428599218364,0.2531896647334882,2.2731651021775345,1.6782076605354794,0.2000000099518518,-0.5270847450281693
0,0.0333333333333334,0.35,1.5707963267948966,1.5707963267948966,0.170124964207505,-0.1804545883788153
41,-0.8774698220061998,1.241046450807814,0.8577013342317681,1.0672686699957463,-0.1999999925280629,0.1579788725729016
0,-0.0999999999999998,0.1722222222222222,1.5707963267948966,1.5707963267948966,0.0400688559113371,0.0219498102015178
7,-0.0363286814585938,0.4553969442536583,2.190570277222667,1.7869322340494878,0.1999532048760373,-0.0875265950493098
30,-0.3746682699702096,2.0582721957775,1.4898507567730288,1.241175146413193,-0.199998012749376,-0.3278017016496706
6,0.0624821545278916,0.3805884038347181,2.2376158470859173,1.529342864184084,-0.0307748463678748,0.1689441536452566
42,-0.9387943647116184,1.1279980370228886,0.7343581217017512,1.2004367459495815,-0.1549986203887607,0.4498211492638739
3,0.0796415786783841,0.2833671105925874,1.9477500329401831,1.4704078890669547,-0.1712996831191072,0.2057327210277277
28,-0.3564179094777681,2.0613593572959146,1.2201360958304743,1.369870545640521,0.1797230016102928,0.3172221932398452
15,-0.2188032791410072,1.139189538799224,1.734695711233888,1.95455263220772,0.1999700989695113,-0.1225679551682818
42,-0.9390367780819004,1.1280494722186232,0.7362457188454012,1.2019622165098949,-0.1530392310670847,0.449353372471061
35,-0.5788857561494278,1.687666116643616,0.9933290230717996,0.8057957430942357,0.1848269369582497,0.1608120840504474
13,-0.2608437442279151,0.8227968715541764,1.652851485708032,1.873802170902208,0.1999799817930895,0.0835099131853884
46,-1.0190997058109712,0.8561996597022855,1.1303857723858697,1.3375463867902448,-0.2000000099192787,0.2396344318757034
9,-0.1148707860459208,0.4827399091557005,1.932313018539224,2.0616592157036746,0.1999866088300583,-0.2408854452936076
8,-0.0293246207268961,0.4822350338677231,2.29262933726722,1.6876373028653424,0.1999606365795946,-0.1433904752589077
36,-0.6698634756986794,1.5653827253459376,0.9709075684484958,0.8455859207211007,-0.1937942024825048,-0.2782148625377151
10,-0.0468211991543763,0.5236036896981642,2.271648862459932,1.969608145148131,0.2000000098567487,-0.5817717114340679
44,-0.9853188329758032,0.967797395371108,0.9861509809878212,1.3555236656153584,0.056924999586651,0.385853211889932
45,-0.9832504060735998,0.979465134159706,0.9728338653829436,1.3513274520569063,-0.2000000099600588,0.537585334759496
34,-0.5043511760965742,1.7116834866426809,1.2096198546376566,0.90964770685556,-0.2000000085961396,-0.0775806199957862
41,-0.8639246812409203,1.240237980942038,0.8753760243442397,1.0057024258451597,-0.1999999949209036,0.0018226357875569
11,-0.2004507635094053,0.6063091366078434,1.8041451099005084,2.007092075168467,0.2000000099441373,-0.2960601388110593
20,-0.4003199359725183,1.5026845359184249,1.50817741925386,1.6500329971458605,0.0992006622267322,-0.0529139164868131
4,-0.0359750499076695,0.2945047801789367,2.0179096702511794,1.4026527631713188,-0.0914285086298519,0.1585819413853265
6,0.1007450177898074,0.1608823381489115,1.528507606187139,1.5933344433633625,0.2000000099573261,0.6185660581671721
33,-0.4461004536030811,1.8074655151286103,1.4897057181831936,1.1041622803971256,-0.1999999971076528,-0.0970650452825307
16,-0.2783547962295119,1.120162818812453,1.6302303234722952,1.8186270560330824,0.1999981545035369,0.1338407011529547
29,-0.355130798780599,1.9574775027126008,1.449256450929914,1.1770398363758223,0.1998808749437578,0.2806124414267646
15,-0.2955576284856681,0.9582837057249952,1.696932383873735,1.901930056341113,0.2000000099727088,-0.2437813496063775
30,-0.3260597573231107,2.0413445401713206,1.488163218894277,1.1746966132331027,-0.1999999097572719,-0.0078317705412021
1,0.0078970768334395,0.0755005987886288,1.7649301449444632,1.470326836505169,-0.1998837316579282,0.3774306009130717
6,0.0614310992154714,0.2655337680026182,2.2524050111751537,1.654559048189423,0.1999650690574797,0.048668183498095
49,-1.0979720717755723,0.6339555655134121,1.8052294413235528,1.0916435591854918,0.2000000099568708,0.5888802943124237
11,-0.1391385610873552,0.7633368788672463,1.939844080307756,2.089194947713572,0.1998619258099109,-0.3460932712793394
29,-0.3694735668882642,2.017079361484165,1.3566841008749346,1.296526573373131,-0.0213240168761512,0.2833447245158212
31,-0.4119606905727828,1.8394180464741967,1.4664903628316264,1.0311861194810867,-0.1999918850118155,-0.3387862881253042
49,-1.098416049716612,0.6311804987612859,1.793909047791038,1.0777027815431524,0.2000000099927341,4.868302132787474
0,0.0777777777777779,0.1722222222222222,1.5707963267948966,1.5707963267948966,-0.1998398960524347,0.0661424112394177
23,-0.3797497800658899,1.6739149718452908,1.4283473725107054,1.599233475591503,0.1998361310244109,-0.3645275244685819
26,-0.3565991755563627,1.9894967213496024,1.2063194495384957,1.4072552918693122,0.1999315450104906,0.1985252712706974
44,-1.0029294842218863,1.095773627953105,0.8769684257593493,1.278451950773484,-0.2000000099480567,0.2181577221678145
11,-0.1434522965025344,0.6675908047521436,1.8039812306549887,2.0241964944899133,0.1999778397571656,0.0502865214024923
29,-0.3786444981573522,1.9555039514600328,1.4999065036561827,1.1762402039480833,0.1341164240705425,0.0457656853880635
5,-0.024951268357128,0.1447780739070571,2.2662854967306454,1.577614390858978,0.1999433422591305,0.0017185908382375
47,-1.0027603195804125,0.914971465839832,0.978397994362984,1.328062565006087,-0.200000009987116,0.4381219851432168
45,-0.9991712756866024,0.963584580434886,1.1458751027680174,1.372909560599648,-0.2000000098973548,0.3778696868722468
23,-0.3857568682587709,1.7145883324480644,1.40554661775497,1.574517587672882,0.1992415436813626,-0.1170405287760295
29,-0.3708091665965618,1.9938088265229428,1.4551055515792708,1.2457634655803314,0.0270732795143639,0.1352581665836418
17,-0.3130255037797114,1.4117294943657075,1.6300671736920085,1.7647894042661068,0.1998270134304564,-0.3036261449737877
13,-0.2766949489654696,0.8647320455479348,1.6840752820160727,1.859170367957693,0.1999578320908302,-0.1225133998002605
2,0.0038534630851512,0.2341312997633082,1.8806986967709405,1.3872518245987848,-0.1567261671211348,0.1388307918875792
8,-0.040202419877207,0.487928160607755,2.1714615943518023,1.9133543227324927,0.1999809372894679,-0.1766458076324739
17,-0.246602045885312,1.143147409480896,1.73720042134193,1.9790676863744567,0.2000000099751926,-0.215744790010379
12,-0.1862912421865593,0.7813341523942421,1.7677541087057929,1.983056362599756,0.199991671944636,-0.0077333293567602
2,0.0532744779435523,0.1354006252082185,1.839331672587667,1.4517447728145576,-0.0668451907358579,0.3050496095417704
18,-0.2967175907386961,1.2645312142128933,1.6533005713161568,1.845098066365935,0.2000000099932765,-0.2384681244147087
15,-0.196835246499106,0.9757270575870458,1.745370847233806,1.977577516887014,0.2000000099944548,0.0098071531096666
14,-0.2345835664754168,0.9030190542326176,1.722396177300487,1.930315487760525,0.2000000099653326,-0.1783580285794308
4,0.0775675170167009,0.2924299952692166,1.5329920994725563,1.5802348667211137,-0.0764839260174785,0.6027880369929777
18,-0.3183490366764064,1.2652935314986091,1.589821548261915,1.6871094811223462,0.2000000099717195,0.2254476003611474
7,-0.0253561161320831,0.2986872420995355,2.202135377624307,1.83720626428474,0.1999734879855039,-0.1116206910079429
21,-0.380441717222449,1.5504437653191778,1.498731986680303,1.625943336041075,0.1313763262982293,-0.0172276705707587
33,-0.5086342174402516,1.7040996555503194,1.1747859130289893,0.9063520231141852,0.1161269252826005,-0.3349691927901451
9,0.0110681063417335,0.496770216438621,2.2024100432780127,1.9563935552750955,0.1999846325315729,-0.1211675568020251
3,0.0493952745025105,0.1389843872539353,1.8546702610936503,1.4072430004405518,-0.030174351380479,0.3989683160558455
1,0.0779476207130744,0.2482708046773581,1.6810209015992026,1.5362692372164028,0.1842247899931388,-0.2872934953644965
25,-0.3699298315602709,1.9900013906586789,1.47907369869319,1.219851464602352,-0.0720015018447614,0.0299459204051428
2,0.0555454944563994,0.2337711619355774,1.5827786112811904,1.5666701192587522,-0.0180603006673846,0.4825010253379939
0,0.0777777777777779,0.3055555555555556,1.5707963267948966,1.5707963267948966,0.1980580779340769,-0.4044003507504034
21,-0.4040893984400732,1.5968088830551377,1.4961773502316813,1.6171489014055276,0.1092532058874584,-0.0722594004759192
10,-0.1405639680176172,0.6596326798474753,1.8850040669229369,2.0448415330098584,0.1999396994155007,-0.2041784201177421
33,-0.5146489787109318,1.6976912540489573,1.1433243314411978,0.9029452738839804,0.1942013551767769,-0.303025843636467
29,-0.3862676415499649,2.0703772881151203,1.2305822605874877,1.4191062052687662,0.2000000097764222,0.0988233789153083
0,-0.0111111111111109,0.1944444444444444,1.5707963267948966,1.5707963267948966,-0.1999373627620231,0.3806528054887994
43,-1.019328305627961,0.9907834466484904,1.0491197864201407,1.3554990235257676,-0.2000000017938617,-0.0023136772939034
0,0.0777777777777779,0.2833333333333333,1.5707963267948966,1.5707963267948966,0.1803125719895828,-0.3792818520278246
42,-0.9544418535401136,1.1324325214312672,0.998606348871098,1.2432633924242225,-0.1999999491023651,0.0282922152491186
24,-0.3851812886527194,1.7999422158858218,1.216935943722105,1.583683875772275,0.199980384317913,-0.0079951851735364
25,-0.3702149448231726,1.855212027813829,1.1630259271806236,1.4806777656829582,0.199970833411668,0.1347049770669562
25,-0.3735349070362369,2.0132139439481147,1.2294536168363432,1.4743954402884345,-0.1999769506380583,-0.3093862374203496
4,0.0777292586859573,0.3245664733002669,1.569498018422399,1.5700389576014186,-0.0981710915638112,0.666352087335267
47,-1.051529243979344,0.796681830434052,1.3966002660479884,1.3872543053879989,-0.2000000099679822,0.2039429307844678
16,-0.2985965095254708,1.084344770758965,1.640577514716659,1.816382912335648,0.2000000099932365,-0.0715460178352737
36,-0.6542862187937876,1.6421756690297815,0.9414931582894664,0.9108283595249788,-0.1999832891531979,-0.00705456527733
26,-0.3280645090040668,2.0139535191837186,1.184089315184627,1.3801366293030604,0.1998464863992301,0.401309803719986
10,-0.0830784600295213,0.5736862227071496,2.1976154139873127,1.780250012667845,0.1999766263846022,-0.267090772390344
31,-0.4260720281957427,1.9351467193404384,1.5070704045381884,1.031586654446792,-0.1999881329277412,-0.4212313991115101
7,0.0581315334143287,0.3148202361438975,2.231322438516889,1.7106271972831306,0.1999909845307642,0.018752412771685
13,-0.2407979643641497,0.8513321912358226,1.7323388839748244,1.90800011178672,0.1999885896638469,-0.1005764181171592
18,-0.3290103955693877,1.280522180226097,1.5714247907188277,1.6944391730698534,0.2000000099685035,0.2204237256611945
22,-0.3909122557343852,1.6438532840256086,1.4240619438376765,1.5963560768646272,0.1476817589750029,-0.0800659438844582
8,-0.0415658415446223,0.4612589709139409,2.170765725025211,1.915973559689209,0.1999544586294791,-0.187167651515808
12,-0.2189860137584621,0.7297828384965624,1.7139111022141318,1.942621112322667,0.1999797112187096,0.0282792038566801
5,-0.0223140462459823,0.1924565400137044,2.128410489359174,1.285274743502684,0.1579650636601865,0.1591494802796338
30,-0.3673973131241242,2.029822715333583,1.3608558932926993,1.2967045096994292,-0.1999999205927026,0.2583424729002894
25,-0.3341807954858791,1.9020478722203484,1.249258075901542,1.4634393054370631,0.1999971560508724,-0.1236522803074773
14,-0.2644595223720888,0.8599419761418954,1.653026350834642,1.8385882642209723,0.2000000099932527,0.1255950234267648
1,0.0287135144202913,0.1272140661517929,1.7911685268071036,1.4475002823917786,-0.0792816666178099,0.3291593548817217
20,-0.373193162867259,1.6229412292846723,1.4213657836106162,1.6270419586335256,0.0987324618933719,0.0984206861481761
10,-0.0590118898574145,0.5774403752042062,2.062466473379408,1.9991475234162468,0.1999822625817985,-0.1336953128567458
47,-1.0599647813542985,0.7598331331462599,1.5078329193082194,1.3653906972555687,-0.2000000099498508,0.150313979916221
12,-0.1316432591681495,0.7853982530796445,1.8619150878481976,2.087115708263149,0.1999778169754437,-0.2028486142603812
23,-0.3851247062932378,1.7521907249803144,1.3581152829017975,1.552914825691751,0.1999100556367486,-0.0957849684122378
18,-0.3443833391793166,1.344180985189373,1.61670691619185,1.7427657284860394,0.1998355225381123,-0.2511344704727558
8,-0.0291141716145768,0.413782446184988,2.1840464855220656,1.8479612359837547,0.1999898997208238,-0.1099719970060458
33,-0.514876700118631,1.697667129087691,1.1455435874548296,0.90282914911217,0.1826387341796899,-0.3062663453540091
32,-0.4623198694594604,1.7658489383780525,1.3315957310285906,0.934918005529277,-0.0422102422892312,-0.4652116228564651
7,-0.0705350626877223,0.3304820870408395,2.17958162079123,1.596617100945891,0.1999634203472,-0.0024828030982892
17,-0.3468012420081452,1.3343822374952392,1.5887619155135493,1.745436696453598,0.1999617337262352,-0.0093169387636991
0,0.0333333333333334,0.2388888888888888,1.5707963267948966,1.5707963267948966,-0.1999195398148711,0.3072963520577247
5,0.0390282765323821,0.2353568992458206,2.29996477911738,1.6833334747836184,0.1999510044179311,-0.0151627371570081
26,-0.3272798652413106,2.012805895358877,1.1878722543504576,1.3770523610382102,0.1998732701815602,0.3986370251407691
36,-0.5634541864576633,1.6574831187890458,1.1312663900342326,0.924995845402516,-0.1999999820250099,-0.0713347020303818
17,-0.2028714424230751,1.211393910517213,1.7688764641669137,1.984630013181247,0.2000000099402977,-0.2441125495513912
47,-1.0235676518123162,0.8063541621412651,1.5420383599258098,1.361499007887154,-0.2000000099674961,0.1077850861026684
43,-0.9541511001202098,1.1129179052745664,0.7991130790349583,1.1341503320811643,-0.2000000094193917,0.0114335620997911
20,-0.3802579298053775,1.5456394235891626,1.4077756400170576,1.6179097494463857,0.0772583449817023,0.0530260584533271
5,-0.0545167177681786,0.1998263012969131,2.145152063169752,1.3787069186329146,0.1125445238409365,0.1181131761411418
19,-0.3482184114221965,1.3232931182280805,1.5993346954372267,1.7006494911364427,0.2000000099709594,0.0165467280355591
27,-0.3259242168232736,2.081065099262889,1.304181811246842,1.342319271761653,-0.0028700992691983,0.3693206359968002
38,-0.822325603787293,1.3954018402851085,0.7640915629702795,0.8965312818749388,-0.199999880978237,-0.1675279233970388
24,-0.3847588393294708,1.814663751289133,1.3255319940533976,1.5255242725404206,0.1998134777775803,-0.0975540553582534
37,-0.7746924805978745,1.4644379682912168,0.818085302161752,0.905660440517912,-0.1999997392745726,-0.2412128777476098
49,-1.0773655603059784,0.6794660632962253,2.0692019211736064,1.1595993397960165,0.2000000098466412,0.4636877808754914
21,-0.3713875587283555,1.5321372032042266,1.5129633816566803,1.6479018604106197,0.1327508676174404,-0.054766844585709
2,0.0754125331782424,0.396379568700918,1.3482008458859474,1.5935354522041432,-0.199793081258429,0.3061016646719437
5,0.0565965388430488,0.1724603271829457,2.1401635157552104,1.393100888578513,0.1999433089790301,0.1897314065450465
7,0.0572719379701784,0.2917120874593333,2.2231639670815806,1.720127514596424,0.1999993023939142,-0.3653604982824763
4,0.0086182062705751,0.0860659127987648,2.0306770811465125,1.174932299156633,0.144166000995577,0.3173867544988004
15,-0.2826668541322701,1.0654764084670376,1.623196450122867,1.7742001748806515,0.199969432775319,0.1924915785822332
25,-0.3759251599953438,1.7974482693613776,1.3372938195851187,1.559782854874663,0.1999904080283734,-0.30153599540426
36,-0.7130857345235918,1.5444487864218197,0.8227857854176197,0.8765295067717817,-0.1999994479331851,-0.0416108527734924
17,-0.2907234039594306,1.2947935217462556,1.6109567629781107,1.7723412988178933,0.1999719941917933,0.0924082930268474
40,-0.9391128379611102,1.162146811797799,0.7864732018165199,1.1824831590624805,-0.1999783068069863,0.1408328605728684
4,0.0511935175553524,0.2179260767825413,2.0228108848121504,1.3600703487226424,0.1570475584371898,0.3506457720103494
30,-0.369443547945203,1.9790427709004537,1.5044521062976193,1.194958479828809,-0.199984422362644,0.0382774206062591
3,0.0780262592798565,0.4133549738341603,1.7527878964927537,1.5125270186996662,-0.1998268386521164,0.2309828364815839
2,-0.0312169070068263,0.0209002024830476,1.9419078092126647,1.2537919305893055,0.1151266785074071,0.2441580053540839
7,0.0345057801164954,0.3864206550283675,2.2344434718277792,1.7159211990555496,0.1999738182657656,0.060567124398323
0,0.1000000000000001,0.2388888888888888,1.5707963267948966,1.5707963267948966,-0.1997944314823915,0.0370911470647881
9,0.0617332373091219,0.5414437466514257,2.3204453185689617,1.883044291808179,0.1999844133187549,-0.0946681801167255
9,-0.0035196322876284,0.4429741561867786,2.287776799001966,1.9476556090660049,0.2000000099521405,-0.534083721778593
38,-0.783462440744888,1.3888047232302267,0.938708316333172,0.9474435448905448,-0.1999999906452451,-0.2176506244657778
12,-0.1549317009014052,0.8348148418506235,1.852545534321342,2.057147214446032,0.1999713550299865,-0.1879379325613322
10,-0.1588344048633896,0.7565312024609018,1.8259088779476027,2.019097200718267,0.1999852286641765,-0.1175905955417518
6,-0.1008921055678323,0.3186021505543114,1.5912779765811305,1.542147864806085,0.1997149963882227,0.5343805696743129
12,-0.169895562868918,0.8529823665822722,1.8478136121864348,1.9795061390115256,0.1999772070992724,-0.2002989117981552
32,-0.4134684829659729,1.8426825790817565,1.4679462956872324,1.0382230013883915,-0.1999999689773923,-0.2649236976467116
24,-0.3815507381668191,1.8382209755486196,1.3087475011732916,1.5253055443003782,0.1997471929107248,-0.129371617141307
24,-0.3852863580318317,1.810160127037508,1.3363669710841517,1.5373175306833111,0.1998885328349197,-0.1204828248228014
3,-0.0243316739529548,0.0217786033588528,2.074141220250402,1.253231962897125,0.1998732820699417,0.2845063111036771
46,-1.0018033081536724,0.9206547705627662,0.9678043025222164,1.3253076174399057,-0.2000000099769251,0.2312406799077275
17,-0.3584175785203768,1.2809891762910006,1.6181672188129763,1.6989815290814094,0.1999743713357769,-0.1296994720556409
11,-0.1676514689096109,0.6832326968407705,1.8192372838986748,2.027599342789321,0.1999884279442366,-0.1586815065114556
42,-0.9684332031041306,1.0365227866699878,0.8803178454425673,1.3007510286820942,0.0409151572239881,0.3974514721212598
25,-0.3777025303823842,1.8478446845281369,1.3007002818074564,1.5242621706727275,0.1999531689976536,-0.2583046668360971
12,-0.1233257276008324,0.7581024672451601,1.8421492586520056,2.0586856072481563,0.1999959163530813,0.0130501007104333
10,-0.0712634806770676,0.5862341503649265,1.9835844981160504,2.050347566162339,0.1999914974633018,-0.0736804259792834
48,-1.0863485229911811,0.6132911854563374,1.869267323115144,1.0208578111443287,0.0290511502685058,0.1421865038009944
22,-0.3458656704555407,1.6217475197541853,1.4810279394176344,1.6152484494911774,0.1999633843659262,-0.1384058514309308
30,-0.3336598645995121,2.0183860901551007,1.5092409635570387,1.1647890431698666,-0.199999936434286,-0.0504991468268717
23,-0.33787331961964,1.8701186978921431,1.2575822109964232,1.4916464092445738,0.1998554970561722,0.0574302688793693
23,-0.3796276557577723,1.6863948821111434,1.4242697852340085,1.5966495448901743,0.199693403023631,-0.3840975845935779
26,-0.3278043665887122,2.025556955298154,1.1963529447701315,1.370716759886942,0.1916229436275251,0.3969938561988535
23,-0.3852462178941159,1.6755217747367968,1.425952593856726,1.5816869508678963,0.1930068056343299,-0.2000735586734629
10,-0.1575421803440213,0.5702668979678426,1.8674378134984584,1.9896417777618,0.199967810419435,-0.1899133823826256
13,-0.2534413980457973,0.8874289661052452,1.7115580374982695,1.900243442728632,0.1999782928147012,-0.1316995166331205
19,-0.3555639857451905,1.5679335472785425,1.5347646223988871,1.7315649785549012,0.1998799356653963,-0.1016066101840579
19,-0.3704022969633471,1.5109918236391862,1.4997513266888003,1.671534117261878,0.1998598721824168,-0.2395331666101384
13,-0.1884955923846504,0.9131606231076904,1.731783160069261,1.9719693255979824,0.1999165206320555,0.0699229265588945
48,-1.0402854789948854,0.7565886101729308,1.2474121349540097,1.3456599072809263,-0.2000000099955952,0.6535786770942251
4,-0.0730482201388857,0.3954010672838602,2.09388525883225,1.465980098013408,-0.06727589303151,0.2397350806348636
8,0.1012342614060612,0.461338965276163,1.6689840192582943,1.5325524222468796,0.2000000099526058,0.5747555828380201
16,-0.3384217738211225,1.1487663931497405,1.6257417211916785,1.738648715708292,0.1999846298651179,-0.2073160251876434
1,-0.0999984286880539,0.2360097504957909,1.5713287750866751,1.5706412470497502,0.1999530886244187,-0.2354295267484926
20,-0.376570815013618,1.48182515001673,1.5439394126322608,1.684092651388472,0.1999020653859967,0.0323680973280429
42,-0.9757269057287178,1.0260384120661048,1.02947476786178,1.2584039160482774,-0.1999996237963393,-0.0306662725267791
1,0.0549768637638255,0.2861272210760554,1.7412167499449591,1.506167647581852,-0.1999147326481692,0.02080489310632
15,-0.2906403182472819,1.2045544241812185,1.6908114528876728,1.8004960289198018,0.1999916651205441,-0.159576829937379
48,-1.04648959836067,0.7106017558724989,2.2964543076839785,1.0554495488440394,0.0048830638844784,0.0950140417400363
41,-0.940959166609592,1.24418698474069,0.7679127054896693,1.1371369991949145,-0.2000000098865678,-0.0324946520291126
0,-0.0777777777777776,0.1722222222222222,1.5707963267948966,1.5707963267948966,0.1999327429187181,-0.1437248075601391
20,-0.385607109097813,1.5242159401892093,1.4959546523776392,1.620455353734839,0.0862206908022521,-0.0475458636200176
15,-0.1723835298358698,1.0679806473936924,1.799682632910752,2.0351479293200865,0.199985372825875,-0.1984269220092761
9,-0.0740867451166241,0.399483880061972,2.0782987187292914,1.9217137829072608,0.2000000099469779,-0.3878972853052365
18,-0.3628668281880031,1.391140191610158,1.5594023215260844,1.700773865336764,0.1997631484173917,-0.0192658044935647
0,-0.0333333333333332,0.15,1.5707963267948966,1.5707963267948966,-0.199754981867732,0.2746246162523801
27,-0.3521532189707946,2.118692273464409,1.445669033625398,1.3083307625185403,-0.2000000096166315,-0.4582062227735128
28,-0.3420118965026657,2.17572501540153,1.3276026817646365,1.3420615431486829,-0.2000000093798001,-0.2204496151415006
18,-0.3587511125693439,1.2953431036184246,1.5645400324627,1.684437427518281,0.1999520657987377,0.0866402636945371
13,-0.2290377120667824,0.9381836373035456,1.7366488176074366,1.9343122031070823,0.1998548476332729,-0.099820997831706
24,-0.3688740753576239,1.798830738239737,1.2486763381522206,1.6244318495437209,0.1999521682694901,-0.0487920788596536
23,-0.293258811193856,1.6364971404269826,1.5415311130371432,1.7395331557037883,0.1999998621762363,-0.618751148996218
49,-1.0818774318496445,0.6314011825727547,1.646734689423118,1.1662906841267606,0.2000000099342571,0.8906916555989008
41,-0.9133239551844188,1.185348287977296,0.6862026313927512,1.1183718569332275,-0.1999999777122169,0.4005267945529236
39,-0.7522290821092129,1.5133749972781934,0.7940895455565791,0.8075669918140405,-0.2000000099421872,-0.2405653853966755
35,-0.5685811504751832,1.634355440379692,1.0552182170238833,0.8779720489692001,0.2000000097301393,-0.2074473226173175
27,-0.3761271163977818,2.060251640543812,1.4954946460810046,1.238300988260996,-0.1767547135160622,-0.491056259086593
3,-0.0121152449728572,0.0955132515562145,2.044435084858213,1.1709140123149198,0.1999282736090381,0.1814105847574396
0,-0.0333333333333332,0.2611111111111111,1.5707963267948966,1.5707963267948966,0.116202589184499,-0.0235042319116032
4,0.0160505308395926,0.0736494785680484,2.091167126843009,1.2086843156588314,0.1998756418797401,0.2047293887622159
21,-0.3495996205482366,1.5319994386314313,1.5132791409876685,1.7039028791591078,0.1782707358930438,-0.1510431938833846
23,-0.391664110903767,1.8411787538438107,1.3339184234526495,1.5455572440780614,-0.0104159152131435,-0.0801348787363735
21,-0.3827209184551585,1.602101906737467,1.4377752738681178,1.6207272215080362,0.1997474376519533,0.0810769187421509
15,-0.2621190082837256,1.0358382074911232,1.6872153399772944,1.8639274880788488,0.1999828938015365,-0.0523293314529574
41,-0.815540736157493,1.329143697784037,0.8317518225547413,0.9124293891205126,-0.2000000098970097,-0.020112648712824
19,-0.3207316951637478,1.4262121164583834,1.6098134443511365,1.7701534988047751,0.1997840647840367,-0.0749999006483469
9,0.0743319785778905,0.480010918071834,2.20410176838306,1.7522458589528342,0.2000000099595164,-0.3419096644804939
43,-0.9919359236594084,0.9838553851647476,0.979009542399241,1.3652628736543762,-0.1999998624258593,0.5190445868232866
27,-0.3097186441199931,2.100021672366389,1.349554137387548,1.304339516462751,-0.0920668590379488,0.2784835227384326
48,-1.0713368966569428,0.720594875257721,1.620498684295688,1.3034768241065364,-0.2000000099759424,0.2793844058540933
11,-0.2279438823737623,0.7357713433533335,1.7388579050495343,1.9080701645333784,0.1999664903175727,-0.1983237072832649
4,0.0410048198674118,0.1775610258272967,2.044078894951616,1.2504937798554834,0.1914666561632044,0.3149703332370486
49,-1.0664267813521215,0.7590365614848344,1.4824744994428496,1.367450044971243,-0.1125590785552123,1.0511535629561528
2,-0.0360881026363037,0.3144594384697258,1.9063549200680596,1.4210920824832052,0.0246930614204767,0.1675666770035796
32,-0.4168371556017674,1.870709191665184,1.4333301885661225,1.19895326663366,-0.1999999933042721,0.0934025197307489
41,-0.8736220933040317,1.3134745636481036,0.6306115299525616,1.038857002354597,-0.2000000099896142,0.0653101213926428
48,-1.045118278252365,0.7694269068287511,1.245712042846952,1.3650839010494855,-0.2000000099956431,0.6501777495647569
22,-0.3433331575157703,1.6370479017651107,1.4371970678356032,1.629351647585593,0.1999172430901772,-0.1535211849611906
37,-0.7216089811704475,1.4506503908119532,0.9066250743952136,0.853012085065311,-0.200000009360486,-0.1240472417928001
12,-0.2218469294447015,0.8579713931907952,1.7468834380295617,1.973062547071159,0.1999873996963356,-0.1391125509082229
7,0.0349326061333062,0.3703113442828532,2.261120424666677,1.7115695345886663,0.1999727711876382,0.0073621736674111
0,-0.0999999999999998,0.3055555555555556,1.5707963267948966,1.5707963267948966,0.0265806366378914,-0.1149725398624993
5,0.1161499092943707,0.1657139672535029,1.7491207128044346,1.6067342617647915,0.1995620402980192,0.354234860796479
11,-0.1342176467673313,0.6475918339727484,1.8536331700768809,2.021193907775704,0.1999899525736464,-0.0215692236137222
38,-0.774422263413153,1.484195573555227,0.7723399112608771,0.8168506147312851,-0.2000000098660712,-0.2991220919620481
14,-0.259230956616909,0.8622053031098755,1.7353493208673338,1.964016397638233,0.2000000099517277,-0.2660758824782938
6,-0.0267599112428803,0.181203372215796,2.202414223053728,1.562522378079215,0.1999804337013349,-0.004726399652464
40,-0.8738460316066499,1.3734032686738622,0.6512923660364489,0.9430479253506324,-0.2000000093511832,-0.1134728420222006
23,-0.3784892486297468,1.6807707996552093,1.3375232625585665,1.5556693840567195,0.1999645231758844,-0.1005002624763198
4,-0.0214283213683584,0.1901896490656472,2.0801967168834548,1.283315918230624,0.0262374255826387,0.138972742407245
34,-0.5515884389987056,1.7141920217818127,1.0285712394364364,0.9019943482758296,-0.1999999213093544,-0.3011215869987058
3,-0.0830418183127425,0.158155248694912,1.847381056347165,1.4199855874522835,-0.0020612215969396,0.4108168020741471
1,-0.055517033144359,0.2881378245436518,1.619426199295793,1.555097420150682,-0.1024784841613708,0.3794978911376512
21,-0.3436732356007044,1.6971595013012553,1.3841884295132498,1.5769986065682589,0.199903968742962,-0.0296357494644905
11,-0.1993100926616579,0.6225274778624026,1.7980156433260552,1.9424194384902644,0.1999914146976124,-0.1754376081484582
23,-0.3584762912146601,1.7477527431847992,1.287952634556672,1.6164098189853466,0.1999595768289639,-0.0494311038767336
48,-1.0699246310240658,0.6707054070626174,1.71488420950738,1.0836771777473555,-0.1481841050107597,0.224393378310382
25,-0.3631047130921425,1.899197949778085,1.2742219533249273,1.443588972362886,0.1999636539152433,-0.1206746122536256
16,-0.3324364744816769,1.1269918946449986,1.629706640788589,1.7494238646632814,0.1999644691152752,-0.1971261980004774
6,-0.0481021188781957,0.1996244172803875,2.1719223047283034,1.5978113663128792,0.1999039464685048,0.031952286512494
0,0.0111111111111112,0.1722222222222222,1.5707963267948966,1.5707963267948966,-0.1999402509556365,0.3794902419806801
46,-1.0223168938273086,0.8097978389340834,1.229047772535358,1.3528085523460391,-0.0966383814542704,0.3779574783627965
7,-0.0400448575551937,0.3351004928203186,2.2078868756678443,1.7998677423890908,0.1999357286836054,-0.1290889541186243
7,-0.0073349400996757,0.3236258947999922,2.219633457311664,1.6361294542662357,0.199946544694343,0.0267402635280804
9,0.085253785713892,0.5034035087056189,2.101727855452572,1.5682795447456346,0.200000009955014,0.0330827860143129
21,-0.3832501341389706,1.6092670653852943,1.4601724642005305,1.615399397865041,0.1992553934796506,0.0736680540357459
13,-0.2441985773689068,0.8202766395809742,1.7498053582992892,1.9666509301775577,0.1999984743518553,-0.219193932158733
1,0.0091361614109078,0.1957280015163011,1.7105877111342291,1.5020623916693847,-0.1999133905958512,0.2778445175753178
0,0.0555555555555556,0.3055555555555556,1.5707963267948966,1.5707963267948966,0.1093553750127474,-0.2786924059109126
15,-0.2367743628461686,1.0218462690133228,1.6732107112791876,1.886895293786192,0.2000000099525988,0.1328889667237942
43,-0.9998446005269538,0.935558835836784,0.9577221746490984,1.357952458508073,-0.1587851856476233,0.5346207350144462
1,0.0072911938947496,0.1912204642676955,1.7449243823674063,1.4724936359808758,-0.1999186902717175,0.260419377968321
24,-0.3418036062440499,1.9067149997712505,1.350701094240896,1.3853446307569812,0.1994357547330873,-0.1425776854882868
1,0.0326316989773749,0.2060464995456242,1.683333427706037,1.5246627557172474,-0.1999090197076242,0.2929055792815815
37,-0.6708158937141833,1.5180059067534484,0.8996081436660628,0.8818936580447201,-0.2000000083868142,0.0918704153493566
13,-0.1893998923268639,0.8527574575867167,1.7585902653897612,2.018814955495831,0.1999823620999566,-0.1041884868958616
3,0.0775678621942015,0.3501846565334148,1.5481344881143908,1.57487380009737,-0.1649868008870673,0.3018779699245503
22,-0.3162772318274713,1.6156178317988197,1.462839481481586,1.68485602702252,0.1999830723436031,-0.1652634814376565
0,-0.0333333333333332,0.3055555555555556,1.5707963267948966,1.5707963267948966,0.199457970429857,-0.1929509034631797
5,-0.0837872067347549,0.1727020288262899,2.079100859412227,1.3233174736579458,0.1315157368767964,0.1614785724266198
16,-0.3293193889671592,1.077698853158178,1.6145768473532538,1.7494796526072045,0.2000000099931318,-0.053762835301731
11,-0.1192354730177903,0.7339946760647766,1.8813367607679703,2.047346185804086,0.1999778583965845,-0.0558808295602873
12,-0.2050794251240498,0.8697358629511384,1.7163900473941545,1.977203240305711,0.1999891004997705,0.0309646917900336
31,-0.4042969539685623,1.934083245366848,1.4824873535570244,1.152310905930498,-0.1999978016839426,-0.0274984089320104
7,0.0776873846341672,0.376137682739405,1.560925127067838,1.5724201390656185,0.1999618587696623,0.6527017735601527
7,0.1048670971542953,0.3226887572050658,2.024740147332941,1.5348169310729556,0.2000000099626425,0.1481874779436208
23,-0.3472687232933091,1.810792749697177,1.2621105770256855,1.5466515636486171,0.1999537934571673,0.0242892508807468
14,-0.2118950425940704,1.0174145490541011,1.7067925306644778,1.9296135007676705,0.1999752334396985,0.0992756265055303
28,-0.3376692869375592,2.0596653930026934,1.4675547862476588,1.275955799463511,-0.1524793938547626,0.0708267670501364
13,-0.2387035818961128,0.8631427918746069,1.7562680906292538,1.983478251976506,0.1999861673964371,-0.1144894639847232
6,0.0037370183977018,0.208468298304701,2.1317867087808,1.2895100650150255,0.1999997805940196,-0.1703654368609304
46,-1.0597536155934073,0.720018926163418,1.4799362803485732,1.2531240060164357,-0.20000000262588,-0.0197587255824822
25,-0.3591487391919514,2.094621689182933,1.2352810511973242,1.4002803066617933,-0.1144339978935198,-0.2618918430680705
17,-0.3494063738007256,1.3306865690015386,1.6129747676339488,1.7256542334670606,0.1999564673431421,-0.0696890783759905
1,-0.0777278224242426,0.1914237300409473,1.5878321240332465,1.5658291842222904,-0.1999381282999735,0.3201872265607982
13,-0.2633436785789789,0.8126690614200065,1.724849903085504,1.9058614815749204,0.1999973270914834,-0.1418920038383738
23,-0.3666312671383978,1.718924396967444,1.3816061062747211,1.5886803355981796,0.1999385610891804,-0.1591060924263236
33,-0.5294116648389773,1.7256971200165288,1.226340322816048,0.9319894976574472,-0.1999904400943211,-0.2101520983836823
33,-0.5036445171027306,1.7704663957585536,1.1559655974295475,0.86178231739968,-0.0016227424297229,-0.3692778124630642
36,-0.686322049860494,1.5222444691145578,0.9501941437509398,0.9070487210737452,-0.1999853047371638,0.0478889004491981
32,-0.4324399858307819,1.879178573699547,1.4604062038150172,1.0881789723964972,-0.1999483953196501,-0.0801853722114567
5,0.0168059758356897,0.2156072787784281,2.306136299916778,1.671541658191824,0.1998141212161256,-0.0215052368089569
1,-0.0784856590243677,0.2723745091767833,1.4989339230048984,1.5804025053422075,-0.1995610899900729,0.4341657500122823
34,-0.4916008116521109,1.735315811779816,1.422476521753941,0.972010364060398,-0.1999999952043675,-0.4810264075470664
4,0.0515369707203251,0.1661422627350356,2.022130147614752,1.3625872563409511,0.1456829689675484,0.2909000864633947
5,0.0137614081036047,0.2255382629889341,2.225935489931379,1.460995677082109,0.1999502084710658,0.1638113840039308
21,-0.364324677006021,1.5992816802613694,1.458252695449863,1.655298268822409,0.1609512865426356,-0.1961456875937273
38,-0.7999335815595195,1.4023506972214443,0.74629937819312,1.014780279608874,-0.1999998910961861,0.1964416055975377
29,-0.3629696484588356,2.0444496595283974,1.3739152778429862,1.2722027305298405,-0.0852235436820443,0.2082082626763467
47,-1.0366918177920583,0.7541329498511559,1.4132928578790764,1.2941815521256157,-0.2000000099929322,0.2728349290891279
31,-0.4091462765129458,1.8500393891593232,1.516402595737253,1.5379961501239734,-0.2000000099432448,0.2629764944902527
0,0.0777777777777779,0.3055555555555556,1.5707963267948966,1.5707963267948966,0.1980580779340769,-0.4044003507504034
45,-0.9722980260448096,1.1924175253072098,0.7296690503743033,1.195308351687104,-0.2000000099938522,0.1300961268160532
17,-0.3576858337475099,1.1794242479346022,1.6433942849424223,1.7525129594099016,0.200000009993038,-0.1729980657157643
23,-0.2889526645912466,1.7691751494327044,1.3885970572617392,1.766334914991022,0.1999900817593517,-0.3291338105039855
29,-0.3220162784871107,2.056722547821089,1.472216592231069,1.1963597669809545,-0.1999833827858059,0.0527673980843059
40,-0.9141639473790169,1.3102710241217104,0.651080516227756,1.02408938293262,-0.2000000092052269,-0.0734054744893806
34,-0.5741631080793077,1.6706432249711851,1.0245976567864297,0.8804477165733935,-0.1999782912578591,-0.1266595063165172
16,-0.2892768812537906,1.0616147127300135,1.615807511904512,1.752505907337594,0.2000000099514365,0.2080430943136717
6,0.0348170757508321,0.2290001959611939,2.280488654446018,1.5679673347967849,0.1999740504222275,0.0356640126780303
4,0.0214120456837219,0.1592136662261989,2.073099390664373,1.2661376474202912,0.057594085487552,0.2196049362454959
8,-0.0255164216523574,0.467206469776344,2.190587361403976,1.92600513886565,0.1999865982400958,-0.1700370820796323
20,-0.3471970802999972,1.4699678901522637,1.4813694740321974,1.635399541428117,0.20000000962199,-0.563593788363171
8,-0.0039245098288233,0.4264518685569934,2.203475155928407,1.9314644171789823,0.1999712980997632,-0.1277232696540013
36,-0.66857414599785,1.5573355790138623,0.9581546666490072,0.9172080163783648,-0.1999999186686424,-0.2219840157914956
5,-0.0044287078869669,0.1855435417606478,2.306339622535978,1.6408019410938317,0.1996844305076676,-0.0440530492298404
42,-0.953922272628056,1.1465962064480355,0.8918235298140553,1.2258486261517036,-0.1999996926425174,0.0126567948662688
31,-0.3843732186095062,1.963333762365569,1.3920084303852658,1.2674726624326684,0.0774227658099115,0.3048874477940116
33,-0.5382070897045521,1.8102675403900297,1.1713241609421114,0.9221903433186348,-0.1892558591706702,-0.2152280576644113
6,0.0594178795479218,0.2002464253354803,2.2141610431161265,1.4592543017251576,0.2000000099934992,-0.399262263527453
38,-0.8048966273493297,1.397389687749082,0.8298474523544215,0.9215224120326118,-0.199999986431442,-0.2468852599048053
46,-1.015760863287314,0.7998125151170866,1.3067238787796835,1.396400199116459,-0.0656593286481472,0.5247994089432098
20,-0.3381895881832544,1.527787286039923,1.537697167196546,1.6500305964290023,0.1409554150569212,-0.078543176149209
20,-0.3422805924819442,1.533107206201765,1.5733041424112182,1.725937191763429,0.0231643070071725,-0.0308441969822667
7,-0.0076074948056978,0.3668430704813237,2.2489019269731383,1.6377724320490152,0.1999676421865258,-0.0161129886793441
28,-0.3307344419892505,2.0747647333408428,1.486163463416069,1.2888552680910543,-0.1999962617269758,-0.0611034749702173
32,-0.4056509208325266,1.8637981457886048,1.515705750384603,1.5378165101115446,-0.2000000099885849,0.2203517707490965
3,-0.0383439294014987,0.2499834535690447,2.0231118808176856,1.3492554538760242,0.0866517843506788,0.1204511307550335
39,-0.8235660749825057,1.4312650353134764,0.7131391065802912,0.8633334289285078,-0.2000000099078969,-0.0851568429181887
40,-0.88711114679484,1.2421217419854904,0.8628797082609796,1.012947289159356,-0.0973571675905323,-0.217775363010159
7,0.0776674792587802,0.340828130840588,1.5714532817390303,1.5703478508993192,0.1999792738116305,0.6354132196652085
49,-1.0278241191685316,0.7131804323419115,2.1267840723183493,1.164271655882687,0.2000000097397,0.2504271975659186
0,-0.0333333333333332,0.2166666666666666,1.5707963267948966,1.5707963267948966,0.0939976925388198,0.0228223789522793
29,-0.363958262748762,2.030939000517161,1.3893209521934995,1.2670712933934385,-0.0655736068570276,0.1814182452271609
28,-0.3526136511799853,2.138383169089092,1.436231625327144,1.3158747463333995,-0.2000000097040951,-0.3163401899270378
32,-0.4568738587173815,1.7716081021421148,1.3448904501881938,0.9418036572861996,-0.0539817910380288,-0.4722219619058376
30,-0.3836297583984357,1.991384862024458,1.458189540603433,1.228559289553848,-0.1994981268404006,0.1318116289872872
27,-0.293291911007481,2.1499195708741494,1.3450347269561629,1.2960628140632031,-0.0770695340011752,0.2517882921338465
13,-0.2207687019777073,0.834678400743252,1.731025630374166,1.9460700002816875,0.1999930339192354,-0.0860990535024787
39,-0.7724641852488933,1.489021331526437,0.8821246410396437,0.9079349119163768,-0.2000000099400485,-0.2945106046756659
21,-0.3693176371717667,1.5855065413485725,1.447878508429664,1.6545056930190452,0.1660781163955533,-0.0368288501525907
9,-0.133616341245461,0.6232904903101747,1.884980906793152,1.990675439693873,0.1999503587196338,-0.0539824969599561
4,-0.0446882973557166,0.1508893633872058,2.081290886798177,1.2542473654394757,0.0196645237830385,0.1559944116447756
1,-0.0555497779067335,0.218947753175432,1.5723800780859332,1.5703523469158926,-0.1998427970501788,0.3830379535526146
17,-0.3493412556392374,1.392217832315172,1.597250365712915,1.7333462961465054,0.199978634750958,-0.0652899587005955
38,-0.7847850643541205,1.3772826721996878,0.8290324854340891,0.8771445409515384,-0.2000000090375809,-0.0041432876693306
0,-0.0555555555555554,0.1722222222222222,1.5707963267948966,1.5707963267948966,-0.1997914287024667,0.3691810615970765
41,-0.915658555890392,1.1790345380045986,0.6974608237531523,1.1284453821497786,-0.1999999606248964,0.4080891895458056
2,0.0553066535769995,0.2784888753165175,1.8610386560347416,1.4681669923482077,-0.1997375873025577,0.1619024815562552
6,0.0132800653736868,0.1900454569028285,2.2702438766744475,1.3862534505352486,0.2000000099555804,-0.4837199803935506
2,-0.0064607414533097,0.1113660390962664,1.9325298378851752,1.276231527489541,-0.0944596393295305,0.0931357934723296
33,-0.5038777920536289,1.7406320453011312,1.2186423009869198,0.9280394270056612,-0.1999824699521433,-0.2699220714498819
0,0.0777777777777779,0.2833333333333333,1.5707963267948966,1.5707963267948966,0.1803125719895828,-0.3792818520278246
7,0.0267016220245844,0.2599690785178558,2.3395443568613867,1.8343309584877945,0.2000000099512937,-0.5661685825582821
39,-0.8866718584122971,1.3524893267270155,0.6484581055727343,0.9648633337645984,0.0316013824523233,-0.1915180460769991
4,0.0381410628427364,0.0865373807728419,2.226649814346109,1.4728491096854297,0.1831480287536996,0.1987300095552108
11,-0.1298133654054204,0.6589988146558594,1.851412114600381,2.079209259198094,0.199994561879218,-0.0923848553198868
17,-0.3481996497445366,1.2888980069642124,1.5963180447604994,1.73714799286652,0.1999898429250864,-0.0142757561278066
9,-0.0921836330158264,0.3938205126478216,1.9969495544817784,1.967148688252661,0.2000000099931663,-0.338142638324401
40,-0.9015604432766704,1.3221810926093014,0.7487885552134852,1.047171329327308,-0.2000000077732194,-0.1216228152904672
6,0.0615748005473923,0.4705611487633411,2.26118299464253,1.6838863246106135,0.1999355917055849,-0.0626281433988238
34,-0.536314729825941,1.7112336732382851,1.0599328036627114,0.9038636027431246,-0.1999999130642431,-0.2798132838681738
30,-0.3753127957671059,2.020499723047781,1.4741623976526088,1.2106704403842965,-0.1999962983188968,0.037429502698878
38,-0.8454857898089768,1.2999185415453676,0.812594917663608,1.004717034486483,-0.1999813858463381,0.1170012845080088
13,-0.2570742581876072,0.7912204792105422,1.7333026314761977,1.925500974930743,0.200000009965122,-0.2651956858555989
17,-0.3215284805733163,1.4195955467605688,1.627737575448878,1.7568061664362165,0.1997027959534675,-0.1676383845588137
10,0.0815691474951619,0.7420415754959578,2.209222816922937,1.8402903927392111,0.1999926616604117,0.0948907882158584
40,-0.9160098586017604,1.1785793827958542,0.6916648196664195,1.1279505947713735,-0.1999948468384119,0.3970783767332312
3,-0.0414888768700125,0.1855840919971337,2.0016468624260764,1.3254245329140673,-0.0815666071414841,0.0835777837634449
18,-0.3608322805855966,1.3952903693499297,1.5510806115951876,1.7089460563390024,0.1997375511199337,-0.0442172393541337
14,-0.2569724490355138,0.93205843184513,1.707733110585485,1.876654935700598,0.1999817493445999,-0.0834590401724907
33,-0.5284562183650432,1.7409459138692325,1.1093976023283345,0.8419706533294571,0.1674688594440296,-0.3132686108863625
20,-0.3517286094680862,1.546218030165282,1.506054145344768,1.7279404403047351,0.0431266146746375,-0.0733750341491738
12,-0.2239740122655506,0.743987181625393,1.7379828924920897,1.9417385527803688,0.199990442397097,-0.1035238761870332
15,-0.2942128592808591,1.000177037425143,1.6860881792989115,1.8333800527403248,0.200000009993014,-0.2392012720029596
25,-0.3759304582412185,1.889400457067686,1.2347640367832522,1.534187781525088,0.1997085852708099,-0.1831061067925831
12,-0.2340674203645731,0.7115943876004823,1.7615765492108206,1.953089007982671,0.2000000099595258,-0.277412798302507
31,-0.4070883656451051,1.8870246114701723,1.54083034695259,1.0671947539816993,-0.19997293944385,-0.0813166105301576
2,-0.0553782873928962,0.2989237061257417,1.6116294963893036,1.559841491047464,-0.1998266446440686,0.3898947427384709
26,-0.3125863792292854,2.124866799170125,1.2894197864615666,1.3574420924230868,-0.0796430852930129,0.3310326019999227
24,-0.34809242129007,1.7759385825795628,1.317526546367679,1.5131164572903817,0.1999821614269507,-0.2317532968306004
1,-0.0998143255764549,0.3366810244913668,1.6962371925499775,1.5313514542708495,-0.0296453625580413,0.4327451500360526
15,-0.2827875337721063,0.991400524904504,1.635256395736013,1.8098578391546536,0.2000000099466715,0.1266110157310933
32,-0.4050152070171634,1.8928565734142395,1.4356329600003104,0.9638739602488978,-0.1999999061376034,-0.5601347115365864
47,-1.0302950348872482,0.7236601680226056,1.424938895800386,1.3609459917186113,-0.1415038765599182,0.6582790654039493
36,-0.6249706435295203,1.6029948195111252,0.9810110675778728,0.9145851518085304,-0.1999999227334974,0.0895951866008731
2,0.0070593841255541,0.2913606690236862,1.9038316766407828,1.4085057474533458,0.019676199311141,0.1358625875860277
19,-0.3306810890446508,1.3855179853631052,1.538371999808822,1.6967451095651225,0.2000000099931466,0.3309069191188827
20,-0.3634358989953861,1.6000315473458744,1.4210977225100971,1.6609746334856792,-0.0293494110494544,0.0384904645923932
16,-0.2823760208777947,1.1049284615576906,1.6272105994310715,1.814819845457163,0.2000000099452984,0.1425122752706334
15,-0.1557985147362667,0.9658711742258718,1.861368973800216,2.106124355242564,0.2000000099805131,-0.3169416119011291
24,-0.3718722280965487,1.8680083376243428,1.2502626377075212,1.491434129681273,0.1998674155504288,-0.0714901304738404
29,-0.3416387665205039,2.0043720386658186,1.4193352433529238,1.2271735425555543,-0.1999820599648113,0.1354102879916512
30,-0.3559023378825711,1.9727550344487856,1.5004732953992228,1.0776917595848663,-0.1999800137477635,-0.2277891170019632
32,-0.4527071226019695,1.8314634195160184,1.4529147532877276,0.951515157978662,-0.1999303150178349,-0.5043066653659747
14,-0.3003404574103995,1.037240023159162,1.6564151989903788,1.8373205417439864,0.199971066722541,-0.0789537570901958
23,-0.3762302430794104,1.6812908492210843,1.4211331094291548,1.6024604836033285,0.1990838644997498,-0.2080889302368852
19,-0.3612535978322229,1.6206862683160317,1.4836366720046823,1.6327362225666862,0.1274633056466479,-0.179145787791628
31,-0.4225783036344783,1.8906622130010176,1.5070958207604592,1.0704332457075243,-0.1998600848580277,-0.1470429399005236
12,-0.2021224275953136,0.7265969860077018,1.813103844472442,2.018571297869139,0.2000000099585078,-0.3000253327789244
31,-0.4161774876828167,1.8711995308464948,1.444584128507648,1.1887290384105378,-0.199987016757629,0.0724519105051338
45,-1.068056723092099,0.6848560937668307,1.645507183918033,1.1425547056350176,0.2000000094681759,-0.2143547687101725
17,-0.299678065851755,1.2030906277693874,1.606400010236774,1.7489489146915111,0.200000009960146,0.1947534394665857
36,-0.6728188698893705,1.508370712989862,0.9010043936457972,0.8706934787126838,-0.2000000077682933,0.0891068550210336
24,-0.3588689746147768,1.8650894803171847,1.2620161167498924,1.4685621133271032,0.199914418706968,-0.0185026142595557
21,-0.3429143236299946,1.562236774417907,1.5066575119879584,1.623436102811752,0.1997843478832372,-0.002986590530094
22,-0.3816122736156476,1.6420449445735854,1.4067607860756806,1.5726206553119448,0.1899695247434515,-0.1219019338034868
6,-0.0059896566866567,0.1856153351355439,2.313467503586088,1.642330335901601,0.1999897941348826,-0.1938119702039597
6,0.0805981144132651,0.439238733280924,2.2074402878668646,1.6918645190441046,0.1999499956652851,-0.0679962792493266
19,-0.3304491178893863,1.4181288173909206,1.570878197499786,1.667749065773409,0.2000000099411239,0.2871941616472896
22,-0.3128666284224926,1.6752916283040562,1.4878318394210677,1.7911514461012563,0.1908311367386471,-0.2007807431520708
39,-0.8288795224944295,1.3247013328552153,0.8328297483411173,0.9990742384515208,-0.199999928630331,0.1594858316570096
28,-0.3618873910973459,2.0461199312299714,1.4119164059546332,1.2741446770550495,-0.1024463773194654,0.016713795040068
38,-0.8045583176125317,1.4508269134206175,0.7431453103807311,0.8470359204361615,-0.2000000098714718,-0.1182091793359955
24,-0.3799453349047904,1.7650948886284414,1.3624060275640826,1.5672943592045647,0.1999154471144358,-0.1810189591518879
7,-0.0569167507600003,0.3291066879980321,1.7761743656036,1.4856590849190283,0.1999162202577428,0.4348482739941697
19,-0.3311477228128009,1.4041149821645238,1.5786400298264365,1.6499302216709408,0.2000000099401499,0.2901649339722158
8,-0.0941938288559944,0.4911796250906127,2.067775079109941,1.5410755939498486,0.1999542394095038,0.0670670189961372
46,-0.9476995396237772,1.1864997030060165,1.070022284114037,1.3236138777978623,-0.2000000099992786,0.1226049690157139
3,-0.0361159185502906,0.2962489564786095,1.925565750398908,1.413535205353364,0.0672478921257377,0.1760818895704406
48,-1.0865370609943223,0.6616229784462113,1.4779481245812516,1.2511395623848782,-0.2000000099450754,0.4803904808032494
26,-0.3291165331844194,2.097820206973408,1.1968078830863995,1.3908925721252112,0.0913610626608019,0.3555675840835409
49,-1.0535850639089912,0.7899637651257608,1.1880546985801796,1.356607868166264,-0.200000009986536,1.6366061456114092
35,-0.6170803386808534,1.6485787652711,0.9335822137680392,0.8069973981544208,0.2000000096339258,0.0334403125145002
2,-0.0575911227016762,0.1252480907913557,1.757611052193914,1.4843133619782791,0.0027862360656731,0.4305175922742281
32,-0.4538567809053253,1.8229389510309364,1.422811877920613,0.941841087859472,-0.1964135155018916,-0.5610947295137675
16,-0.3099507831919775,1.3068702172510198,1.59590278665093,1.721435351173889,0.1999902612149544,0.0599395017717955
2,0.0555166630747922,0.3193567553308655,1.5901470827546458,1.5638052000408604,-0.1804976918446295,0.4546759525852044
33,-0.4988616259129912,1.8495556703616405,1.3298248844828944,0.9470211439432514,-0.1999998780444785,-0.5225674253302709
6,-0.0756717128660833,0.2653381280615118,2.1290665258333705,1.407135919093946,0.199951325694471,0.1527223270676107
5,0.0555867651572153,0.2746104069640744,2.152057350673948,1.3833072049537,0.199781864015709,0.2197898311885325
4,-0.0598166095306079,0.0898830264541699,2.0072602708726794,1.168816398899717,0.0643026352345335,0.3252822429828643
30,-0.3985746752431829,1.93320512429672,1.4950154415008168,1.146690185765156,-0.1998214687417542,-0.0059762616405314
6,0.0326770337749019,0.1706647190436311,2.196746149161134,1.3455923361247633,0.2000000099559172,-0.3910061305901852
47,-1.0151243964288206,0.8638997688130469,1.0968990894642214,1.3278494302867014,-0.2000000099982822,0.4101349166050393
12,-0.2199580201189901,0.7165384555371692,1.7439891109850745,1.938135467543124,0.1999981476096506,-0.1350465225113358
0,-0.0777777777777776,0.2166666666666666,1.5707963267948966,1.5707963267948966,0.1999402739304818,-0.1524899648880527
23,-0.3731149789542007,1.750502403575198,1.3338067275571577,1.526970275280108,0.1998844689755262,-0.0671257621809855
18,-0.3881927353225984,1.2928058150289132,1.5829306105759482,1.7056196483540909,0.1999702642484424,0.0148408398280346
0,0.0111111111111112,0.3055555555555556,1.5707963267948966,1.5707963267948966,-0.1997620564012107,0.3573864510789855
48,-1.0362343780117589,0.6985331153521309,1.915228479602609,1.1680247087969209,-0.2000000097770937,-0.0264690776857084
47,-1.0406115370627669,0.7258007045502086,2.263600091510688,1.1100129733227946,-0.0837614580415241,-0.1697176873188614
34,-0.5526219531995537,1.7776339858962191,1.1396117704596858,0.9189478515036992,-0.1986701802141353,-0.1434677165855415
0,-0.0777777777777776,0.2166666666666666,1.5707963267948966,1.5707963267948966,0.1999402739304818,-0.1524899648880527
31,-0.413200672962619,1.8385967239272576,1.4531367989864687,1.0225999882975263,-0.2000000094903384,0.0385497131207998
44,-1.0035177372622883,0.9039299349115048,1.1131381476905684,1.3349592412821445,-0.1999999640391995,0.3049000424903547
6,0.0125469436489744,0.2049563248225062,2.251758468398128,1.71384261197211,0.1999831993858172,-0.0394163797118852
37,-0.7082527144788818,1.4920005446730271,0.8642869868902525,0.904732145964842,-0.1999999258590656,0.0525967686093185
17,-0.3493900490138736,1.398961345309318,1.5626623603191714,1.7197957916280435,0.1999507190934724,-0.0220207308413279
14,-0.2989052095990396,0.9865062159591068,1.6579871653255562,1.8226211031823552,0.1999645351524145,-0.0757440988355217
14,-0.2933197553906904,0.9527615853264704,1.6454191381163588,1.823965703853287,0.1998913105505786,-0.0489176048469435
27,-0.3624046445361492,2.038265755661476,1.3775021779027323,1.292302096572151,-0.0385644182059632,0.1030901478983682
3,-0.0629550227574966,0.1282465876364829,1.9466359550741057,1.3561936787301367,-0.1068403156407887,0.2721258746125367
28,-0.3837099009074475,1.9540070860888088,1.492275239029203,1.1935361583646122,0.0498802009461461,0.0286199130084166
16,-0.2983741518148077,1.2277351215672356,1.6583342140832626,1.801585705819453,0.1999730282833579,-0.1227197988103585
32,-0.4802966363499981,1.885009219258676,1.4031335237112383,0.9607220606577928,-0.1999995247773347,-0.5710809322114416
21,-0.3509118345692729,1.5250867690606889,1.4560186910119397,1.60492172513557,0.1999641723482862,0.0281817536575959
22,-0.3178821915080344,1.698230152090111,1.469248873242412,1.778794731454229,0.197916142634712,-0.4231302374466151
31,-0.3822026502474068,1.97904176403702,1.381854054578815,1.2704041715937018,0.0421609081118648,0.2908668569321989
19,-0.3520946904291758,1.4409755540545996,1.5656711248175863,1.6925495441165888,0.1998727701829583,-0.0497389112349847
1,-0.0132579899733035,0.2859446899796382,1.7270460883763177,1.4944331722793576,-0.1853033440936245,0.2297691617946292
31,-0.3981517050827448,1.9215886458497384,1.4074170822885377,1.246932854989646,-0.1999998290152075,0.1692052263917228
17,-0.2564564060604252,1.2806427893533012,1.702804949917021,1.8905232477446112,0.199977360288714,-0.1636795624538723
3,0.0749152745078294,0.3483674115542286,1.5321841995038792,1.5297583817538427,-0.1995928946220004,0.6115830602255676
39,-0.881098998025299,1.2430906981895171,0.7024706500258784,1.0269184326549865,-0.1999852963548622,0.182213593282612
27,-0.3665843040980903,1.9923252994395315,1.166537162908588,1.4385301243910862,0.1999768646555378,0.0813765913410097
40,-0.9020185188378856,1.2369500104209898,0.7042279173390669,1.1528121042139858,-0.1999999039430325,0.4107358418015182
13,-0.1592261351347826,0.9473813721073978,1.7787547270443778,2.013603129839953,0.1999749266240779,0.0487560174273113
13,-0.245836117882364,0.9175983834618544,1.719535351791654,1.927025620231747,0.1999511358716856,-0.0889756852606866
41,-0.9017674899988136,1.32365129549957,0.6624184447017054,1.0010245659208226,-0.2000000099403449,-0.0580346443102438
10,-0.0920913728558383,0.7980849985207832,2.0591600046782204,1.970860061788183,0.1183700821433457,-0.2672169769095376
47,-1.040034805266084,0.7383099968552338,1.5606490083042774,1.2832164620933522,-0.200000009827088,0.1293301099615154
24,-0.3814134173051156,1.8048899173502904,1.3415117869761328,1.5575340268122264,0.1998134878105393,-0.1433353999041241
1,0.0554639496178613,0.3464165465251485,1.7823768566038949,1.4980868496522564,-0.1999189365173236,-0.0126160894968455
0,-0.0111111111111109,0.2388888888888888,1.5707963267948966,1.5707963267948966,-0.1997852141949948,0.3683506733458357
45,-1.0353453751957906,0.7658208563672028,1.393931604907816,1.3440787185307328,-0.1999999839906022,0.0185910751579274
38,-0.7602032484597603,1.4023136954234756,0.8774833297964673,0.884550426032202,-0.2000000084772412,0.032607164603735
18,-0.3758240351785351,1.5232581729083616,1.5248490749534709,1.701222081696024,0.1999460567447924,-0.0946208759398051
46,-1.039655296377651,0.7629367256469726,1.2395224730160574,1.351047018557098,-0.1999999364638547,0.550248464616221
25,-0.3432898506781696,1.900987245993572,1.1664678464320044,1.4811849974702396,0.1999783734216529,0.1244280596895587
16,-0.3020411115126191,1.127590096564003,1.6150692628862322,1.8096071845269248,0.1999659156203882,0.0272568558125897
3,0.1033492615759551,0.3422637800671585,1.445121717504679,1.645385714854685,-0.1783488583170063,0.0998925844069982
44,-1.0001856337149038,0.9196829639082096,1.088276126482759,1.329369435181877,-0.1999999719902423,0.2475218442632608
36,-0.6721938288453994,1.621445666121632,0.9348696927216392,0.8769245884664074,-0.1999998852473518,-0.3176975898465061
15,-0.293695205184502,1.07409284298371,1.650846873470817,1.8168539011904503,0.1999694801312561,-0.071683508400937
27,-0.3053319532295948,2.101581165531329,1.339800332733665,1.3055775808559058,-0.0768712755384873,0.3090363684329915
24,-0.382492847278268,1.7579198490936874,1.3687500740077834,1.5662383662990604,0.1998925801802252,-0.1948407259180379
7,-0.0513703378923184,0.2937673787232029,2.213377688671345,1.6064370074600445,0.1999489339027021,-0.0456712709689737
47,-1.032121877855535,0.7165287066899726,1.4604792269554476,1.3429956255097646,-0.1136730536730838,0.6131118353076684
21,-0.3489116789096443,1.5488027480549829,1.4518038118865828,1.618264680779076,0.1999867463767058,-0.1266603065028868
38,-0.8248683370309221,1.4264447532153806,0.7180293137815337,0.8711623077095131,-0.2000000098906452,-0.1441008000524404
6,0.0143994701133656,0.2283545854077157,2.295449330355068,1.5783487282761015,0.1999703223076988,-0.0160959912318674
5,0.011074811704522,0.1419360477123382,2.1653372729804854,1.399666886327816,0.1999166294569106,0.1935134732950235
5,-0.0038443597360537,0.1634210654920259,2.0692200745132308,1.2334790035311227,0.1997444764847477,0.219922515929779
3,-0.00919171027064,0.0429229916504977,2.052981481948171,1.1977666437312091,0.0462680397728345,0.2332137225653445
14,-0.2094145207806922,0.9888584330634222,1.710775257149015,1.9314137074895257,0.199950440075282,0.1022244165196757
25,-0.3448095487737984,1.9212729419735743,1.2483890923347811,1.5963515151547485,0.1999672621543202,-0.2552669331960778
4,-0.0395968106916756,0.1427573562185159,2.0987557331707816,1.3202651411663902,0.0391246425899416,0.1494589929886973
28,-0.3467626591268489,2.0656815445924974,1.423412635201379,1.2752514687687289,-0.1299960818277548,0.0869040742361748
41,-0.945392822299894,1.2521712288657454,0.6762617352094988,1.1092862496743,-0.2000000094398659,0.0021983296544107
15,-0.3165268042499816,1.1309213302353192,1.642492533722196,1.803142706626212,0.1999925953508055,-0.089007119489314
19,-0.3277248877368782,1.5236369548843411,1.5370764146235327,1.7561366341756826,0.1997785208910947,-0.2540460099407293
9,-0.0257351949187455,0.4658332093572133,2.174734284230743,1.999333100156176,0.2000000099528087,-0.4812198932051878
17,-0.3130441358777983,1.2145503225258572,1.5946212942388396,1.6974254986324555,0.200000009962499,0.2236334725397651
30,-0.3722153132457982,1.962784047781496,1.5937330985270282,1.1512478181728256,-0.1999504962152373,-0.0995939661893317
0,-0.0555555555555554,0.3055555555555556,1.5707963267948966,1.5707963267948966,-0.0062601169718007,-0.1035855045848802
30,-0.3600847596185906,2.055950710512171,1.3602924282338955,1.3013789130426334,-0.1999999380536755,0.2650115345697251
13,-0.1944365574530562,0.8831390261386325,1.7199902283635478,1.96512319511752,0.1999782063776014,0.0956920937062671
27,-0.3441000525731099,2.156169678859051,1.4363425793733935,1.3229458700560606,-0.2000000096057403,-0.3884051530961991
1,0.0332598564619399,0.2482460865496039,1.6032538870957236,1.5590338665832597,0.1998420207954669,-0.1106425183855889
28,-0.3477700335963125,2.096041471541034,1.263845627256904,1.3437177467738517,-0.0600168914477132,0.2499995291997871
48,-1.0199394684130891,0.8473861810892033,1.1461353684451918,1.33865095903534,-0.2000000099973179,0.761792157075524
18,-0.3620814891060371,1.4016348848273228,1.553641473003898,1.704942488337252,0.199733645615444,-0.0289546938813636
12,-0.1978363802681625,0.9236763931808076,1.779213711999358,1.9640322611931944,0.1998051632165481,-0.1529201756438782
40,-0.9025685282060224,1.3276011829068346,0.7613574425366263,1.0506908880804489,-0.2000000080413719,-0.1179501074165954
42,-0.976299595052308,1.1814144634807655,0.7396942424264292,1.2105276326777634,0.2000000084856511,0.2127338266123932
17,-0.3395485134656905,1.2971547839435051,1.622154382118259,1.7364179301535327,0.1999728291838107,-0.1423054690259829
28,-0.343929968701007,2.062974845258714,1.434805228882826,1.2768704363333043,-0.1390571475327817,0.0958778687807874
0,0.0333333333333334,0.2388888888888888,1.5707963267948966,1.5707963267948966,-0.1999195398148711,0.3072963520577247
5,-0.0290782896811857,0.264624353345034,2.1595870489862303,1.4499396088886105,0.1999652886304599,0.2052287775733084
0,-0.0333333333333332,0.2611111111111111,1.5707963267948966,1.5707963267948966,0.116202589184499,-0.0235042319116032
2,-0.0087901348635822,0.0209615409027639,1.944786556134737,1.2541111014038389,0.1403118740057542,0.2679648702588024
24,-0.3887674279644057,1.802821516206477,1.3447746420886857,1.5362108650993482,0.1997006067686952,-0.1190592014333989
7,0.0998475110185551,0.4093842456838656,1.5121999020364625,1.5707233453572071,0.0996823005692112,0.4149067031056298
36,-0.7635630644185584,1.496145341926906,0.7877358543362956,0.8151760333133005,-0.1999889524970854,0.1225813128960058
13,-0.2483163535310738,0.8936270217102318,1.6910386681654888,1.8949459199148893,0.1999472644631089,-0.1040355899414462
7,-0.0743452706940641,0.3139989621672568,2.188710894861877,1.6007162937130142,0.1999597257640074,-0.0608296023117181
33,-0.4960111941474012,1.7328419928050791,1.217072268077407,0.919836167427183,-0.0927256807112663,-0.3869711576159817
46,-1.0485828689543586,0.8154171624251418,1.26353503490356,1.432190976853882,-0.1214473069301137,0.4666186436028768
37,-0.6908242958174762,1.517305587880868,0.9512108555671316,0.9088660104357512,-0.1999999312426945,0.0753586386096754
28,-0.3346530203749976,2.008560220199452,1.422092096009527,1.2430929312274102,-0.0213368810167912,0.198857354586694
24,-0.3798897684154638,1.8625625302505155,1.285587971159492,1.49991110277021,0.1126137369421001,-0.1655416140716977
3,-0.0998698244960748,0.4181073939931505,1.5883618677642684,1.5663690703578066,0.0340917836744308,0.3901316989204461
34,-0.6234166505581545,1.6430843948630405,0.9117728220906596,0.800336935080094,-0.2000000050899946,-0.0753167632861586
28,-0.3291268584926646,2.02352394954086,1.419180714586053,1.251963793743508,-0.0411747827812468,0.1979648880633519
13,-0.2380833704126245,0.9408589514159414,1.7260850305345397,1.9453874160828024,0.199969214844388,-0.0936463200624908
28,-0.360833669794058,1.9910167218068573,1.4413565709367648,1.2498020406158454,-0.0055300361030042,0.2306279376724645
40,-0.8569657562609894,1.2768206500999408,0.776821113252316,0.9619837408569996,-0.1999999933990452,0.0160665823762534
46,-1.0161846970001225,0.797324609496908,1.3105069446053843,1.39570580259504,-0.0556864156060851,0.5195965491380675
44,-1.011264036090889,1.033416360923345,0.998445593812738,1.325841135788714,-0.2000000099550249,0.1336198647191333
28,-0.3352081518419983,2.0073294855130275,1.4220750937846045,1.2452538378736786,-0.0138794043257257,0.2008856197143825
29,-0.3418252715526871,2.002744556844496,1.4037307100978236,1.2493289126252265,-0.1998920854082939,0.1676972603794911
22,-0.3835458478703142,1.7016733945167517,1.4135463843729834,1.592140707209035,0.0830717622346607,-0.0520232704585617
34,-0.4913411367173133,1.7332718713613724,1.2305109920587878,0.916531646440954,-0.2000000093061067,-0.1030441397719868
8,-0.0845851244412878,0.4001443936497255,2.1582960937060185,1.7650631686306957,0.1999838058036741,-0.1584030733455753
7,0.0797324171922271,0.4134764698897377,1.8603890082475285,1.521365866697727,0.1003810157012907,0.1508665392315716
33,-0.4599633964201005,1.7725554199018907,1.365152386077915,0.9461408433413876,-0.0962419928300224,-0.4910933890562457
29,-0.3598982872248676,2.0588722092482925,1.2240753034737448,1.3473894058092435,0.0134658543176169,0.3981251355127126
47,-1.044698592702412,0.6745220705945626,1.821670875945364,1.1627889465292025,-0.1633865262998589,-0.0770842042927138
7,-0.0788691492210686,0.2555043573569241,2.204161101824856,1.692764939520304,0.1999941115533198,-0.1520665148341628
40,-0.8389006103125084,1.2992902154538002,0.8012354178961854,0.9408537254296034,-0.1999999815649057,0.0159289764469886
49,-1.0770644768242812,0.6490821605634309,1.7542949022611394,1.0508603131662304,0.2000000099627381,0.6999643327511981
19,-0.3251747851881106,1.435107363529348,1.617057844140693,1.7607748264314638,0.1998772785720784,-0.0875074034589509
16,-0.1314153342766092,1.2317512036708722,1.8959304625776152,2.082834348187183,0.1999800599605744,-0.2652032897841205
27,-0.2819275431550885,2.165630592297804,1.3713171976294856,1.3050798079730803,-0.0807591400274157,0.2809113953936507
40,-0.8767220200157556,1.3590196635548493,0.6643543923881392,0.9535776183621616,-0.2000000091141496,-0.1254354558945996
31,-0.4154912182788299,1.8339933259811123,1.4458539160576205,1.0151978238186443,-0.1999916492629684,-0.4144862360385665
11,-0.2011640984045772,0.6783367536048318,1.7465341138329844,1.9931593952111453,0.1999578383398194,-0.0924760586341369
15,-0.3102324482550081,1.0286629436167056,1.6684584441271166,1.8644476984977585,0.1999928751457642,-0.1273898441883744
0,0.0333333333333334,0.2388888888888888,1.5707963267948966,1.5707963267948966,-0.1999195398148711,0.3072963520577247
7,0.0055909808913391,0.2802677563550788,2.299904295304094,1.7929010090412787,0.1999943510328551,-0.2291989144464182
40,-0.7330717713421375,1.4300335008356917,0.9301272193577628,0.9498672582927384,-0.2000000099170074,-0.1119346628766248
31,-0.4430661987082271,1.9244838888368008,1.4934539097037651,1.0244326255013207,-0.1999670829520247,-0.3875724283118313
25,-0.3259344643452815,2.1208977723826496,1.3712019408729414,1.321805722437,-0.1997938597193203,0.0955073987420877
21,-0.3427430479828482,1.5655632580079288,1.4981362084534506,1.6333480831994098,0.1475606994016278,-0.1084758005522672
17,-0.3411206093713076,1.2295053568763992,1.5945584626805012,1.7187901251925812,0.1999721170852318,0.0612511094987525
48,-1.0501720724376913,0.7225191941767578,1.6410717777858834,1.2096854566085626,-0.2000000099650344,0.2668557481688525
0,0.0333333333333334,0.15,1.5707963267948966,1.5707963267948966,-0.1998855370646332,0.3758363301168786
42,-0.9207319619464096,1.15652622721024,0.8457606929030757,1.149154207622099,-0.199999977903727,0.2509718749704793
32,-0.4082589482318051,1.8859938525414648,1.438136057057653,0.9531575606205442,-0.1760459980384281,-0.5597088240298411
31,-0.3519282998273768,1.985570440927761,1.495819036909614,1.0969528147380294,-0.1999999252606013,-0.1483323458606659
2,0.1014992542287855,0.2126779539178087,1.7509929473188262,1.5360962907497853,0.1778013115907822,-0.1221953562045109
35,-0.5955721261698601,1.7191016942423518,1.0377121875670294,0.9020496877444144,-0.1996677875642987,-0.0831588131315782
25,-0.3736954422096561,1.9902289147521,1.2434458742525916,1.4825480393591364,-0.0839360241473838,-0.2881325506837023
24,-0.3859024127431126,1.788282010125875,1.355530041330729,1.5458136996103886,0.1998482630235789,-0.1444855704273554
27,-0.3236912452139157,2.145773384066312,1.274106410392795,1.3699056789082582,-0.1999835664940313,0.2629519976038963
8,0.0559933609358824,0.3932046693354476,2.242661685743604,1.7354728794108594,0.2000000099934268,-0.4280302923337422
24,-0.3963502486601086,1.834476788686116,1.4930438781764843,1.5735371745392994,0.2000000097847225,0.0153909295383065
21,-0.3258958103684299,1.4613261356145053,1.564402018734489,1.6802075053785557,0.2000000096531516,-0.6207121702803297
21,-0.3140261714570584,1.5626775349747712,1.4654909941044192,1.7935441717977694,0.1999125057990409,-0.2422382416031653
8,-0.0712830787568247,0.4429939092855047,2.0763272951033453,2.003132497299071,0.1999470991190584,-0.3017791896979906
29,-0.3317933513617028,2.0326817114907296,1.4931058409300189,1.1742764478758188,-0.1999872300070418,0.0074105016182657
38,-0.6080802007655339,1.5812475096492289,1.0592350615796189,0.8788259094846477,0.0290870868507847,-0.2493391145395539
26,-0.3801152808291522,1.9590096615207595,1.2564723278072218,1.4821669119216,0.0597755993315955,-0.2496711084656519
29,-0.3865608491534671,2.0328040716658453,1.2272473099317889,1.4436035484800258,0.2000000099645955,0.0860513815496171
33,-0.5167855754869888,1.75572954996969,1.102551040300403,0.83838177601833,0.1999998864060532,-0.064922767219955
33,-0.5305186376909417,1.719802258011042,1.2025631918248276,0.924452447395656,-0.1999711178624784,-0.1691192671722769
32,-0.4810106764143727,1.8817252413058032,1.3863815190878253,0.9543274975849942,-0.1999982552449005,-0.5469342028064388
4,0.1002669586251881,0.1823459179882486,1.516929437467132,1.592099164622914,-0.0477588536555037,0.405369652985065
25,-0.3859697280035997,1.845382569396128,1.275426366427217,1.5278297367129807,0.1999754023446943,-0.2046887218779761
25,-0.3386441538535494,1.9014701111619097,1.2441058615830285,1.4544564979973915,0.1999875318722818,-0.0706348808011448
0,-0.0333333333333332,0.2388888888888888,1.5707963267948966,1.5707963267948966,-0.065248876132601,0.1252489774661425
48,-1.0612590930920476,0.6912290220885057,1.6245400763857432,1.169363356828625,-0.200000009960998,0.3067660973169765
3,-0.0105622600000821,0.0575495366080786,2.025297180810247,1.2028905964920142,0.1998982854414121,0.2690035872950641
3,-0.1102206329268905,0.1289520383372984,1.822125848853076,1.3874453823740678,-0.0837804371424307,0.3477437826572399
49,-1.0755750811899316,0.6922883877557094,1.570719041922365,1.303859969620667,-0.0260025734433042,0.8685334204687538
16,-0.3078935272698443,1.1643572006940583,1.6678492362287385,1.8025026205284445,0.1999696478031266,-0.0986756245332914
7,-0.0771051986683458,0.459360833436057,1.650773680829678,1.5587214680815462,0.1794005984486263,0.4642588330194011
49,-1.0592843217918029,0.6810684994487496,1.4095437611129622,1.2920136811035436,-0.0180661863683007,1.2089010777318083
0,-0.0333333333333332,0.2388888888888888,1.5707963267948966,1.5707963267948966,-0.065248876132601,0.1252489774661425
4,-0.0577923040442319,0.1132128960622557,2.077390463152204,1.361165053336161,0.0502716220634688,0.2541508805016717
44,-0.9594770101458646,1.026677795515601,0.9845953279900684,1.213170702897571,-0.2000000099557388,0.0175014644869576
47,-1.0219659918116804,0.8127269622952358,1.6177088513087678,1.3414735864828875,-0.2000000099748898,0.0625794183739438
7,-0.1169565855040722,0.4672700063488328,2.087507842359572,1.2045987786999877,0.1999638728287442,0.1107394022408715
30,-0.3665822924679198,1.9997530817913949,1.4926711866541602,1.2067460557060068,-0.1999703078831149,0.0528476692551703
39,-0.8553226419199318,1.301079132084248,0.7582686907288174,0.9840089218673568,-0.1999999004418777,-0.1288867117295531
38,-0.7228233696242586,1.550246135725893,0.9347010376539568,0.8896514910343248,-0.2000000086205146,-0.3293917372757079
24,-0.3570886490699098,2.003393427889539,1.181671188273702,1.4266646563346312,0.1997319625730029,0.1160431319860941
12,-0.2073249031091892,0.8735066922017183,1.80112070689467,1.9216229253750765,0.1998910652705862,-0.1444914060092786
11,-0.1724876858725646,0.7260312846893868,1.851523482301508,1.9857163748356348,0.1998821733905197,-0.31960598792995
27,-0.3401417187021064,2.056607203839471,1.273356951883743,1.3531704205983772,0.0314832548396986,0.372231091643226
0,0.0777777777777779,0.15,1.5707963267948966,1.5707963267948966,0.1996056490821235,-0.2758509773550067
30,-0.3826682863061643,2.0355870064065207,1.5395226451244692,1.1870579692169607,-0.1999843577788582,-0.2096981956220943
4,0.0776304180136855,0.3966191936379893,1.57163557323185,1.5672210743496977,-0.0753818971030321,0.4617386231234833
7,0.0824139310709946,0.3439433081111188,2.135670262267484,1.462983351064781,0.199988430589443,0.1778336819816469
20,-0.3866164528814697,1.4643935670186343,1.550135494270597,1.6829321898735574,0.200000006569041,0.0627233927693649
14,-0.1631899635919058,0.9680260352734644,1.837046443491352,2.022521180014936,0.1999920928555104,-0.1714033132698786
21,-0.3426707573610354,1.539435814192173,1.4607681902733187,1.623241031890902,0.1999550483466816,0.0671753372588927
0,-0.0777777777777776,0.2833333333333333,1.5707963267948966,1.5707963267948966,0.1997182121031883,-0.3612153276465669
41,-0.7786011287024227,1.3646281096733155,0.9330320554461816,0.9555684503727946,-0.2000000099721354,0.0822494684155296
33,-0.4840892611076825,1.7923261460026858,1.1970444778588156,0.8694163956262971,-0.0077310934891109,-0.3946932384218476
31,-0.402061917271448,1.9472718856726523,1.514640826392581,1.1217616202438814,-0.1999993820061986,-0.2021347940297211
20,-0.3779884648692433,1.5396395726405532,1.4206589440558877,1.6273998912347831,-0.0104132892828747,0.0098511430502959
5,0.1038397438247805,0.1276110203654104,2.053919070532995,1.6029380374725828,0.1999443055867784,0.2044452245643225
33,-0.4886794540960461,1.7834961476092874,1.3600871647384505,0.9739793107279242,-0.1999999023604018,-0.4928214102324553
5,-0.0090134569089839,0.1289561408184671,2.265169338383947,1.4094493441584983,0.1999226050020911,0.0653746264669018
13,-0.2344223570454019,0.920372317362394,1.75853264803556,1.9824082732218933,0.1999263444338855,-0.1144573195322397
36,-0.6543252567697667,1.5664627928812824,0.8902277323443326,0.8909606112839054,-0.1999999248499475,0.1236599215839722
14,-0.2487759076037221,0.8938344009154268,1.6601470271733143,1.837877650799961,0.2000000099932972,0.1650731254552194
32,-0.447943117678017,1.8359371609013813,1.4470508653847158,0.9618401692825924,-0.1681405384629576,-0.3424468036893948
26,-0.3257350440886205,2.0058884714501266,1.1986064026739935,1.390467395350804,0.1999529115952925,0.3986583537296554
0,-0.0555555555555554,0.3055555555555556,1.5707963267948966,1.5707963267948966,-0.0062601169491076,-0.1035855046122827
3,0.0526153527196687,0.1439511606498728,1.972564042606626,1.394163946516722,-0.0416908420568121,0.3112318683728074
40,-0.9484930279268596,1.2220638209383825,0.8002419295397143,1.1603994348851032,0.2000000060425593,-0.1704074462692773
15,-0.2640838860082087,0.9864242513363192,1.6504740985718112,1.80237287032096,0.2000000099471099,0.1669517386996401
8,-0.0588721835618777,0.3535902529250105,2.1995225521412234,1.90970768397956,0.1999966050833148,-0.4442180703743721
30,-0.3869924312178014,1.9227084393215177,1.5161992898818593,1.105963172771478,-0.1999812779282461,-0.154770604568385
25,-0.3310492553433199,2.055599460961195,1.1564206984344612,1.4830542196316594,0.1999556851816981,0.0391508315262896
29,-0.3826543157379752,1.964586026412924,1.2542226771500449,1.4802740042829716,0.2000000097703636,-0.1316995931657968
47,-1.0393337022473723,0.7668762063822812,1.2329914877798895,1.3541311006044492,-0.2000000099208355,0.6669920455898997
0,0.0333333333333334,0.3055555555555556,1.5707963267948966,1.5707963267948966,-0.1999049142638773,0.3136719650955606
49,-1.0454823648597298,0.6737438272134151,1.8476531329241137,1.1435952534205318,0.2000000092136531,0.5767372448637149
5,-0.0687379823722226,0.1153887612206133,2.0952488417413573,1.2535926954545225,0.1997701986583012,0.1221515956860516
5,-0.1030833001867894,0.3060332604259446,1.5652256468918662,1.4945584391890196,-0.0453857721445497,0.4605074101350688
33,-0.5177506785480567,1.754751021158404,1.125997838624988,0.8392677700065792,0.1847313195739304,-0.3304284144777553
0,0.0111111111111112,0.2166666666666666,1.5707963267948966,1.5707963267948966,-0.1998444228098203,0.4071323335602944
49,-1.0767764464388283,0.704723107715989,2.162470449754272,1.0676615030649157,0.2000000099048106,0.4636877834893695
13,-0.1888464432221863,0.9526978582284016,1.8308174423408108,1.932702382283748,0.1998319875978415,-0.2342393497445818
36,-0.5828752727242029,1.6188623620589415,1.090684256577168,0.8898756570773022,0.0384744998354258,-0.2758518821334102
2,-0.0573844756459715,0.1385427684731836,1.7803364331510405,1.4782270644402913,-0.0389780461368948,-0.0368573632430333
44,-1.010167831868049,0.8950506429450383,1.1353060825298102,1.4014655181313564,-0.1999999637557963,0.4779990065542839
9,-0.1211682170772774,0.570281831671874,2.0130479308452944,1.8289133323600104,0.1999679928216352,-0.0863555684136584
34,-0.5675277364279508,1.6411062454356165,1.056512531885181,0.8829297862288952,0.2000000095659646,0.0386049294425757
31,-0.3621905000990017,1.963118230857248,1.506022949763809,1.0724015165231262,-0.1999789527489918,-0.1731407838408709
29,-0.384216351680361,2.0543022726417246,1.5400812524047236,1.2037162196151407,-0.1723012187818732,-0.5063947023420043
3,0.055206727527953,0.2775935355382342,2.015073240795408,1.4081364634726972,0.0404387785043065,0.1760806983660588
4,-0.0421092360611224,0.0567665994878016,2.1149457852032523,1.2763261984081478,0.1995301741232399,0.1984395950295404
38,-0.6339997270576573,1.5659240464715865,0.952331398674522,0.9498461013780104,-0.2000000098098205,-0.1730836126036571
4,9.937703723281264e-06,0.1225039853062182,2.115140902751817,1.257682465074378,0.1000335107328533,0.2152800125050144
10,-0.1173394070108534,0.5789269362796824,1.889560216167245,2.0447125362983734,0.1999759582121883,-0.0572399936383518
6,-0.1007599276700121,0.3543514922856765,1.589708098271165,1.5403191094976036,0.141859084544548,0.4960147737408347
33,-0.51856105613583,1.7574379060847327,1.0890466245498995,0.8234135698456966,0.2000000098163372,-0.0294590218224097
3,-0.0669634397664002,0.083933931795169,1.8839554573085648,1.3491261682932325,-0.0550370529007437,0.32466496831234
30,-0.3744817969654906,1.936155082076024,1.5207027225431542,1.102208657844019,-0.1999834912394879,-0.0527515543067013
26,-0.3383045177967435,2.081583492616016,1.2221805829466124,1.375039221334721,0.0888147811386261,0.2957174229856188
22,-0.3470765422084881,1.6506745659981343,1.4377856264498572,1.60666078573869,0.1999816942270584,-0.0757989284412836
30,-0.4051524822588545,1.8489702548646487,1.5059992420163493,1.5578977418739293,-0.1958754997407964,0.3273110350173671
24,-0.3696253827548147,1.9600033808261288,1.149136253693376,1.4734057800657605,0.199788248565343,0.0679511667878184
7,-0.0120118242735183,0.3888023285275103,2.22837378928927,1.890911036959389,0.1998652982832861,-0.15541970392556
32,-0.4901472356723629,1.7639687453709425,1.349707474061523,0.9639851717862472,-0.199977665571521,-0.3794194264097165
1,-0.0998417612116912,0.3137372445031309,1.6870233277466635,1.5340769904494989,-0.0576775938108876,-0.1173193569602588
35,-0.5621827075633331,1.7048852476862708,1.049489096799169,0.8252786451333948,0.1753122659922966,0.0106572535708476
17,-0.3384248105382599,1.423694904367345,1.5938835924382733,1.71550105579448,0.1997995102996398,-0.2402661619234429
0,0.1000000000000001,0.2611111111111111,1.5707963267948966,1.5707963267948966,0.1479827513564997,-0.2135011802728961
0,-0.0999999999999998,0.1722222222222222,1.5707963267948966,1.5707963267948966,0.0400688559113371,0.0219498102015178
15,-0.3265202498030235,1.1121431328996985,1.6315375241127352,1.7715569048753672,0.1999788279584693,-0.079038602661541
1,0.0316894530957982,0.2037346845803773,1.7075956920769553,1.5063567055493845,-0.1999141806426599,0.2648987748012799
37,-0.6858315777857493,1.5255457666827557,0.9297895385560137,0.9222106871109242,-0.1999999942285941,0.1234134817969972
7,0.0059578089327857,0.3196617301166428,2.25135658035544,1.912433669171868,0.1999621716636514,-0.1598428614568543
8,-0.0045915722902187,0.4302959405262537,2.284440682330404,1.851830072183947,0.1999882991632024,-0.1872584511511018
35,-0.6786855748889216,1.525689853282885,0.956596997627292,0.8932884666224339,-0.1999793196261916,-0.0962379851476837
29,-0.3851753704293595,1.9617892932246648,1.391546062254582,1.267224616962885,0.191880732982227,0.259671767339083
1,0.0062175983465915,0.0540396816319672,1.782921970882688,1.448352951032836,-0.1999508746530535,0.3536720707696879
43,-0.9240642889160352,1.1845114345354362,0.7324321131678753,1.1546591434165447,-0.2000000099168013,0.427774477698185
38,-0.7782973066558888,1.416680854636278,0.8643019777025218,0.9176276766784311,-0.199999895733056,-0.2226219058419013
5,0.0530660408429001,0.2569984137781328,2.083469689884458,1.3598466488822036,0.1998419283608399,0.3264935063268432
18,-0.3567953688108566,1.406689641150469,1.551646533482943,1.7101389429107805,0.1999644315961744,-0.1541939899314287
41,-0.908261944995287,1.1839162833144177,0.8410666147854666,1.1203252768155865,-0.1999999872649981,0.2525470577414688
1,-0.1001573803421018,0.1589704429277516,1.6385959471252305,1.546152382502415,0.0846622189981059,0.1730069078034615
36,-0.7168066118909148,1.518368380238356,0.8470302651064749,0.8899138697191986,-0.164264907097852,0.0977256790248546
1,-0.0606739424009318,0.1449754647291623,1.7998033440242605,1.4396995954394851,-0.1999660830110259,0.1965841631052152
13,-0.2478919965510182,0.8415176355356286,1.6807065727079826,1.9148034576632784,0.199979246601966,-0.0156134579993117
10,-0.1524241977326326,0.5844162715591155,1.852644804577868,2.038522874829534,0.1999542742891669,-0.1803560289617766
25,-0.3919788824831965,1.8882994393965564,1.3017272586610655,1.5190564170250327,-0.0939125014167929,-0.3359745714325531
16,-0.3332186906462544,1.300921894412196,1.6224128315832953,1.746938816542147,0.1999658232015292,-0.0985573987302808
2,-0.1020119847100203,0.3072216168433879,1.3860862414028985,1.5799762710920895,0.1995860370409739,-0.2149198912899878
33,-0.5490092446811082,1.7706510185029498,1.1389035815980773,0.9144091201190844,-0.1992014185916787,-0.1573588556620438
5,0.0394920351878507,0.1523890569558041,2.2404818470266203,1.5157553110536912,0.199971295208662,0.1326531323442858
7,0.0186480003537828,0.2384767741401139,2.3537144186582903,1.5942586583325482,0.2000000099568121,-0.5389488783900819
11,-0.1135887150187666,0.6553312839266405,1.8916664319720609,2.0335555111390606,0.1999897669825183,-0.0310589136260874
1,-0.0333028033661828,0.2880331141337078,1.6103135580804686,1.5580315894196166,-0.0514850662035027,0.428727976702721
7,-0.0118016804831664,0.2636956554720666,2.282616605111633,1.7317208586902868,0.2000000099507698,-0.5348605625016628
4,0.0430442555488596,0.1046085900272453,2.0491671222437366,1.2611378475771218,0.1999360464095627,0.3422606942440169
48,-1.0357884595950155,0.7755571503814734,1.2039006697621684,1.3498893613213667,-0.2000000099960479,0.6992479922359185
23,-0.3795500584445809,1.7547560446443593,1.3472755374994616,1.5537056045727884,0.1996941109979177,-0.1180944269585867
2,-0.0553223830351858,0.3633611497131643,1.6194702769306044,1.5580837979754378,-0.132386717589937,0.4286675726515725
49,-1.09634209973283,0.638589829121679,1.814178434261356,1.0821589100978586,0.2000000099929819,4.827763359847794
9,-0.0626045202999742,0.4571310579350972,2.132244818904672,2.045624098416307,0.2000000099457152,-0.4866851161952328
39,-0.8497613836576907,1.2968484496041863,0.7397762099888663,0.9669764645334858,-0.1999998839574165,0.0648899477289054
26,-0.3365871194016741,2.05167172425065,1.274697489595925,1.3616716312998989,0.0603719496138752,0.3583848915353808
38,-0.8135257677397898,1.4478692344492174,0.8443706790593009,0.9133638638969264,-0.093497875705635,-0.2870995158605045
5,-0.0479799910876119,0.3845246132587913,2.187374168136392,1.5066162573321438,0.1998710554148268,0.0923035576648658
44,-0.9167437528464248,1.1764062823219434,0.7728090333428721,1.047264152710532,-0.2000000099901113,-0.0635529011342944
24,-0.3844252631044305,1.7383659689525524,1.381359745809112,1.566197886041009,0.1999776304309475,-0.2073389618425819
3,-0.1023512348196022,0.5758934218177729,1.1454176631771116,1.4986357513046955,-0.1003985733243735,0.7857605964830183
21,-0.3426285626477972,1.562624848719162,1.499146097400461,1.6344695325231735,0.1996318754792815,-0.1474112349765251
24,-0.3824928262355508,1.8314174660167843,1.309971877434526,1.5164072158325,0.1998700096469149,-0.0868507671028796
33,-0.5223432850572217,1.7604304662521977,1.188483699985495,0.915643402548169,-0.1999772830718343,-0.1443785815971245
15,-0.2277309197613233,1.049890539069535,1.7000252893270922,1.959318900556425,0.1999947018903777,-0.0324772807368997
16,-0.2198796362808174,1.1376870302651088,1.674904449869594,1.9711646908429488,0.2000000099495933,0.1094934348118622
34,-0.5839665901276496,1.6540581664340088,1.09165079618362,0.9023456103396826,-0.199982062115777,-0.0655317599992971
0,-0.0777777777777776,0.35,1.5707963267948966,1.5707963267948966,0.1994508462489837,-0.3960369384433966
30,-0.3643786401426647,2.034646753989852,1.3406016948309285,1.308806846576402,-0.1999999141413697,0.2872186300880366
46,-1.0804934968808335,0.6559561049128425,1.7649770780142884,1.0142980738288856,0.2000000084328662,-0.1660094649028453
7,-0.0484639813795576,0.5051883925292419,2.2158110673215727,1.8563470219118,0.19993759360029,-0.2312145393529235
48,-1.069208099729794,0.6553568545424199,1.6208366817180493,1.1348912889067253,-0.2000000094764642,0.4466709635267453
21,-0.3736940677131217,1.843253712779192,1.3033378096905093,1.5474488273331424,0.0601436819711911,0.1414935024985588
40,-0.8758949540986177,1.2541329002717778,0.6993459361281733,1.0113336124123538,-0.1999999497559524,0.1957251325118219
32,-0.520786809919391,1.7265815223353462,1.2109556617822983,0.9269154141118944,-0.1999541042603222,-0.2353165105541773
49,-1.0923288731362053,0.6097586686880158,1.800830525109384,0.963960261625288,0.2000000099729468,0.6184034214630817
16,-0.2621977354601064,1.136123145990908,1.6417796919730048,1.837354081218432,0.1999813976497998,0.0688674207780549
30,-0.3662633982990104,1.938159475061731,1.455659252652202,1.1733727065969235,-0.199997761856528,0.0288544642377583
33,-0.5059381810030575,1.717715566310983,1.0265618180643954,0.9564405564342758,-0.199988664473748,0.0726870644862709
36,-0.6786734435549701,1.564581754917105,0.8805395147557533,0.8845957806796728,-0.1993351319572685,0.1633508011442311
18,-0.344465660316701,1.2831848235955354,1.6301448019829134,1.736248627345475,0.2000000099929467,-0.2452229016631275
13,-0.1995845848270554,0.8486613372296051,1.7455296898868422,1.941434957978954,0.1999758512829008,0.0492835154427794
5,-0.0543110244068043,0.1617733081252015,2.151763235279594,1.394827703316717,0.1556750557965034,0.1450235239328025
42,-0.9246008478029089,1.2911579823474222,0.6591078201916556,1.0517746306147162,-0.2000000099555091,0.022898315126315
0,-0.0333333333333332,0.2833333333333333,1.5707963267948966,1.5707963267948966,0.1911810567159892,-0.0929537523990896
14,-0.2920064532151278,0.935965968027568,1.692789522060428,1.843631348471948,0.199981540490012,-0.0735406083673564
2,0.0993980771686266,0.2162123706677871,1.480821878710065,1.590830996379565,-0.1977273278245422,0.0496182648898455
17,-0.3550985350063883,1.143663227155633,1.7162438156690936,1.8574761323746152,0.2000000099968881,-0.2075450058322208
29,-0.368555224905371,1.9961701430698435,1.4556004563954217,1.245340596150755,0.0024382986004646,0.1336880470158337
6,0.0603532100590395,0.2592461471281682,2.158051976063524,1.458038293454755,0.1999558799113317,0.1418561015434383
36,-0.6578305007445938,1.5351909506078525,0.9130478846516948,0.8735847679985309,-0.2000000075806894,0.0828012160700714
13,-0.270381713666359,0.9179515442241584,1.691728533306394,1.8762483950258624,0.1999461179465508,-0.0710821985290463
11,-0.126707502565975,0.6656529817057674,1.8855736737582485,2.0485319684578465,0.1999804405451452,-0.1332494024876026
5,0.0393660992261508,0.1693293075254731,2.277486079433237,1.5335313194013551,0.1999628738821891,0.1016482736034362
1,-0.0777250586454423,0.2524251752471428,1.595618368187223,1.563257220297856,-0.1999618280476036,0.3526414036381348
5,-0.049151034519296,0.1930727556294217,2.175024510422025,1.4878152368951452,0.1999364581387129,0.0929413135939314
5,0.0337459303416901,0.243883662007744,2.1497329036381583,1.395762884630091,0.1999008457034871,0.2605006418306867
13,-0.2554870209030132,0.8547271016736251,1.683166405293146,1.893233175282472,0.1999865850406564,-0.0502521819814374
27,-0.3537445377836431,2.041115993365737,1.442633424946342,1.2722151957200014,-0.1216737766871499,0.1004049994019112
40,-0.9004004972018721,1.3294618557604618,0.7566019604590277,1.0448674841629964,-0.2000000079946568,-0.1201571237858858
29,-0.366297083842426,2.0447168777883995,1.4005007977273802,1.272659014918469,-0.0487727400880829,0.0788070690713822
1,-0.0155020303656167,0.0986817766077753,1.761122729539296,1.4612656583666133,-0.1999557133911419,0.3615701593467395
34,-0.557802157148686,1.6425348185493251,1.0723450119283535,0.882113850589134,0.2000000096548064,0.0209976986019011
49,-1.0934777265509965,0.6428583123001175,1.5154494373735528,1.219630506279708,0.2000000096973935,1.123700712791002
25,-0.3401173129699691,1.902600986485976,1.235276904949222,1.455591448829841,0.1999809197160871,-0.0487426577676096
4,0.0804228984828566,0.1955256709020199,1.6275434072931845,1.5682887682372624,-0.0270967042344578,0.4112224365176746
26,-0.3594619098475681,2.0403114371709865,1.3766034069147448,1.291589528310273,-0.0306389408425109,0.1590085938522536
49,-1.1025312938611018,0.5972239313748774,1.7745895098406086,0.9277503498970616,0.2000000099756638,0.6765929422690914
36,-0.7661708262213436,1.49452124505575,0.7815848524358611,0.813754072183044,-0.1998853492740629,0.1362507002396318
23,-0.3878552620545853,1.7515181992770643,1.3827914456513266,1.559301923801166,0.1697411477305443,-0.0852639652374194
29,-0.3522248129614317,2.088662434929497,1.293683041879211,1.3213049209337209,-0.1076421077215929,0.3357806785930438
0,0.0555555555555556,0.2166666666666666,1.5707963267948966,1.5707963267948966,0.1494447317595282,-0.1330514787818678
31,-0.3890601250173929,1.888488444189546,1.4760464812305312,1.1047120641050383,0.2000000099130509,0.038091878843396
20,-0.3754808573823079,1.4859401905744578,1.5409148159113268,1.681098836290617,0.1803496864545913,-0.0412649508560857
32,-0.4117132705526996,1.8469433918956293,1.5182189988580088,1.5401715279945252,-0.2000000099390934,0.219505742887212
17,-0.3537838660163735,1.2136913971832175,1.639350784071956,1.7424540872707073,0.1999731398101425,-0.0449614677523195
34,-0.598299958003601,1.6694937168732384,0.960637600221906,0.8056583379297653,-0.0396821366748541,0.2494311461569264
8,-0.0482750738571003,0.3425876422149836,2.128963098922048,1.837895218493378,0.2000000099931384,-0.4243332859926532
20,-0.3767093000446258,1.5228816610096434,1.486074139424835,1.6509610434430868,0.0702866919345789,-0.0261428504674049
21,-0.3824157443524612,1.615692085676793,1.4259486059334616,1.6203635720816938,0.0974676798494077,-0.0839934983747464
8,0.0854483232081106,0.3861950417312803,2.241844800361667,1.5144471879170018,0.2000000099946194,-0.3601845226004076
10,-0.0861988541638836,0.5932204273729207,1.959118747213159,2.007126805273018,0.1999697471875537,-0.0330823672696555
38,-0.787564180340678,1.391231557126739,0.91490632908731,0.9739426978833994,-0.1999999151260101,-0.0719383501192413
29,-0.3634137624926095,1.9727754359541168,1.5362861148859914,1.159826207357299,-0.0014122184097884,-0.0719430169062783
9,-0.1147154206318025,0.4515199475773614,1.9749040911581848,2.079465966499065,0.1999923951436398,-0.3110841522372777
18,-0.3332285735135883,1.3357926148309995,1.5580277601864676,1.695817039912924,0.1999926217316038,0.0929425273762142
33,-0.4728441720834921,1.8045932854214828,1.262513638534818,0.890848024082583,-0.1054892672907971,-0.4532832290609628
25,-0.2856817457412936,2.09668409442033,1.1877730945732932,1.4035323608546146,0.1922334511736232,0.3984317702306321
17,-0.3589355874243114,1.3035249359214718,1.602295865365539,1.765169707039108,0.1999595826059977,-0.0424510169969211
30,-0.3781821999143472,1.987669446288428,1.4477226073530058,1.2417461782809558,-0.1998856820008892,0.1636893801028014
9,-0.1356091055023479,0.663656940763643,1.926115063079868,1.970946564684717,0.1999831439394615,-0.2120724506146114
31,-0.4106555568385521,1.8889397794228155,1.4091804074731211,0.9834149522169076,-0.1999751478357432,-0.4169197167292642
24,-0.3472527436842591,1.7770308838503373,1.3139872635391097,1.5466896252429965,0.199980905023089,-0.1882184156171059
0,-0.0777777777777776,0.35,1.5707963267948966,1.5707963267948966,0.1994508462489837,-0.3960369384433966
31,-0.385729898308312,1.889845216910685,1.4778021509435515,1.0968384882783448,-0.1999997847506182,-0.1331851111319066
24,-0.3774923226324231,1.8563453204644156,1.2954196902599673,1.522626033313988,0.1568365334992208,-0.1671015066695818
9,-0.1393167250298554,0.5762427657076852,1.874812305965696,2.0628254281331766,0.1999833204663589,-0.1947432342230032
3,-0.0960645842710688,0.427837960478381,1.9457967738297324,1.5233773759846974,-0.199917264825293,0.1241978726492789
48,-1.0585670258421445,0.7006525374069061,1.6211876726141066,1.180927781463753,-0.2000000099941885,0.3064870285363391
47,-1.086288647246948,0.6626632219894026,1.4746365389463048,1.253220520938899,0.1156614651126984,0.1652153612652178
6,-0.0109779046954285,0.2638045123503171,2.261874047168765,1.7465677010495424,0.1999350125134197,-0.09216316972627
34,-0.5844025463441795,1.659518587041504,1.0542860618504668,0.8618330480246141,-0.1572059263191034,-0.1626304164361987
10,-0.1441796725516564,0.5441624998694421,1.876444334908875,1.9997530457587,0.1999927693737899,-0.1306843374590743
13,-0.2374922067243798,0.7329001378703373,1.7440564381566386,1.892678874261139,0.2000000099968728,-0.2124962111280596
26,-0.3729398515669752,1.96418233761392,1.170815953114305,1.4638485140023063,0.1999294633678917,-0.0138283886533569
26,-0.3009071422994265,2.0969245183803444,1.488726452985082,1.2929484881877868,-0.1826213097292367,0.1423563150228505
32,-0.4559256298553997,1.828951812685801,1.2899825843658783,0.8992748587391921,-0.1328278838888864,-0.4723847597230813
45,-1.003049070111921,0.900912895357225,1.1168906903502087,1.336557096009887,-0.1999975290785515,0.2942486696646054
33,-0.4525683639515399,1.7811071522375468,1.3913713442769389,0.9568487956492856,-0.1123960740701448,-0.5056736578489341
16,-0.2672370285259749,1.1994971471092373,1.6912445100632052,1.8976005224280104,0.1999722453212738,-0.2629668187078698
23,-0.3813756037254376,1.7077316436245558,1.4068964878704886,1.5831252076469755,0.1631038449664368,-0.2136833365287739
35,-0.609293695583224,1.6969478891078835,1.0081373723831517,0.9006177056070411,-0.1999998818711002,-0.3130806600827562
40,-0.8954859482272376,1.3285404716508769,0.6672605211522917,0.989649466415126,-0.2000000082220288,-0.1151008167178819
48,-1.0580243723682805,0.6856640102203322,1.3995266194131712,1.2971666407675462,-0.2000000099461719,0.6276602970323776
1,-0.0780796657426808,0.2446125236139232,1.5348963486638407,1.577426605858116,-0.0449799395492495,-0.0631928856569306
29,-0.3606567852613699,1.9397685345274127,1.4633489037540297,1.170639361212927,-0.0324104039486761,0.0692345529221618
49,-1.0714076850060574,0.6438724610623907,1.6274273750400663,1.258297429047838,0.1820212524029741,1.0129016102245525
38,-0.7703822309386892,1.4830733018456264,0.788973600664411,0.8243211282420817,-0.2000000097796918,-0.1697318494887159
1,0.0554625807031245,0.3425521792085882,1.644511834779058,1.5449728297120786,-0.1999043282633358,0.1941442305375574
29,-0.3064705819968081,2.104340105876729,1.3380631479111056,1.307381920008381,0.0476156664502889,0.316655766602172
48,-1.08488107865999,0.6531583951732087,1.7896893537279706,0.991086920850998,0.0307852334344147,0.1249758227624851
23,-0.3625593149052473,1.7184615266802952,1.3860505886379046,1.6534580534693717,0.1999038960657901,-0.1707058485844943
15,-0.2703242509783412,1.104196670518842,1.6399436155941824,1.826944160508804,0.1999781459782922,0.1450607536193808
14,-0.2804653737090817,0.994573447657261,1.6782886060562472,1.8683238763632803,0.1999772580790949,-0.0746808476062038
9,-0.0380612150941863,0.4818676921382854,2.141500146189008,1.95715869303018,0.1999859210294986,-0.1690275991803427
6,0.0289137232757949,0.2229025933284776,1.819604461142097,1.4380941220901633,0.1999818588367119,0.450414750578657
19,-0.3142443202631964,1.528391050538907,1.585257695117269,1.8084095219909069,0.1750167185715862,-0.3207291706039001
25,-0.3791974254423181,1.8607172236820824,1.2925947132196764,1.518951729384298,0.199869137915254,-0.2553867597497609
21,-0.3754164284448622,1.5564884517284794,1.493113146224294,1.6349977587605429,0.1999270591603922,0.0375839050523337
5,0.0238104133112563,0.1586226834936237,2.181684219339166,1.2808244533950757,0.1999554397379893,0.1128421791628547
32,-0.4644731908878871,1.763070368241569,1.3234598050501685,0.9313089723842012,-0.0278602542624286,-0.4583488564974438
47,-1.0313661648100232,0.7195828545379305,1.441643559434686,1.352086136569183,-0.1264628567256027,0.6309554238602793
16,-0.3275922422332653,1.2314304295582572,1.6412478713926415,1.8165635149488808,0.1999714446408448,-0.2596292156109031
2,0.0242020973834921,0.1457427190082012,1.8596917996790747,1.3803050190376347,-0.1997693659412322,0.1940859316248064
39,-0.7824754688848375,1.38474153894753,0.8338703262296061,0.881466817898354,-0.2000000093420371,-0.0496493231561175
23,-0.3826770334123275,1.7911355813478893,1.3665096955981593,1.5710988413209934,0.1993995139383259,-0.0682673052042673
22,-0.3468650933627425,1.6418474969593104,1.4439188065615038,1.6078426336734242,0.1999410642005547,-0.140936517284916
22,-0.3475867555258743,1.6690339623142738,1.3977644825961928,1.5771278936102655,0.1999454316801431,-0.101958164489037
45,-0.9967018234619066,0.9235403172584398,1.0799559401955945,1.3288800483920034,-0.1695329021288632,0.2489256392117538
19,-0.3674586082806564,1.4346322283977044,1.545663673765893,1.6654858986464374,0.19983182934683,-0.1939771512969653
47,-1.0379539994212006,0.8589032480688377,1.0843740916487317,1.3379857692983006,-0.2000000099976546,0.4081449340099844
12,-0.2078150482405255,0.7926643482146886,1.725398157784019,1.9030755343471304,0.1999751360261031,0.0972356803236641
21,-0.3798332459842592,1.6502907631832724,1.4396444084730486,1.603052101585252,0.0863724845214817,-0.0160813374153898
47,-1.0539109678343797,0.7875035108003303,1.2125961175796132,1.3555619177561058,-0.2000000099962788,0.3206917241219236
32,-0.402624255050016,1.9169775050350013,1.3947698576983552,1.2455288348484306,-0.1999999721492037,0.1790616288974639
21,-0.3828945317187894,1.6215996511677937,1.4542730944838862,1.6156377274240956,0.0590344486516574,-0.0883247626662936
28,-0.3627910290787707,2.000955063458828,1.4866421886395953,1.220051501019182,-0.0231556542856207,0.1155106354807874
28,-0.334222911151872,2.0872217901442367,1.4267150481736142,1.2956308989594598,-0.1998812826825963,0.0646907198974227
29,-0.355389001099245,1.9554583053870065,1.4515882032599787,1.1774230762887028,0.1998366551515754,0.3100122429397443
18,-0.3459976178214122,1.2513914652799405,1.558162291595016,1.6622512254195334,0.2000000099719344,0.2213992922383923
42,-0.988640492128561,1.1017320896309732,0.9139246242728571,1.2630809782239218,-0.2000000085503577,-0.0533087441916555
7,-0.0534784640781774,0.2700951454332574,2.147602901854788,1.7130789223823353,0.1999794000275638,-0.0401611571717231
23,-0.3502114168510331,1.711596235974668,1.3653278398003916,1.5652200608969753,0.199984443734166,-0.1871649346621967
18,-0.3843145427017458,1.2865655248335752,1.5829152474787571,1.715230654812133,0.1999996839498942,-0.0286408013125438
45,-1.0321081725623686,0.9231719956890702,1.1106518330660204,1.3986912803740756,-0.199999997332725,0.2732706166171531
24,-0.3748571296362846,1.805425896854475,1.3332203040507178,1.555813912034789,0.199289160822438,-0.2054782953231664
30,-0.3818800390341512,1.9229970527368272,1.602779432178795,1.069362906541405,-0.1999845496258343,-0.2539173669196599
49,-1.0707703305668756,0.7004181453090529,1.654294510432754,1.2776759551488512,0.1761857844066292,0.9993382201126692
2,0.1004397299874474,0.4147715813294648,1.646924921372209,1.5523443014211502,0.1998108486026858,-0.113558932707228
27,-0.3067015614543458,2.1019244262584165,1.3339811796930174,1.3068359923421404,-0.0717558193155637,0.3071327984677622
1,0.0080148995949627,0.262089462915906,1.7914665500309803,1.461482443647082,-0.0787666646317176,0.188149879450463
1,0.0773961799138757,0.2831719335860106,1.5070936838772635,1.5860668714078603,0.1308926916867819,-0.2544783792309114
28,-0.3075072263581785,2.082218951514432,1.2424430521812777,1.346698009932031,0.1999880012978804,0.3821819507666438
29,-0.3647834114855071,2.049702872959258,1.399133444824491,1.283718054431244,-0.0814661858035196,0.0289866103635726
49,-1.0828664447810938,0.6629276792366331,1.7684199268296066,0.9795634886856064,0.2000000099681829,0.6391274477799896
15,-0.23794510481683,1.0550625990271167,1.6948289789420263,1.9350211629838223,0.1999791227187722,-0.0498959545109303
17,-0.3081920857917859,1.1867895293551658,1.6014911840346198,1.7035851631242411,0.2000000099934206,0.2206290355001831
19,-0.3498855506626506,1.4339461654615575,1.5371935686547546,1.7156757276764587,0.1998855492996155,-0.0594029951634242
44,-0.9024833613046972,1.3341161769710956,0.9817253603276352,1.2171481303234206,-0.2000000099974655,0.0881166022384665
25,-0.3607581378852713,2.029183077921906,1.2343082251634936,1.5099006368521724,-0.199984454868172,-0.3113112512857967
0,0.0777777777777779,0.2611111111111111,1.5707963267948966,1.5707963267948966,0.1715896042367034,-0.3450117782613353
24,-0.3490430815076696,1.7989889862969042,1.2740250090744831,1.545880963346166,0.1999802472442385,-0.1243154762548375
13,0.0207752281029544,0.8112759356154884,2.101575863608394,1.904543748374313,0.2000000099620039,0.1392042692779504
37,-0.7043657534546853,1.5215865358855816,0.8569275939070534,0.850276306720069,-0.200000008873789,0.0600057785635829
32,-0.4547042882275418,1.774635313700606,1.3763274672117571,0.9475463154379128,-0.0664977011653414,-0.4927999672746761
46,-1.0228585851618113,0.8178883024874932,1.480042107901025,1.357585675671622,-0.2000000090634051,0.0481531299224632
4,-0.0682126078658381,0.3325604112252304,1.7462098502942824,1.3949283699557735,-0.03754277726295,0.3407674752913688
21,-0.3896909961499598,1.679208799791536,1.4377448196199278,1.6178497241557652,0.0569562198961037,-0.1052050551388867
43,-0.8500162201778964,1.2793981457149717,0.7852376131948571,0.951501415425032,-0.2000000099850248,-0.2027807614611602
17,-0.3468979273464881,1.2688002360729094,1.6346439207580428,1.7392205698898284,0.1999745902835311,-0.1009903155801517
6,-0.0277640797350365,0.2102618536203069,2.257412121691976,1.4932784874626874,0.1999495075575016,0.0288066403675036
19,-0.3708923144792386,1.5648899167679478,1.5041832710292675,1.6657018282064742,0.1996427270326643,-0.2647491378703228
40,-0.8302147675533614,1.3614834711868673,0.8229131788567068,0.9097735323742444,-0.1668035341061457,-0.2748540465629538
13,-0.2491717159208279,0.8135135364095015,1.7334283823755126,1.9379750754565648,0.2000000099575605,-0.2652497400605269
19,-0.3349920987613928,1.4567212775519225,1.561009203144584,1.6496677160229416,0.1999115615207188,-0.0198790200340042
34,-0.5595604748939522,1.784931908480355,1.1510631601002554,0.9328069045758188,-0.1999998849145097,-0.397166363939087
20,-0.3741906973365588,1.5953148408086548,1.4995230036464076,1.6782798980847249,0.0691340143367258,-0.0371385101862691
38,-0.7752861558486144,1.4059087274465716,0.8620632958081305,0.9255178013664124,-0.1999999121326807,-0.0896986046843879
18,-0.3414645257650441,1.318804984063642,1.554163926341806,1.6768809839306638,0.2000000099682838,0.2295782844159942
36,-0.6687602146132805,1.5452186346347443,0.9647949998833912,0.8715132323120884,-0.1999998988753313,-0.2438391200690586
19,-0.3567905793400579,1.4762558741967549,1.5114928065475564,1.7000852542816425,0.1997770273991315,-0.1879795265921045
5,0.0786642792720195,0.3175950169087927,1.829642386236463,1.499522264582135,0.1619393365494837,0.4380696374695558
16,-0.3305958448429205,1.1823517487859634,1.5929097398000254,1.7478022750161972,0.1999622882311695,-0.0308462270801311
6,-0.0567988818946302,0.501569081191687,2.144939080872808,1.7290717595888545,0.1999496205284054,-0.031274941761339
34,-0.533995916795646,1.695217233681202,1.046035342910562,0.9117186954120828,-0.1795620865138505,-0.2117580534733138
0,0.0333333333333334,0.2833333333333333,1.5707963267948966,1.5707963267948966,-0.199758804513895,0.2845145501032434
16,-0.3395375791858562,1.342687164139818,1.616937835761581,1.7422580670748826,0.1999404070036138,-0.0952941689900333
20,-0.3652247456446765,1.5511492919982193,1.5204307782140116,1.6886592477186912,0.1087571677556571,-0.0540046922504289
48,-1.0712316229319316,0.653443052847218,1.625314063285035,1.141137235808421,-0.1974465150265733,0.3544025932927289
31,-0.4065088011359687,1.8567129773734687,1.5150149847057204,1.5377167972042642,-0.2000000099448204,0.2614008150950255
3,-0.0023174732312472,0.2059698872557389,2.028132007518087,1.2644871467774774,0.1575158784670194,0.144406017705102
4,-0.1074286662648072,0.0518401923651799,2.008508822448525,1.1466661768102095,0.1445138097198484,0.2644712604421883
25,-0.3710318575300316,1.933765741288397,1.180678148814712,1.4930709861310525,0.1999508505436054,-0.0415017928990965
43,-0.9795369556809694,1.062739290516089,0.91766209588127,1.354716963805781,-0.1999999865178552,0.4644024747052989
4,-6.678391937288463e-05,0.2306877810915443,2.100228943922792,1.2624432936895538,0.1995739642653941,0.203966580329797
31,-0.4032950193950675,1.8442487966691368,1.503356215604816,1.557066720955851,-0.1165350827324842,0.2695787793785644
46,-1.0397744767485178,0.7498711312062657,1.3441256902746463,1.359360580147046,0.040855739887627,0.4477875921454581
0,-0.0777777777777776,0.15,1.5707963267948966,1.5707963267948966,0.1999558785497732,-0.1474204165610083
35,-0.6278330335876745,1.6941912882671293,0.9723298932102064,0.9036274452666732,-0.1999999888188656,-0.3034073517097909
20,-0.3843890229573736,1.5241345058047389,1.4938516887512543,1.6263497587328164,0.0808299450553282,-0.0422715882418524
23,-0.3505188544754846,1.7118826746147349,1.3648527386274676,1.5479077777396228,0.1999841775850418,-0.1928506992702195
49,-1.0482505808378249,0.7234981386747807,1.319703665622745,1.320374642360244,-0.1048587445764303,1.455270604384106
17,-0.3403586998708749,1.2205914237437108,1.6056171191861708,1.715368148857625,0.1999907527019526,0.0080243166312132
3,-0.1083041873282445,0.148299974204934,2.012696341672216,1.3203428614203756,-0.0692858008394489,0.0966952978895071
30,-0.3762569224944998,1.9416567655703163,1.441419624784265,1.0293122934326149,-0.1999633077945247,-0.4119557583816765
2,-0.0443251264613595,0.1365247405454637,1.858934194841657,1.3649966644316405,-0.1995135766658888,0.1409983293047229
2,-0.0038066381099126,0.0906282850655992,1.8987628529456,1.3156918721497315,-0.1166534267479688,0.2218463787956445
21,-0.3408762300919539,1.5542118022498057,1.529469319680009,1.6238663138499516,0.1999085684463491,-0.0685687040050017
47,-1.031672179241938,0.718382968267908,1.4487247067180018,1.3484041233907809,-0.12169442330134,0.6225972111331195
4,-0.0544637138685797,0.2528113833520315,2.0317392433669905,1.425342754814383,0.0705467278780389,0.2587018543786943
13,-0.1293877216883702,0.8876519914844054,1.8553741062667708,2.041772840575528,0.1999822274344442,-0.0239034584462081
30,-0.3209635766174301,2.0151209555074088,1.0961152697589736,1.485479413979591,0.2000000098717097,0.5102786446204827
0,0.0555555555555556,0.3055555555555556,1.5707963267948966,1.5707963267948966,0.1093553750127474,-0.2786924059109126
32,-0.3981005918520794,1.8763828438083023,1.5033273017641644,1.5577109914198803,-0.2000000099880317,0.2256279787866675
39,-0.7834728496004436,1.3581208597482617,0.9334656866875032,0.957889195679026,-0.1999999820957997,0.0744160927222824
41,-0.9129882434552632,1.1853415979307895,0.6871732483294348,1.1169410242112578,-0.1999999776686587,0.3970934515044242
33,-0.4363619268142581,1.826439651968236,1.4833248546954731,1.1237966657886738,-0.1999999763387349,-0.0592062812058187
1,0.0778252777004979,0.2636133843313144,1.583712280788694,1.567181473428032,0.1278152973408356,-0.2579440436318107
12,-0.1703713105123341,0.6814752709766214,1.8546166802432875,2.0873257933487435,0.2000000099571066,-0.3185947338645641
9,-0.1010929544984216,0.5306052582511095,1.9447396324686463,2.051134931547652,0.1999630370967518,-0.1493095526286381
44,-0.984356721557767,1.029660608832002,0.9340989743128922,1.356389380465196,-0.2000000079478895,0.4956792747899881
47,-1.038330489445228,0.692238516507246,1.6215974884715418,1.271519198801209,-0.0031950305388546,0.09626194940458
24,-0.3794166159681816,1.7706826966916334,1.3583583990719656,1.5666487932287116,0.1999340628298108,-0.1676870676177235
32,-0.4542951733107177,1.8956452484969453,1.4417382041600089,0.9634948930383048,-0.1998072473775584,-0.4942629725979571
3,0.0240847625662651,0.0426772256442481,2.0510525266316275,1.3024441393085693,0.0215402206113435,0.2362017117504431
3,-0.0779695157233568,0.2210985523881675,1.5528528998282294,1.5732788782917446,0.0544398413605049,0.5160107109287988
49,-1.0945497943008164,0.6029619328573204,1.7866358362754045,0.9721200162993954,0.2000000099728312,0.6516719668265998
14,-0.2475210287789111,0.8832840922300377,1.6608327637102942,1.8400547757841947,0.2000000099647308,0.1658567900954291
22,-0.3733550489024607,1.5959284647103678,1.4656301597740988,1.6402257279320644,0.1769757603903055,-0.1801551622291574
31,-0.3590945084135407,2.037016286469848,1.187449569874678,1.3870764747339408,0.1557799398902494,0.4326937327071936
48,-1.0719019416048718,0.6585509467700992,1.63337970846145,1.1442312003955557,-0.2000000099457648,0.3234878908511319
28,-0.3084833126966247,2.1081200211405537,1.3870859230544903,1.2898733168306036,-0.0999275894647024,0.2563746842984197
0,0.0333333333333334,0.1944444444444444,1.5707963267948966,1.5707963267948966,-0.1998775181082127,0.3680978232758193
6,-0.0729943949278491,0.1862675852186812,2.2210070602888266,1.498372430157126,0.1999708372946275,-0.0114302906821154
20,-0.3781723019210229,1.4492426264486784,1.559276160844837,1.69136139066069,0.1999999984318832,0.0199073097559894
8,0.0259636337544313,0.3187453654897871,2.322636400410209,1.7976138140685685,0.2000000099632976,-0.5322921487726626
36,-0.586638076331116,1.6266542375581536,1.0521205934372286,0.9395319916688618,-0.1999999882820362,0.074327915970861
22,-0.3852614483999347,1.626620147530719,1.4677720675852637,1.637579355779466,0.1968994150135607,-0.1381321230858422
22,-0.3570098763103678,1.7651515464341856,1.3527152122636656,1.5405060089728153,0.1999379384452713,-0.0395416010927553
15,-0.3028462413568059,1.0307448181622796,1.642261168436638,1.8038982481105688,0.1999721800781416,-0.0803546276687482
8,-0.0497207947160033,0.3881158992004874,2.0606609294798712,2.001597480169081,0.1999916379042526,-0.0963075377010753
6,-0.0071525231896087,0.1881658032603524,2.3180183927204947,1.6914941629163072,0.1999799575056488,-0.1524674568036606
0,0.1000000000000001,0.35,1.5707963267948966,1.5707963267948966,0.1415933412629537,-0.3774983539238071
44,-1.011808586539086,0.8952078525028738,1.0218203608797038,1.3999603499106896,-0.1999999824056135,0.5694827452487496
2,-0.030553676091868,0.0021384361248483,1.959090189137731,1.2502701777040672,0.191737287589404,0.2829389063423622
35,-0.624651397645762,1.6970308084515904,0.976418980458055,0.9026080615853104,-0.1999998287279752,-0.3058128709520817
9,-0.1109268744542822,0.4847359952985031,1.9158643866565568,2.09085583174573,0.1999873050067302,-0.2278667753998035
6,-0.1002611261621256,0.2715331122710274,1.5833417243000607,1.5565702184114611,0.1292878290881566,0.5127343794218227
0,-0.0333333333333332,0.2166666666666666,1.5707963267948966,1.5707963267948966,0.0939976925309012,0.022822378953226
41,-0.9289174728062368,1.2166607057735264,0.7813574001128618,1.2290553094738736,-0.1999999806096265,0.4712458587388484
12,-0.2139755966656739,0.7650749466444714,1.7784894751992564,1.92342255926832,0.1999856276861774,-0.1297084019777757
5,-0.0778798262391104,0.251817330305799,2.033553649939232,1.4114570935388857,0.0198291530636654,0.1910257517882765
17,-0.3484898565960912,1.2094746683971107,1.621843691785941,1.6912108091729536,0.1999707326706619,-0.0343434806762945
5,-0.0308445003324256,0.1268712051595341,2.174126991131578,1.4236914865047794,0.1999623541320352,0.1375225340073538
1,0.0306214203427558,0.2421219556095153,1.7720388482001166,1.472454187285829,-0.1810491250742291,0.1722290276420678
4,0.083186654177052,0.3513853199998691,2.089386367299829,1.4950789047342572,-0.1995372467224661,0.0722248953753791
33,-0.5177228791229441,1.7472322370352142,1.1748968940427709,0.9142561288131732,-0.1999814480576497,-0.26966876492767
1,0.0295263635609774,0.1830436670621863,1.788022161522184,1.456067846119683,-0.1999674013062153,0.2256593620303761
11,-0.1554432024460678,0.6213091561289175,1.8223955566671235,1.94828564162108,0.2000000099584706,0.0638635843228129
8,0.033890774139682,0.4916199545689386,2.257536328458462,1.895459425910501,0.1999631792625325,-0.1002905749837153
34,-0.5731034287421432,1.6915188438698865,1.0367972078409533,0.8228901266216062,0.1997790405987596,-0.0566871856584857
18,-0.3610293861633644,1.510386564434047,1.4821522990849356,1.6942977325585702,0.1997250298928371,0.0162697945427708
17,-0.305020811409511,1.162879661260619,1.6019762019303183,1.7172317460429574,0.2000000099943659,0.217845778377225
25,-0.3476155093987073,1.8262444154036168,1.2628208036210875,1.5387710993207626,0.1999900455646465,-0.187707911828198
29,-0.3736277163416792,2.0759821009030324,1.4959906014290194,1.2531104991703703,-0.2000000084354113,-0.3955082896659403
1,0.0088284141871882,0.2690608978307163,1.7568254629757742,1.482259383703645,-0.1389817744397932,0.2336618365020738
4,-0.0101526864814827,0.0812559145496347,2.187200636663709,1.4071418074624895,0.1674935709244293,0.1943878496977328
5,-0.0187413366563512,0.1933114795249919,2.119202890494142,1.3124860273614074,0.1632321695177894,0.1331647785968267
17,-0.336750659523586,1.1852691323210216,1.6497727083649971,1.7632826317003296,0.20000000999305,-0.1760896064494108
6,-0.0100700388067679,0.2320252076221677,2.296722609466004,1.731510306633834,0.1999230815833887,-0.1267162400147576
7,-0.0340380981450179,0.3774007231691664,2.240674118122131,1.8802753857527008,0.1900316439170504,-0.2539317390580743
39,-0.8984257082988818,1.2474455016517478,0.768866482527577,1.0742733970506242,-0.1999758034551523,0.0352134385778857
0,-0.0333333333333332,0.1722222222222222,1.5707963267948966,1.5707963267948966,0.1873025034042345,0.019629576024689
17,-0.3564931613122528,1.319696061893462,1.6028909730401375,1.7639685793100846,0.1999590405922567,-0.0343523423192015
41,-0.9010872549835128,1.3337302596707905,0.6491142558541636,0.996796301972999,-0.2000000099502042,-0.0515160338138717
46,-1.0156474547835648,0.8007120327528296,1.3097024942424635,1.39811314414143,-0.0701659320235918,0.5279859389972479
30,-0.3323351957617391,2.02512449256788,1.4975508833911757,1.1671149962602017,-0.1999999915199882,-0.0339038301920071
7,-0.0061788832024335,0.3678479172944772,2.270504676797662,1.66613071748568,0.1999363761032849,-0.0273367049753208
25,-0.3212354592224329,1.932149121330465,1.2170101898398735,1.4980282218047898,0.1999981312806966,-0.0727990204462469
25,-0.3792659166928469,1.8666508407215128,1.2865753705289702,1.5141163444674577,0.1996889377132927,-0.2585138390874399
1,-0.0781541653636267,0.1967769455363769,1.510532253482614,1.5849395892529474,-0.1997017301276972,0.3721373849160708
19,-0.2500464117962924,1.5081875795746604,1.5852437997844555,1.8291992746729944,0.2000000092568805,0.3335558341722942
29,-0.3605062290226771,1.939837195965128,1.4644527296212058,1.1741557652832753,-0.0357580564590907,0.0711285403730986
27,-0.3580147724278742,2.046831191791333,1.4203966623779871,1.2790028304717371,-0.1065351890481361,0.0564678276619785
28,-0.3303702453434424,2.131009996341332,1.3339372808721404,1.3250204114175077,-0.1999424760356585,0.1341240046395856
7,-0.0101260925518894,0.3012636591539738,2.271784176179443,1.9128280900544297,0.1999267333203035,-0.2612604651524035
28,-0.330981261308368,2.019697355025248,1.5203509377683595,1.2035086370224224,-0.1067199439049793,0.0282133901517574
12,-0.1545715909772889,0.7097024625345301,1.8362382846560816,2.0364444732209663,0.2000000099610447,-0.182630791949877
14,-0.2691584021976453,0.821263304059216,1.6947295973685126,1.852316084283893,0.2000000099872311,-0.1721272059795033
1,-0.0555698537030142,0.2411879285247333,1.5668795379486422,1.5718941911091453,-0.1998356254325631,0.3857092740939133
20,-0.3747056794196092,1.538449525499716,1.4427907340711026,1.6452495305734456,-0.004195614188361,0.0474346757094733
48,-1.090147861623545,0.6524819431389458,1.7970922412958483,1.1442777323180593,-0.1718680437359677,0.1541287929248327
11,-0.2082870574858656,0.6313644899502271,1.792495415223759,1.9207317213461448,0.1999759955396921,-0.1400049177764614
21,-0.3545341169303728,1.528117364501058,1.450858355560575,1.5964654795845057,0.1994059398279806,0.0213489352109562
26,-0.3841215975342874,1.8842616264007483,1.1953162486341338,1.5172503423076735,0.1999631411163999,-0.1207990663941682
31,-0.3988902489539969,1.873554274157612,1.5037214095380644,1.5574790420416835,-0.2000000099139192,0.2633615531324756
45,-1.0234818094424056,0.8158410544909355,1.268587110756215,1.4123917438909248,-0.1000961825587015,0.4605585734022461
38,-0.8066589798218498,1.3741708232151375,0.8599670200479277,0.9141444430115664,-0.1999998889320432,-0.2793023897383058
19,-0.2913200316007554,1.5044169228429436,1.5419943081822731,1.8480572231116992,0.1998654673696353,-0.2600142727105138
37,-0.7151922266137584,1.471201250140314,0.90436059308245,0.9120265797617744,-0.1999999214416409,-0.0616099429863487
12,-0.1534232777115249,0.7225506355803367,1.814768434562956,2.00500770257338,0.2000000099933324,0.0313305219311873
42,-0.980610876273761,1.031287164699768,0.9062259877708296,1.2733097931994262,-0.1999995917845438,0.0641787207848125
4,0.0785005118274241,0.3717983051598854,1.8912976245072224,1.4714646741890036,0.0018240017287284,0.3251448315521475
11,-0.1474621784980811,0.6561424004104505,1.833401241400514,2.0176854801407047,0.1999827738870811,-0.0287534150598531
42,-0.9154070860130812,1.3063052363791778,0.6539512882616858,1.0273801779817786,-0.200000009915325,0.0155306531167858
47,-1.0516368370286546,0.8492066562379232,1.2917377995934824,1.4140796472631136,-0.2000000099963589,0.2733517395733064
40,-0.8759406903744785,1.3311843846210896,0.6320757503413459,1.0665870006561646,-0.1999999017585762,0.2406340668216345
20,-0.337617437736077,1.5327843790527529,1.4477262197708118,1.7071602978048523,0.1998756985466596,0.0851505609951061
24,-0.3386577900082054,1.7851381737648728,1.3155614073064663,1.5673447006048025,0.1999835879319701,-0.2316735867130867
12,-0.2295736709905002,0.7118692469980574,1.7653660560634474,1.9838332388621485,0.2000000099605513,-0.2790602118204573
44,-0.9841666252105848,0.9743396938094268,0.981301506110702,1.3533868210843176,0.0303877110751062,0.3970874356682168
5,0.0702055422864071,0.2655040361913052,1.934834191705706,1.3614147998434392,0.1994127249216747,0.4237943861246596
35,-0.6459924443273287,1.621076321219758,1.0486061379461766,0.8333393794065032,-0.1701053561577514,-0.2144722105702936
37,-0.6321478025601164,1.601186829487723,0.9874588365246236,0.8470046561520279,-0.2000000098943038,-0.2633418863525054
3,0.0772920380169034,0.3379394588717442,1.5596829066660742,1.5647352152907552,-0.1163335117474363,0.53564303828818
34,-0.5851614992767089,1.6190717366287544,1.0275225351240973,0.8733327094357929,0.2000000099149735,-0.1618249263286425
18,-0.3342534760762414,1.2645517217291782,1.6069456311550478,1.7380743704583763,0.2000000099658634,-0.0206463798904215
6,-0.0755502786957751,0.1946666512120508,2.1276557008412222,1.4206645654028898,0.1999483027795213,0.132531437532518
26,-0.3620062926651068,2.095430274470839,1.2388886521246771,1.3977190490381857,-0.1999997926320572,-0.2516457266183502
29,-0.3502207729580269,1.9740887277041808,1.5344576328442383,1.1371313763562296,-0.1047068987956625,-0.1085181626464532
6,0.0155922703434715,0.3338287059499785,2.2676841179516654,1.8867579252128464,0.199960803358111,-0.0808544988206662
5,0.0393396024661807,0.1656696691262487,2.362856813767229,1.651268257362987,0.19990838157838,-0.0145852872514658
22,-0.3864201899995553,1.671334123744599,1.4061797792699675,1.5885135228349998,0.0309678994769198,-0.1312859879044673
5,0.061587241993737,0.338413543067121,2.1953345919635634,1.459895877706164,-0.0274676204782875,-0.1598195501057736
31,-0.384953983431186,1.968469752925116,1.3741252022471766,1.2794706242880869,-0.199999964222866,0.2338309826451085
44,-1.0023232946532736,0.8802056457860981,1.1612884449448924,1.4036734249056724,0.0665046207426119,0.4569071339371341
13,-0.1190939549015164,0.8714346115958973,1.8781430332667064,2.081643729943112,0.1999955770932786,-0.1147971908822399
29,-0.3543929102483313,2.0297257972331897,1.231354729333196,1.5637686076036543,0.1046048244265078,-0.2566182850378132
48,-1.0654310001296146,0.6668657560431779,1.433697466799293,1.2745022047869787,-0.2000000099299667,0.6969208262540115
4,-0.0510989533767123,0.3152179080831917,2.114445791640554,1.459848967032017,-0.0602372877501329,0.1495307326316824
0,-0.0333333333333332,0.1944444444444444,1.5707963267948966,1.5707963267948966,0.1587521130006082,0.0376993850135428
3,0.027880898552287,0.0342866511400748,2.1377220759775977,1.3173681841211005,0.0706690686018163,0.1703860307844873
17,-0.3050298635917502,1.2186386895160175,1.6013587536897995,1.7317941656271076,0.2000000099560551,0.2044842638887003
47,-1.0693186690718866,0.7137498553349503,1.4754345724966864,1.3449646850212726,-0.1086031686729277,0.1925414993580282
34,-0.5441885703899264,1.6705904980727695,1.099393413462911,0.8886949188379775,0.1999999996524442,-0.250055577534924
47,-1.0559546313462875,0.8207713380954496,1.3337533409383635,1.4118105978038953,-0.2000000099703523,0.245549579900969
29,-0.3264099355005462,2.0461019674944576,1.4834183464434485,1.1875464149044443,-0.1999734072381302,0.0347367171798769
36,-0.5989859627440198,1.6150695671832986,1.0201710174467902,0.935500038321648,-0.199999992424755,0.1002692571239757
1,0.009452544717946,0.2236137988775983,1.7020834843304495,1.50818656281087,-0.1999130430662581,0.2665152339733106
20,-0.3843034769464922,1.5140762707643665,1.4934973465886454,1.644638952582572,0.0772752600818878,-0.0401667068446304
16,-0.30307315410809,1.2066780251689355,1.669121709713016,1.8093730395430336,0.1999693268613144,-0.2282044249653792
11,-0.0786603052217957,0.6736375868230454,2.02948602985411,2.066597500250905,0.1999863580343736,-0.328822965922511
11,0.0519986500223192,0.8297769931358593,2.1878102319922785,1.9442896704206167,0.1999942015626849,0.0081041420980628
29,-0.3479523359547683,2.0011344062211114,1.456348859765802,1.129225279186701,-0.1196503025236483,-0.1193559613959968
29,-0.3334454567968986,2.0385484137790617,1.4451429220524172,1.1696006662498528,-0.1999750111696915,-0.0086307458086681
2,-0.0282811390699827,0.0960549071466029,1.893031076588903,1.301435200709718,-0.1517131984049746,0.1451186373175455
44,-1.0325283254023152,0.9498485449857494,1.100732130059276,1.3931710219154925,-0.200000009633307,0.1445380654822436
43,-0.922403909793392,1.1184719568949326,0.9036379358170056,1.1592195369719975,-0.2000000099574107,0.1619147843461258
34,-0.5692050634910596,1.630244338362174,1.0481740804996829,0.8769821148990339,0.0712941759791983,0.1387406871606569
9,-0.0355186004257778,0.4388316663478224,2.135729477801595,2.013886576366478,0.2000000099509156,-0.448572343399104
37,-0.7343252166195402,1.4374391067190564,0.9048677953567844,0.8644250789801055,0.2000000093399279,0.2156724935033038
3,0.0446631557773003,0.08076735950935,2.084446416297231,1.2685478786078117,0.1887898509766636,0.2737029782729246
20,-0.3477745755144784,1.5279029679964515,1.4528990176651415,1.6983346170661142,0.167733703959313,0.009981616735721
23,-0.3601863088468347,1.8758843421509623,1.3576210437288938,1.4590500118599077,0.0459920431290107,-0.1109011225161164
24,-0.4095151825768959,1.735091439330357,1.4963563485678772,1.5657379963094458,0.1999981450345938,-0.2433216883731756
11,-0.2536463015784685,1.2364414331172406,1.699221099560501,1.887397091452576,0.1999758359300373,-0.1442474065079565
16,-0.307067648533787,1.123955748802674,1.655185313024793,1.806376696803456,0.1999662282793015,-0.1729312668538852
0,-0.0333333333333332,0.35,1.5707963267948966,1.5707963267948966,0.1665577452238654,-0.2034687251757179
14,-0.2192485733340397,1.01021648287485,1.7733047055688242,2.031860044577321,0.1999920001010768,-0.1636234424748071
21,-0.3754846063023556,1.563686970789805,1.5049817795541625,1.665870953515583,0.1706359892344965,-0.1126776240691811
43,-0.9582696778773198,1.1210069542823342,0.8954171332784879,1.230390657195172,-0.200000009943808,0.0415286031814168
2,-0.0238472665429944,0.0769617245660676,1.883126811185156,1.3406448788411889,-0.0042003833820995,-0.1425591311401623
5,-0.0718133100360792,0.4635743786485716,2.070872430750404,1.591544770233273,0.1999182328692386,0.0931414500052785
48,-1.0662781505024297,0.7155438390683712,1.4992489899185042,1.3434615524064446,-0.2000000099486963,0.4005611837191647
49,-1.1030231596974758,0.596033980972604,1.7740626888379412,0.9283429937382612,0.2000000099756775,0.6783738014502232
20,-0.3594036101318479,1.5186412202218946,1.511459850766931,1.6802113163035932,0.0386201573869982,-0.0419969588785109
30,-0.3729130731417108,1.975348868604428,1.5565098661228705,1.1485521720812426,-0.1999828400698314,-0.0993710894811474
24,-0.3991214733076674,1.8007883756433116,1.4934375892069678,1.578037508604466,0.2000000048915629,-0.5971514911752032
23,-0.3491154540014417,1.7107020353827995,1.366904386379991,1.588891357928406,0.199981054602055,-0.1716278133699955
11,-0.1945216997917724,0.6820816009142631,1.7877353290703637,1.9686585056101389,0.1999558166513728,-0.1417276780156744
22,-0.4063208210137821,1.6613786622404718,1.4930577325311043,1.594250338803744,0.1209601765106747,-0.0838162100272404
7,0.0163471370480244,0.3121008463567533,2.2248273203757147,1.6190357867219285,0.1999771820963005,0.0575351820886789
38,-0.7686232172505127,1.5008541829454125,0.8859169791128974,0.9067028027896258,-0.1999999865848124,-0.2895297903549811
6,0.0142778524728279,0.2491962732631712,2.2301185811546187,1.6999610390705118,0.1999354252762639,0.0158549403003664
19,-0.3775540168554017,1.4543372513388952,1.5123003172364573,1.658754293783133,0.199756776572707,-0.1926233402321623
19,-0.3568320686992354,1.3484699599901038,1.586755228289638,1.6832221542587211,0.2000000099931884,0.0577112482239021
7,0.0780486746273771,0.4734603709881453,1.601435207822595,1.5638111434452062,-0.008290797097009,0.3082674251877633
2,0.0545393337291733,0.2077886152126154,1.655189891867252,1.5312347014212493,-0.1996833787754048,0.5263416427975022
31,-0.3893450695193322,1.9528246125784403,1.473065418252025,1.2167535862930958,-0.1990874127495848,0.155079894755314
20,-0.3811543165231514,1.5456482304086714,1.4853381189194064,1.634507562867146,0.0688447812926636,-0.0396212808593793
16,-0.3444587114167719,1.168073374516721,1.6189066665854792,1.7284295224462416,0.1999834036406343,-0.2036645497496891
11,-0.1202668837224302,0.6919779513224764,1.8615351144677703,2.1014539542371,0.1999786225245073,-0.0992498603882668
31,-0.4100421449755769,1.8425929795085296,1.457893514135156,1.027539931767055,-0.2000000081466267,0.0347803985952159
29,-0.3582804087741016,2.0636358626921933,1.2310430417445044,1.3446053177234358,-0.0001082301153224,0.3931805640012205
6,-0.0271504018828257,0.2480124377019593,2.244782728203808,1.621238214960086,0.1999625764809149,-0.0107737217256998
25,-0.3420197219807199,1.9184167472891955,1.1590496013548712,1.4766486263925855,0.199987917930207,0.1539700369084491
7,-0.0395858542373003,0.2795254625706413,2.1566581735995154,1.7900798362098378,0.1999728009645553,-0.0535798778747898
26,-0.3775989962936215,1.8819951758950275,1.2465657042947154,1.5102402310045266,0.1999976994828277,-0.1709170910680802
7,-0.03588444579477,0.4211092558188855,2.2104344787683825,1.787314021055017,0.1999635530999534,-0.1105585659319342
17,-0.3544654420291763,1.3140290470824871,1.59921291569737,1.7150799087096475,0.1999846299240447,-0.0179567923609681
43,-0.9567374777296483,1.137172906701421,0.7340518268452547,1.3095411951461189,-0.2000000099613094,0.5803431811183913
5,-0.0277875734649003,0.1353587859272735,2.1949080313232283,1.4852289334891304,0.199940625665912,0.1210320631988723
39,-0.8901581642663127,1.356158392616671,0.6388937729087214,0.9705603639879492,-0.200000008304172,-0.1536769985230119
37,-0.7316132808309782,1.480002365581864,0.8362706736739843,0.8959918257618933,-0.1999999896948979,0.047492236776049
7,-0.0505161827925335,0.2625298570939864,2.1628856445339064,1.654523816032122,0.1999966878835354,-0.0578268272302549
45,-0.9147201997319232,1.18096669313102,0.6897244426098208,1.1222693094321272,-0.200000009997936,-0.0967875153068607
13,-0.2307002075410205,0.9369508516912848,1.7638625065472464,2.0030066571903267,0.1999630595067818,-0.1185335254699256
6,-0.0299566919395789,0.2133439987557176,2.195502751567636,1.6947959529727972,0.1998847531311636,-0.0070868707436762
15,-0.2711870512868919,0.983590828928418,1.6351667205479483,1.7940715441099728,0.2000000099458834,0.1807643500441813
35,-0.6277771313251893,1.597039309547479,0.957196078323994,0.9168997781346196,-0.1999843944872189,0.1116418526158707
23,-0.3817741197938654,1.6685863721642338,1.4936459707703929,1.678261248655021,0.1999734889094107,-0.1785997336612386
16,-0.1577195853451523,1.1510347861135877,1.769771878668342,2.0006298744099547,0.2000000099517176,0.1175377024018956
0,-0.0777777777777776,0.2833333333333333,1.5707963267948966,1.5707963267948966,0.1997182121031883,-0.3612153276465669
27,-0.3580461738152263,2.055619845255775,1.2057265481587986,1.379700090095143,0.1994138098133957,0.1302992211244992
31,-0.4081374716666093,1.8587548420123912,1.4407611461963992,1.032011336608755,-0.1999893733623315,-0.2390072506059501
2,-0.0310828353157633,-0.0240302858448015,1.9380387412401303,1.2570159438130295,0.1999582504845555,0.3670704887429372
26,-0.3516529928967568,2.0474391824480915,1.2293555634703974,1.382007184997769,0.1998933817096117,0.1685215794611242
38,-0.6281279210042361,1.574618522294152,0.9525486985829216,0.9510439381773748,-0.2000000097634011,-0.1682219556490034
14,-0.3140962989487535,1.1856987705252944,1.6583176823940615,1.84894950897782,0.199988547665915,-0.1058206318011198
48,-1.068011181658396,0.6621018558235839,1.7034476802022676,1.1387821448923905,-0.2000000099556383,0.197671751521755
21,-0.3809450971154143,1.6983885689292493,1.3789230147984366,1.5814410709091498,0.0372156761930456,0.0150736275169832
25,-0.3848375070179096,1.838479628881556,1.29166387865809,1.5291596958563816,0.199942202775939,-0.2058613310610121
4,-0.0412606948857153,0.1218201000360253,1.965088121351804,1.1713687382517943,0.0666015634535979,0.2170838356837288
4,-0.0139601733119462,0.1449733362053661,2.0009171399977044,1.184987628059181,0.0553534837387349,0.2345816945957573
2,-0.0778181580590446,0.2887439376344707,1.57273913646606,1.569414302951571,-0.0706529300022682,0.4404869437148943
16,-0.3422208920735946,1.3112927526824478,1.603452851125274,1.7433177077535846,0.1999767973052285,-0.0435060365162469
30,-0.3678145390678073,2.0287847736313886,1.3609312000360827,1.290011401870406,-0.1999999202081197,0.2507974071649795
14,-0.2578391029126657,0.9691139569222044,1.739372621351157,1.9730495334061169,0.1999919062783137,-0.1016787723117559
45,-1.001240593531113,0.8862535504463007,1.1391859176245074,1.4027701260275458,-0.0003107917556529,0.4512994568140467
4,-0.0727327700228802,0.4088520944634247,2.1009642342713217,1.4729035507407942,-0.0492657601881002,0.2352750823616373
27,-0.3643687560347495,2.0941966044606137,1.2344489778068404,1.4016628975055834,0.2000000095225533,-0.0050248022552338
25,-0.3683857498608909,1.8680452302029984,1.275479245252645,1.456584582337567,0.1999459407219578,-0.1110493940851559
47,-1.038686802924753,0.7490954276277303,1.429667324819837,1.2909873199917372,-0.2000000099469417,0.2376873686318068
2,-0.0559842794606579,0.3181962027218158,1.9017407904055457,1.450928479813284,-0.1697935427142625,0.0955910574292448
47,-1.077765942258815,0.6910600732084414,1.6034760485079629,1.2835578930199776,-0.0202248534642733,0.0979938750729418
18,-0.3481683132882572,1.2146119287323398,1.598215770968471,1.7034968438919496,0.2000000099853761,-0.0309967319264026
45,-1.001972934237694,0.8813906133174234,1.137295791008745,1.402862285915974,0.0201104110065123,0.4446911617641925
17,-0.3670451486776255,1.1830512893384115,1.6042270446803908,1.7582624534450888,0.2000000099929461,-0.1647908548007129
15,-0.256875067499099,1.0124380389287178,1.6631968664613108,1.8656431621929708,0.2000000099526687,0.1053432345313152
21,-0.3541090840322367,1.6020594975443714,1.4269631514933447,1.594728124181859,0.1999492081977635,0.046026140119862
8,-0.0794121721852652,0.4293842133903333,2.0755689526584487,1.964696902889951,0.1999259151385278,-0.2597496668340012
22,-0.3667835142655636,1.6858557909303362,1.387383131570043,1.613485925434149,0.1834733332243521,-0.1399136767590796
28,-0.2901561677097704,2.148128922619576,1.3679151656713824,1.3017738417985212,-0.1999434216723248,0.2612108594226955
2,0.0780404269286204,0.1548379641280492,1.6076018512251071,1.563504245154645,0.0174648174746341,-0.0755910180943086
5,0.0180544976978465,0.1402342726484357,2.3303584019329886,1.5285213805865392,0.199925666650196,0.0128443052006533
32,-0.4078320774852834,1.8201246071289672,1.5004027924176793,1.5742586451937748,-0.1151745003481571,0.2490076438016
2,-0.0080679077952825,0.0147067484900284,1.9318739930775504,1.2680257853387409,-0.020419858291741,0.2076264716018996
0,-0.0999999999999998,0.2833333333333333,1.5707963267948966,1.5707963267948966,-0.0185437722467093,-0.0478809998652313
25,-0.3748957313035211,1.9320705592416247,1.165900551774774,1.4996416387813076,0.199874165063133,-0.0298147481899199
33,-0.4545035806298294,1.792836010959433,1.4879628522929291,1.073297406069062,-0.2000000093833155,0.0521508170299229
38,-0.7876525785871097,1.4077090593506396,0.8646943967844861,0.906569639455726,-0.1999999878079281,-0.2751144258082957
11,-0.182784299094778,0.6590733166878817,1.7285171012070517,1.9230731295172308,0.1999743894975962,0.14005974184214
19,-0.363841170845474,1.5767844960240451,1.4363960417928574,1.6785818140116608,0.1851725266372367,-0.2438392900364785
36,-0.6523598321070525,1.532259932388788,0.9624144277211766,0.8772917944393631,-0.2000000082193804,-0.0977984167759209
18,-0.3613407586211204,1.341930283881753,1.591484378152762,1.691732735973374,0.1998348667274487,-0.1959047857682354
37,-0.74191090322294,1.448983610907312,0.867845713221703,0.932176403424774,-0.1999951255759778,0.0967727170116802
39,-0.8569747301639495,1.286054500589057,0.8003837029126029,1.0184244288595603,-0.1999834828009584,0.1155544630506912
8,-0.0315348088487478,0.3764268829225954,2.221618575104748,1.8907697970301016,0.1999870078136785,-0.2248356635493761
49,-1.0721035775075844,0.6983150787175195,1.6592154363777976,1.274877010781725,0.1935617539063747,1.0002682524823403
9,-0.0199508063938639,0.5183004038118962,2.179144187309059,2.04572783030305,0.1999728419851303,-0.3187986726915736
35,-0.5515007981345547,1.6504856098149157,1.0837289440121989,0.8864550168440956,0.200000009771831,-0.2358884278011347
20,-0.3576812794130505,1.4829184152763852,1.4651923636582236,1.6130148871002534,0.2000000096106916,-0.5510410520652831
29,-0.3793027578623694,1.98698845809472,1.4711681148645024,1.2161554706582616,0.1128060651402117,0.0376844412259793
48,-1.0684642012152883,0.6692139604246942,1.4440338360753395,1.2811879754880775,-0.200000009925818,0.5856842850172151
32,-0.4130725212658215,1.838387769663112,1.515907016643558,1.5472660547229269,-0.2000000098743966,0.2285280929907286
1,-0.100045652608654,0.2938763492657043,1.561056395122085,1.5733589502796754,0.1999297944157443,-0.3210209949155784
33,-0.5247517971040357,1.733115056476911,1.1437998881974751,0.9024459149973704,-0.1999787715480608,-0.172752297459636
31,-0.3966545060453039,1.929042883647433,1.400874356799994,1.250463565542509,-0.1999998213551419,0.1796993081999536
25,-0.3929201615938416,1.8225077549031103,1.4895503735777478,1.5788884720011822,0.0295075370396377,-0.5290570902470456
20,-0.378582046206588,1.5388229080174536,1.4721829193320612,1.6497538816767805,0.0534384757953519,-0.0171015325635146
13,-0.2818572439478492,0.9569041105968488,1.7072789604451994,1.870349008763441,0.19999139232375,-0.1173738283703277
15,-0.2874316594663424,0.958087871263749,1.707074631997619,1.9230455545613017,0.2000000099643972,-0.2481238669839957
16,-0.2984158092318532,1.0416796095629093,1.6415650779989104,1.8182799034563464,0.2000000099945363,-0.0852474922150836
45,-1.0355023944212878,0.7021898923365884,1.5701901438322403,1.2994695727922378,-0.062752705171988,-0.1338784831795632
8,-0.0140160517115493,0.4106890534678702,2.226585981541141,2.0021197981642875,0.1999856477616608,-0.3273378597871695
1,0.0330689707562716,0.2878472024086708,1.6545269275691847,1.5394902979738887,-0.1999547661094135,0.3477488084249124
7,-0.0974601904274834,0.407206321147851,1.831502006449972,1.389581119357607,0.1998432499187944,0.347718311262708
17,-0.3247283302816848,1.1987650895554505,1.5696452713537152,1.7550869860669511,0.2000000099686306,0.1714020217075247
15,-0.2670363339916272,1.045272716179253,1.6750146048751215,1.8741961094959627,0.19997501049904,-0.0895763106934615
23,-0.3746746509007143,1.8791799339363628,1.2687442983177046,1.488889988362152,0.0824624181727906,-0.0909578153729122
24,-0.3761717198765962,1.8086579404122467,1.3297928246345858,1.5478698220372906,0.1998821777293559,-0.1159198218668134
49,-1.074991005163105,0.6927717419424957,1.5585974241283278,1.3086454909979428,-0.0278966974040436,0.8921262620647796
29,-0.3351592751699187,2.106367762576004,1.3894081870701651,1.3237080081274777,-0.1999999800819629,-0.0339397290592489
15,-0.3137580600474476,1.0289383311164615,1.6288027865668004,1.7768917506668216,0.1999716086617576,-0.0407232848760963
10,-0.1200476856969513,0.5497528606719839,1.9996717097845416,2.025073647719661,0.1999971068912577,-0.3098027490074809
40,-0.8007691347117352,1.4264790970181476,0.6839611554882103,0.8917037640274517,-0.2000000099636629,0.0586739355266162
18,-0.358675911173537,1.44170955264658,1.5642504590239863,1.6980579099872335,0.1999482137402493,-0.2158039291941426
18,-0.3605083264180501,1.3695799651955711,1.5715206387129168,1.6981948207206965,0.1502238157729367,-0.0838901090256249
23,-0.383846272722367,1.7628718307536722,1.3740270669248442,1.5685101754633908,0.1995752201081291,-0.0821602847997718
46,-1.036020684412136,0.7660628245669957,1.3694296600904805,1.30472062573702,-0.0998140747070868,0.0714802077668022
24,-0.3863557134844735,1.842372603391339,1.3092542412367203,1.5132157510985558,0.1113028576757047,-0.152377325259697
1,0.100290183675829,0.2332710899010051,1.624560241648231,1.5573150899529709,-0.1999465684175328,-0.0090331719685598
15,-0.3041637057561841,1.1468600967225355,1.653988086679254,1.8303973956414623,0.1999927345891182,-0.1111589145082362
5,-0.027714797254342,0.1097586203002634,2.2761364514615874,1.466205922127891,0.1999625896507974,0.0020092785013006
14,-0.228226142702938,0.9722029221215396,1.6817703592267377,1.9030015308869968,0.1999909349713691,0.104905073829205
32,-0.4511007096636124,1.8432339044591324,1.4546149921953957,0.9593039325648326,-0.1999725681166864,-0.3932711062587805
7,-0.008698012237174,0.3161793939895023,2.297566511729036,1.7072903342029253,0.1999808292804074,-0.1142757719121422
0,0.0333333333333334,0.3277777777777778,1.5707963267948966,1.5707963267948966,-0.1997317424188848,0.3180073275846303
3,0.0777357744371484,0.1754844712149469,1.5849900441851954,1.565535220873846,-0.1998228368439366,0.2306507906205727
1,-0.0333148033420885,0.2851426729009869,1.630181805291448,1.5512293135669857,-0.1681514817945643,0.1666746905346657
41,-0.9138296182571728,1.1840574356970948,0.6881998228516917,1.1202909058381414,-0.1999999779348167,0.4025167487141412
7,0.0836222078491,0.3543668654116334,2.152571437009845,1.6280543254509805,0.1996109087795378,-0.014363632501301
17,-0.3464071577104473,1.205386497014224,1.6474371881820362,1.6792890091934851,0.1999761917300459,-0.0584489243170995
17,-0.3200120431210356,1.3030264208449471,1.620428214566681,1.763112769277886,0.199984235267502,0.0207706595085286
34,-0.5497985899899112,1.7699020047857357,1.1323501589384417,0.911387924820315,-0.1999998831425656,-0.3998029170983765
27,-0.3304035476324212,2.084259651928657,1.3044713019069771,1.3394412367414454,-0.0496577667443687,0.3384646748066281
11,-0.121289176251241,0.742799810255133,1.8794589089837408,2.030236380194093,0.1999922816172762,-0.032155813526252
38,-0.8152508439749415,1.4397156268281703,0.8326069312777857,0.9129250906002426,-0.0963058079681517,-0.2794587647790432
17,-0.355716621570374,1.403377048632032,1.5567598278310637,1.7099405232539648,0.1999811038788678,-0.0704425529473697
6,-0.0265025209236526,0.2792368791652356,2.216368475058351,1.5643417046543282,0.199954243962865,0.0671184488514524
0,0.0555555555555556,0.35,1.5707963267948966,1.5707963267948966,0.1755353850465593,-0.2895187719520982
28,-0.3318944245149156,2.0174844029307577,1.425160759189401,1.2471816905904007,0.0483003618243714,0.1953465464355676
38,-0.8082877595266964,1.4450984277770056,0.7401758442309241,0.852133680473783,-0.2000000098732189,-0.12276183124402
26,-0.329415871990313,1.963292076967966,1.219569799551044,1.4209194925326645,0.1999959297269395,0.1268176402156211
46,-1.0607979328418675,0.7625169212055488,1.5127709368851523,1.368156766171171,-0.2000000093149696,0.0871498516595068
4,-0.0437944154699085,0.0896113945335164,2.104309313991342,1.283547940685304,0.1999639037288695,0.2450842331118332
10,-0.1263366233708895,0.5255149843546834,1.940399113171969,2.06926241267477,0.2000000099927247,-0.358201148286939
2,-0.0332414320281799,0.2316180442186124,1.694954571374927,1.5305212496229306,-0.0460507124277115,0.3957932447700686
8,0.0535281131649159,0.3543305164348271,2.2467984231796603,1.7527469648280605,0.2000000099577117,-0.4360447039354737
23,-0.3976061473444424,1.7566166093663615,1.4923922410842518,1.593306958159212,0.1999999972712272,-0.3553653885862966
5,0.1016821199817039,0.1681026983199102,1.9890655698862407,1.449355847445131,0.1999699745989374,0.2161554773238345
32,-0.4089612656251586,1.855602199135892,1.517921601482902,1.5371114004571285,-0.2000000099296135,0.219477842225453
19,-0.3350892134389119,1.418665711052184,1.5585241420802216,1.7736919260593622,0.1998560612546798,-0.1766132351507142
8,-0.0072180648857943,0.3813097702332009,2.334073868640933,1.689299156685764,0.200000009992993,-0.5348506052723666
3,-0.0380337945613397,0.1773935178687635,1.8455870422211031,1.4243143801478504,-0.1942109108720182,0.2708226619056908
9,-0.160287484890391,0.7317289256892758,1.9190326752748827,1.9093666378868568,0.1997763290956027,-0.2697505091027636
48,-1.038897020659986,0.6913438001284207,1.645623275139604,1.259015677037781,-0.2000000099487189,0.2591646460936029
10,0.0621964972540874,0.6007566632962204,2.213466082760368,1.830607109962296,0.2000000099592842,-0.329836945765463
8,-0.0970243626666356,0.3984501900411652,1.8499563271787505,1.334193537458586,0.1999759203997237,0.3648863622125223
0,-0.0999999999999998,0.2611111111111111,1.5707963267948966,1.5707963267948966,0.1996598627721466,-0.4514429695096493
15,-0.3033881812520657,1.030246196446245,1.6789448345687727,1.8183481221385511,0.1999923905144265,-0.1238044518805069
27,-0.3270647597454699,2.027172942918196,1.4206257435169558,1.2545632387842651,-0.0516564742558863,0.2695663165924477
8,-5.679576079211518e-05,0.4187342375700653,2.200361934551273,1.9384225716261825,0.1999905231813933,-0.1220774572679144
21,-0.4047139608893608,1.5845829057952825,1.496713244416986,1.62279346982622,0.1025753856052929,-0.068023380654205
24,-0.3823339640497074,1.8256139703294043,1.321947288760219,1.5437168337472045,0.1998459452436755,-0.1244195579755006
1,-0.1009014979975364,0.368487855819309,1.4116568729677654,1.6102016735054685,0.1487769696395756,-0.2823849982244691
12,-0.0788743650862701,0.7626942275070565,1.948385720202003,2.081633243600824,0.2000000099530413,-0.036259059757948
0,-0.0555555555555554,0.1944444444444444,1.5707963267948966,1.5707963267948966,0.1331731936600837,-0.0938280440611772
34,-0.5849533572909094,1.6499305420850388,1.0762462271985154,0.8984163100962023,-0.1999856081977507,-0.0681390512109818
40,-0.8406355957661986,1.3045533754753231,0.7480742717769484,0.9480746352500437,-0.2000000095793054,0.0696690555475006
0,-0.0777777777777776,0.2833333333333333,1.5707963267948966,1.5707963267948966,0.1997182121031883,-0.3612153276465669
41,-0.8936429704497801,1.220156075629356,0.772661774480019,1.0156164362363993,-0.1999999842895002,-0.0931031836769105
30,-0.3716730803257931,1.976096639368197,1.488487344459699,1.1871547485529337,-0.1999765936083708,0.0536904991038674
45,-1.0536514278495075,0.7080804908822518,1.367650750153933,1.31331697643726,-0.163530183245863,0.2947889925754633
22,-0.4068672561452473,1.7389051647117566,1.4017540300872664,1.5927443523253306,0.199567199775536,-0.0375038395062617
40,-0.8866896872095928,1.253756957888574,0.8100063977002785,1.059586848140044,-0.1999999895332297,0.0565731228570773
11,-0.1645749455404903,0.640768344910016,1.83179405058292,2.003623387202537,0.1999858922724896,-0.1658102131705228
30,-0.3678274783108537,2.025267094328429,1.3698417144503932,1.290877819340608,-0.1999992476008587,0.241602268690721
9,-0.072933075768994,0.4633558723239536,2.016950898864541,1.9763709685595183,0.1999864488095072,-0.0711840075312416
23,-0.3667388430460787,1.915296529217976,1.2063120762493948,1.4992152922665576,0.1996766740263332,-0.0284720618659724
34,-0.6158830899504225,1.5956683377643204,0.9975888925280908,0.8698588410155036,0.2000000093176587,-0.0729642478213003
39,-0.794675399811458,1.364383725117402,0.8252722034838538,0.8894550959751276,-0.2000000092917191,-0.0480261707798651
0,-0.0777777777777776,0.1722222222222222,1.5707963267948966,1.5707963267948966,0.1999327429187319,-0.1437248075799966
1,0.1005331778075941,0.1802998961464797,1.6911891410734992,1.538444093577569,0.1992187205666203,-0.3149851739073744
8,0.006849102705034,0.4258998820434019,2.2158705043282847,1.891540833421961,0.1999901196957103,-0.1066246089479124
30,-0.397285268589803,1.917250360786259,1.4584535724159815,1.1998690578307063,-0.1999828551719925,0.08103568101656
46,-1.0371394704832158,0.9448110230085,1.098193903514419,1.415224686691022,-0.2000000098833397,0.4388550206118727
0,-0.0333333333333332,0.35,1.5707963267948966,1.5707963267948966,0.1665577452238654,-0.2034687251757179
28,-0.361628851511966,2.040672139917272,1.4218409108605723,1.2714464889659705,-0.1029705190001178,0.0215715035023513
45,-1.0265211852649188,0.8099494102897971,1.3201192762416132,1.3630885793716747,-0.1999999902002039,0.0386395969878967
46,-1.0158489827401114,0.7992166945898842,1.307422158369098,1.396162397518263,-0.063226130016829,0.5234665915979667
26,-0.3686945596746578,1.9932889225864423,1.1407135548677785,1.4412734229898296,0.1999048193843779,0.1192689161774621
9,-0.0996812337394622,0.4416797175565378,1.953366519012724,1.91799666180636,0.1999921343047406,-0.0035088083716522
0,-0.0111111111111109,0.1944444444444444,1.5707963267948966,1.5707963267948966,-0.1999373627620227,0.3806528055010543
32,-0.4798159097150338,1.7748828688395806,1.3617681908097603,0.9609616654507837,0.0044192321617222,0.1068379065931418
26,-0.3688038038108449,2.005789303725851,1.163520866134439,1.4261667227730075,0.1998806286419004,0.0636211990577742
0,-0.0999999999999998,0.1722222222222222,1.5707963267948966,1.5707963267948966,0.0400688559113371,0.0219498102015178
46,-1.0186850003876,0.7825108817744207,1.3328174288061003,1.3916158835879795,0.0034265188379036,0.4931222033928584
11,-0.2017734831779546,0.6547262757682061,1.7931341687825064,1.979202437656972,0.1999736643111728,-0.1401263298900746
18,-0.3737930109550801,1.2883041961663522,1.621588842072759,1.7201402839011253,0.2000000099667658,-0.2190694892976847
0,-0.0555555555555554,0.1944444444444444,1.5707963267948966,1.5707963267948966,0.1331731942608477,-0.0938280439949997
29,-0.3532916487723438,2.045424495274615,1.3948402712729315,1.288344319990854,-0.1578945059415545,0.2571845601100851
25,-0.377989028664851,1.8680425418116955,1.2671285356071331,1.5162644210910234,0.1999128989443324,-0.2122567381946594
2,-0.0034539746828684,0.0436492672453269,1.9043839434769487,1.3164431026650878,-0.1032434838525831,0.2463153773348005
32,-0.4591778681690284,1.7699605871672976,1.3444152223553996,0.9398594176560102,-0.0563556307556177,-0.4735564250652809
7,-0.0153219526314413,0.297370759538425,2.2628972167756896,1.937482782496888,0.199954930122597,-0.3015276052981456
4,-0.0796009704368488,0.2418506859801254,1.8411843352646768,1.458012189412106,0.0916508022208151,0.3748851880807032
18,-0.305028748252428,1.2908063188179817,1.5981054986503462,1.7389170689473783,0.2000000099934706,0.2051063630997355
4,-0.0794053677349449,0.2652161442427583,1.9126994433489184,1.4320642864851654,0.0943617458729,0.3268513064923073
2,0.0303009130236242,0.3048681694535767,1.776733518638883,1.4671711849124105,-0.1993539243082273,0.281478062307646
4,-0.0972737635073047,0.3382616457904736,1.9115532087769849,1.5010006041874795,0.0442037321156738,0.3644656903880499
48,-1.0791154379932109,0.6609831946880581,1.7521150233831744,1.0398971530388423,-0.0828914965245356,0.1524923117344684
48,-1.0683045501126704,0.6595906442128215,1.593535860330369,1.1694413811979714,-0.2000000099474959,0.3744076327058903
16,-0.3397339034841312,1.1666604037927917,1.6238678293910365,1.744434379973264,0.1999559838135159,-0.2261255083927138
5,-0.0720036378810049,0.2850634831332796,2.134592347839151,1.495649921702746,0.0571031109924114,0.1253250299617848
36,-0.5474633862757831,1.684316898448781,1.1439429680493216,0.9371936701493389,-0.2000000073328524,-0.2933611850686035
6,-0.0259782457958843,0.1611840842907694,2.2701973328974585,1.5640392041590467,0.200000009947042,-0.5200988720969333
14,-0.3103109856431744,0.962853468751906,1.6210359167423134,1.7848342934228,0.1999759732239359,0.0262015632358247
5,0.0555518436702717,0.2769847289498457,1.5680598440256457,1.5716579057733158,0.033818704848393,0.6358393401542202
1,-0.0558017309642928,0.2663709377915195,1.6524459655073027,1.5404109624182685,-0.199833829068662,0.3568540136006538
21,-0.3735497821535359,1.5296094115151186,1.44224546650584,1.620571728490278,0.1999442883430774,0.0527479446481018
16,-0.3294013227397213,1.2250426863991415,1.6488594161954264,1.763136328189709,0.1999705664609268,-0.2887241237784397
15,-0.3003798159609671,1.0480276094522427,1.6453571068730692,1.8029578000103308,0.1999871155483867,-0.0570301204391552
5,0.0856072241247659,0.2385559331794308,2.2603540877488,1.5161282233455773,0.0788062795479039,-0.2744802394599836
1,0.055530265803931,0.1469712633401947,1.621178009608064,1.5536556643043182,-0.1844977966659913,0.1748817894145936
40,-0.7131409279536225,1.4410915239621642,0.9431094877923646,0.9374518488962296,-0.2000000099745936,0.1263938430499671
9,-0.1043073892174607,0.4523732219231724,2.047972407198708,1.948770287796659,0.1999933464223343,-0.3430561445796665
5,-0.0456251710476276,0.091192653644061,2.131487243869577,1.22809384929654,0.1999938701751638,0.0501110170297207
38,-0.8513805629572097,1.3059376505798266,0.7588368571039776,0.9624610621689338,-0.1999450674905887,-0.0670766572371143
7,0.0266975037500823,0.3733111308013405,2.287999407449041,1.936294944959267,0.1999128734058531,-0.1722363155021151
27,-0.3453621430842371,2.0765104957173035,1.1885021040823798,1.402712891303432,0.1999840539023684,0.2164102140815701
38,-0.7141521344184488,1.5621809639702366,0.9449684331801276,0.8918818772838701,-0.2000000099531879,-0.3457229067588263
37,-0.7108183785270605,1.4669225863320814,0.8818235441335707,0.907548591769497,-0.1999999222278158,0.1104778175754852
11,-0.1499043838835667,0.7086490520429304,1.8544642339136936,2.005869959802461,0.1999734773710494,-0.1060566393071468
26,-0.3697431259412371,1.938139951174187,1.1808998743679862,1.4888987009449297,0.1999659572828624,-0.0659794706890361
30,-0.361503048444491,2.046951890059036,1.4105836311962945,1.2771976383990142,-0.1999126691958499,0.1951529770838557
31,-0.4088864915688897,1.9886882987407384,1.5604086006667952,1.115140285829057,-0.1999999244553458,-0.437025063699255
22,-0.4501485033970142,1.577311246641478,1.557102301218782,1.7188696956496452,0.1933280559379336,-0.054130607594079
39,-0.8709197276848791,1.3744925045088885,0.7800978804614882,0.9908690040423104,0.20000000146402,-0.2265951124342866
40,-0.910051566237797,1.2925498459934408,0.7433546158161501,1.0676648525739911,0.2000000077708996,0.0292600466484112
2,0.0574043772494377,0.3717830510614519,1.9700834015992024,1.45955063114952,-0.1493647529096128,0.0158528946041419
4,-0.0888387618544243,0.4278093381722275,1.7848901991730663,1.371241517081421,-0.1134547397467811,0.3229599619597136
11,-0.156745188080813,0.6365092685398448,1.8940661522236208,2.0536330748495666,0.2000000099548845,-0.3365546720009161
20,-0.3365551507932988,1.466551347825106,1.4991162988033633,1.681162517579914,0.2000000096365577,-0.5752221861901335
1,0.0778370894630595,0.3397006194562645,1.6022412935879569,1.561135536120056,0.1276436195498411,-0.36170505988407
23,-0.3864665989806353,1.7502604503296093,1.3612294542279582,1.5537989882405547,0.1999080464854742,-0.0965340826575728
39,-0.8343105714700885,1.3143536222732286,0.7526659342136721,0.9320706628128744,-0.2000000095452607,0.0726313666456666
2,-0.0044863961136587,0.1435149723126478,1.933006734648023,1.29203525425596,-0.1352886641712961,0.0663031504176313
25,-0.3424449996982862,1.9308831220973444,1.1442913758244853,1.4684031737405523,0.1999634835677853,0.2405659917939628
18,-0.207512432332157,1.4107648423182344,1.7534882305797677,2.004891251976016,0.1999356407157907,-0.3546215793806405
26,-0.3659418480217591,2.01489766197514,1.3912449675288538,1.2875860324441557,0.0138011398596943,0.1437448839027133
34,-0.567083298375731,1.631103090171134,1.0509247901525836,0.878114645423424,0.1999999885772505,0.1157259130337427
9,-0.0768967434275398,0.4827983178958983,2.0324285442722227,2.0583282443108653,0.1999638733318811,-0.3279211144123808
18,-0.3300095845189053,1.27353984996567,1.6119370917466025,1.74383737651167,0.2000000099670902,-0.0171096103042364
15,-0.3157772446781489,1.0491363782709873,1.620960335692887,1.7767743716768931,0.1999894511964643,-0.0118734149637949
22,-0.3471990602226353,1.6459497795521203,1.433308363952909,1.6121882046203948,0.1999385238871166,-0.2133466497813641
21,-0.3514374579794977,1.690652902164528,1.4037024165180068,1.6612741684775816,0.1358048031782558,-0.0273776987330007
45,-1.02240987902367,0.8430374586303438,1.1524664210763316,1.341384766579348,-0.2000000059007977,0.1448827402689234
31,-0.403405505123071,1.911936469873061,1.503226407864366,1.14237467664354,-0.1999867925058765,-0.0385515898581688
24,-0.3835148656110288,1.7324444048671217,1.386357375481401,1.5701094477860078,0.19989505666052,-0.2392175998263785
25,-0.3904464177905945,1.8779073212479385,1.4915509345617632,1.5648631051836193,-0.2000000097441843,0.4468172152466864
10,-0.1050021311946789,0.6316830238301261,2.151414484777723,1.7579652562436654,0.1999815532603193,-0.2342307322897029
20,-0.3312419781174864,1.4764454138126497,1.5484578433122973,1.6716003978565943,0.2000000096688239,-0.6209595172417668
40,-0.8865089860992541,1.3480451278076164,0.6585469963636736,0.9693302223577084,-0.200000008893424,-0.1135396539722499
47,-1.0149678047651094,0.8656582787884112,1.0953158448126654,1.3283829081068173,-0.200000009998297,0.4111785801502908
34,-0.5767425081506061,1.674559386924732,1.0708152400198752,0.8577542060738175,-0.1165589994298343,-0.3129410961174589
0,0.0333333333333334,0.35,1.5707963267948966,1.5707963267948966,0.170124964207505,-0.1804545883788153
37,-0.7599078648827392,1.4517333021388208,0.85284847779807,0.883943173505581,-0.1999971056038403,-0.1396176352926035
5,-0.0269729096669586,0.1804602112723488,2.2425599927690367,1.5057886637253155,0.1992617102838123,0.0821894441524042
47,-1.03091580950628,0.7211026406141487,1.4331185417857508,1.3569466843585405,-0.1313455315716578,0.6484552715056295
41,-0.8874960610832556,1.340178109298212,0.6654691519823412,0.9725067192694232,-0.2000000099302328,-0.0943505587217225
0,-0.0555555555555554,0.3055555555555556,1.5707963267948966,1.5707963267948966,-0.0062601169718007,-0.1035855045848802
6,0.0082674271734771,0.2240257097145593,2.28346382180718,1.767728613176595,0.1999706806664145,-0.0940385515897369
26,-0.3404129128993719,2.0634822923249403,1.1334111205773774,1.4398502883536428,0.199915822641421,0.2396517241563975
23,-0.3468408952314197,1.7494910250551194,1.338597067692552,1.5447127425782634,0.1999897847748755,-0.1408486179206246
31,-0.4113362626911272,1.902235280186368,1.5200497471105503,1.0735906469976906,-0.199948382154942,-0.1738824363170062
3,-0.036695402972167,0.060598488283618,2.001806498565946,1.1739127334759922,0.1021014245248995,0.2170511943667535
45,-1.0338887069280844,0.9247337035515296,1.1158497566964964,1.4026646002739414,-0.180656257742558,0.4198708089466516
48,-1.1033706664699858,0.6275308407433193,1.80143100122479,1.078967276441965,-0.029231071355256,0.1611599440050029
10,0.0276457321436965,0.5905310930694538,2.1790719191220145,1.9459552935466904,0.2000000099576006,-0.3683136415330845
26,-0.3333451427067942,2.0467716426897637,1.450681691118751,1.2711794308136757,-0.1102334699054549,0.1698629935446632
6,0.0555469048853011,0.2815096153637829,1.5664870152857642,1.5721125887025935,0.1305395097244757,0.6310572580399694
47,-1.0341272196450184,0.7722630447077159,1.568019486347375,1.2944898513396823,-0.2000000099656025,0.1051162521387677
29,-0.3569057754589472,1.9453866943139189,1.4631368118014674,1.1731042668462208,0.1999700496808092,0.3274236824105654
17,-0.360445788320603,1.2341236553983213,1.6100709485497813,1.7602479337532917,0.1999915402215162,-0.1031557450387704
26,-0.308776279222499,2.15749732814178,1.3082642413720111,1.3449895376388208,-0.168125811149288,0.2443705687439209
45,-1.0095685937242027,0.8993649615590469,1.1682929601302574,1.4446090460779466,-0.0895836189029585,0.5503788892842817
21,-0.3772061138563151,1.614689201877426,1.456995285176907,1.625392308638777,0.0869666493000116,-0.0731445223361222
45,-1.0103545300895669,0.9675086246262334,1.124072392965203,1.3871809960385335,-0.2000000098989285,0.3998879890474709
48,-1.0670295369093143,0.6813912084198896,2.0321795205262045,0.9708536971852136,0.0349885243538736,0.0722564295276666
18,-0.3473203161998688,1.390595964135667,1.60090005869535,1.740151151743366,0.1971840016509985,-0.1994167203066854
33,-0.5079928126682891,1.7554138281863008,1.214533272942176,0.9007414760272828,-0.1653569798018924,-0.2629364582745982
26,-0.3521350546306064,2.0417433981576987,1.447156568118606,1.2761672491313925,-0.136420686968784,0.1074419659553232
47,-1.038205299393666,0.6925921475541372,1.6280752504852156,1.2714057230034888,-0.1098546341099956,0.3395987121932948
18,-0.3695088473624648,1.3757642855419645,1.5432739416745047,1.6867785718147696,0.1999001789421008,-0.063457180382023
30,-0.4159921248130876,1.893792606432256,1.495904822894607,1.0956563782346198,-0.199962219394648,-0.0988696492793398
7,0.0577187735678679,0.3032495265069636,2.22710190440086,1.715474843974914,0.1999922150926009,-0.0066015336344052
1,0.0320641423831425,0.1290591400825202,1.7199298600342612,1.5058103786461905,-0.1746483411075839,0.0872334241649687
2,0.0271920604610292,0.1106306704603606,1.7990861992028098,1.4311857060500952,-0.0364258668134279,0.3852339208382226
13,-0.24129771393398,0.9380721404065742,1.680869829901729,1.8502831951259069,0.1999610488109189,0.1061562378341162
13,-0.2239260887074093,0.8882741681413333,1.7366204718735556,1.9397567790941064,0.1999922182591201,-0.1429431270880517
5,0.0348051805672682,0.1890956229325251,2.1859912062671523,1.410159808593348,0.1993230207676107,0.1231870707175877
34,-0.5043776334478247,1.711630450402492,1.4096992733564715,0.9452773545668732,-0.1289856351522555,-0.533579502593669
10,0.0346609897847437,0.7598733548120428,2.180891209342752,1.996978586931204,0.1999786364981066,-0.0462703170284129
20,-0.3373518708173036,1.482632224522574,1.5435073311117034,1.6484050763955536,0.2000000096646629,-0.6187283677441614
16,-0.3380542668272892,1.1308563932715805,1.633802522965942,1.809947443144686,0.1999665280826178,-0.1250699774655997
31,-0.4011213183526667,1.867689393909553,1.4707398312774045,1.050279225562117,-0.1999902862896269,-0.2316179209819859
25,-0.3699620609364643,1.909591116116571,1.2571744471452222,1.5035139712650942,0.1999295481444837,-0.21107118880222
2,-0.0083566244236703,0.124093685005455,1.8605710604630337,1.3004128882775323,-0.1526936397399078,0.2286408460074092
0,0.1000000000000001,0.3055555555555556,1.5707963267948966,1.5707963267948966,0.1729709727752174,-0.3505973243941606
16,-0.2912794215218486,1.0765096583506697,1.6179991150882582,1.7404088017433543,0.2000000099442331,0.2090915832067491
2,0.0777509042324072,0.1910208437313626,1.557955497005258,1.5746996091331475,-0.1998451623999632,0.1477996687854666
7,0.0571685817041475,0.3325014477644678,2.30784483929474,1.7270257370691322,0.1999882787224526,-0.0534988177940094
3,-0.030195964259192,0.1301458884328789,2.014753826954637,1.2185749798687409,0.0262467729946506,0.0703600798294787
25,-0.3466570450497563,1.8676762420510429,1.2263085330512862,1.517018288166459,0.1999797082531969,-0.0766308952415946
16,-0.3339043512722814,1.1876225002194754,1.6283385633167369,1.7634304241708696,0.1999672397136324,-0.2068255295072029
28,-0.3314845995475073,2.0160284955149046,1.4291373724725585,1.2430977746962455,-0.0470728675885145,0.189685986738392
12,-0.1452883467646376,0.7548460140093758,1.9994704565641024,1.9812989816174649,0.1999923015883789,-0.3184571489349544
0,0.0777777777777779,0.35,1.5707963267948966,1.5707963267948966,0.1440783705221283,-0.4107504781903857
22,-0.3405676293519726,1.6913711253853,1.41392491112021,1.634511517977378,0.199943899742624,-0.111377681656579
8,-0.0362108839137849,0.4134357013190007,2.1551915119078497,1.9656457097534143,0.1999671145332485,-0.1887482857680604
11,-0.0587047700541022,0.7005955757602869,2.078003619859115,2.071869851506826,0.1999725537645432,-0.3739623323012118
30,-0.3762656057151045,1.9924155766074827,1.4388629953053336,1.2536715410808337,-0.168126831713136,0.1990345557030982
23,-0.3395579829072235,1.8391302355482408,1.280041684457336,1.5027021291944005,0.1999139000968098,0.0277657545940525
28,-0.3203648454382459,2.0545707131917688,1.4171758564796786,1.2552588167426122,-0.1410581849763112,0.1915098981627808
24,-0.3810743055983429,1.7941718814864116,1.337564149000917,1.5497485771401678,0.1998949243023834,-0.1230723371027945
22,-0.3572817104017784,1.7056009348023642,1.5322125520285144,1.644729318022569,0.0687295976410357,-0.2015476125628922
14,-0.2398258074075249,1.1380788913781543,1.7339786338296277,1.9465609132323265,0.1999688258380032,-0.1157596981545502
36,-0.6723122399493754,1.5542088986520557,0.9496105769283476,0.9221340561007816,-0.1999999183425707,-0.1842619139042181
39,-0.8063165072580954,1.4623931367625096,0.8649703944709639,0.9197441095671332,-0.1954834148351009,-0.2887740820117834
45,-1.0010325492085934,0.8877469255059414,1.129254781701837,1.4024984750085203,-0.0055746253518336,0.4612030192694197
32,-0.4029947656538507,1.914414685519569,1.3980680658158402,1.24366703723764,-0.1999999751272747,0.1739431005213064
21,-0.3772784926283685,1.5449682908574032,1.423343146011541,1.625351225387788,0.0545373897729662,-0.0183231260248574
13,-0.2396348348352607,0.8769865231496469,1.6961370765042334,1.92336611375526,0.1999904996515424,-0.0283159270785179
16,-0.1488077080894226,1.2310783661672102,1.767090351381574,2.014283897991521,0.1999911095218979,0.1421702047167415
22,-0.346254098627117,1.6348306379619617,1.451318227746759,1.6084696042459796,0.199953417298992,-0.1589159858221372
15,-0.3173635186079241,1.087698973601228,1.6426630663361887,1.7965981187204858,0.1999485066406805,-0.0811697299973178
14,-0.2707154747901009,0.9433574256160628,1.7043225402620177,1.863159814434628,0.1999795406242218,-0.0805794104521592
0,-0.0333333333333332,0.2833333333333333,1.5707963267948966,1.5707963267948966,0.1911810565032789,-0.0929537518650378
35,-0.5867569628632358,1.7264388241175188,1.0503192926433425,0.8970776632070641,-0.1997211674836233,-0.081703403037538
40,-0.8605390427139424,1.238969310659771,0.8865127275374274,1.0070262130306455,-0.1999999920016839,0.0574741749726826
25,-0.3325909581471779,2.013958161334168,1.511900664367948,1.1879888748579197,-0.1587566627218277,0.0663506148709139
8,0.0932669889430903,0.3794092136374635,2.208328760289822,1.7827854714106484,0.2000000099616434,-0.3809312194826078
24,-0.3794522581637141,1.876008538630154,1.279360515126262,1.4942885558804284,0.0901146786309489,-0.1615536035785632
1,-0.1002359517082052,0.318869829922135,1.5383504601803164,1.5777028405502798,-0.1997988340123384,0.2913161723034414
19,-0.375358775028683,1.368402551570081,1.598078259327684,1.7161129807867206,0.2000000099376858,-0.1441578814272982
18,-0.3522624459099265,1.5231567031763658,1.4737505114765517,1.6968940928478156,0.1997015061099414,0.0197723210562618
4,-0.0124782972653311,0.0653449737393682,2.1957943300392966,1.3577071003984071,0.1999520570361755,0.1770172423352253
32,-0.4856254923142971,1.7675234256960644,1.3214853341367585,0.9467018819738988,-0.2000000055404996,-0.0013371955344213
35,-0.6008310390831393,1.6174387120699092,0.994946471476231,0.8966970838341805,-0.1999999146527822,-0.2024310296111591
34,-0.5785650368841248,1.6889228393145732,1.0115450518813471,0.8107921223080401,0.1455969832914149,0.1544475958287478
15,-0.3352096057497992,1.0064132215457318,1.6386531452324729,1.818294888821637,0.1999882621708941,-0.1828685242716684
31,-0.4122172120318532,1.8400090137686576,1.4659315394845347,1.0312481751435063,0.2000000092562403,0.1958768497450969
37,-0.743621269325565,1.4761018516845534,0.8145577691586396,0.8975970335058316,-0.1999999085715889,0.0305793663915638
29,-0.3338591721988663,2.032480692228809,1.4760326529529433,1.1703408855208226,-0.1999588127404435,-0.0065939069388365
34,-0.5082535347484574,1.7076679875321354,1.197314647087131,0.9068839819075198,0.0476316466374979,-0.3601542870066787
4,-0.0256931233169372,0.0984544108598177,2.083711923160825,1.2532103949716702,0.1310789008676724,0.2488970611506997
15,-0.2497500797853498,1.0228909523618122,1.660276942947183,1.8569421588435704,0.1999986610759518,0.1480320040662904
6,-0.050924163097662,0.1996906685116203,2.1693436140802245,1.4751493347870632,0.1999753361120009,0.078664975155614
25,-0.3639304570424469,1.9266336987231896,1.2658593572625452,1.460002994085299,0.1998561763086206,-0.1614037687629413
0,0.0777777777777779,0.3277777777777778,1.5707963267948966,1.5707963267948966,0.1640131166783088,-0.3736574044589015
47,-1.039857895585291,0.7434132189433463,1.5104063279746258,1.3107580719291054,-0.2000000099420182,0.2434076803575133
16,-0.3197822108356511,1.1333897714341068,1.5895114774492125,1.7428569094167543,0.199986588701311,0.1004471429370502
16,-0.3227985101257895,1.1501818659748648,1.632508510606321,1.7509356080078096,0.1999548830826749,-0.0953826959696412
32,-0.4237216820040801,1.824604910106414,1.4364319993790726,1.6175045949517826,-0.1934667721918881,0.3450111669046311
4,-0.0348897551827038,0.3032824063570754,2.0382496351983885,1.384275468729755,0.1619065657027691,0.3548284920932784
25,-0.339456848178508,1.9328560933565888,1.1404226506736617,1.468749039754393,0.1999659219080255,0.2531240658369333
6,0.0289831810776161,0.2471625353064027,2.3257324593749384,1.808988830389892,0.1999676270496141,-0.1316274306121324
10,-0.0454191968302162,0.642414276550049,2.0796071412649493,2.038253043626326,0.1999675303058109,-0.1574959213825339
49,-1.0917187110365132,0.6348918260919029,1.7701457660469446,0.9529782239100156,0.200000009968157,0.6553728394309766
38,-0.7824036058116154,1.399378390772831,0.8877686747536075,0.9652946766156076,-0.199999914186398,0.0307785664408406
1,0.0556586293969447,0.324558955244024,1.6062424826112132,1.560444929261528,-0.1999504320138827,0.1761620098940483
34,-0.5163813438184877,1.757751832865463,1.1092070500042777,0.8434731190783642,0.1941906472249258,-0.3050965224611112
34,-0.5998161906793811,1.5979192719141695,1.0751090264555554,0.8837154471546411,0.0837539871464924,-0.2582769981611296
23,-0.415488680386225,1.6861803727447389,1.4952574680235724,1.58168864831226,0.1918756430839896,-0.1388219958883892
22,-0.3526434600914433,1.6404796380952025,1.4091914082553725,1.5696277739343758,0.199964987219457,-0.1218181486880735
7,-0.0527612853779776,0.2531512015562666,2.164257285245929,1.6694649584688712,0.1999995664206693,-0.3168705740718263
6,-0.0257521552256873,0.2316008612497097,2.266072005717416,1.5814367273959855,0.1999263142350344,-0.0180784715436132
2,0.1003531003332452,0.2032200510305632,1.6115900325265269,1.5630971134176266,0.1546579978997725,-0.204896054973537
47,-1.0256194447086262,0.7684934020527943,1.25460676484771,1.3369951849237425,-0.2000000099920897,0.6148477335903989
4,0.0776086819795269,0.3727648906097728,1.5790907079961638,1.5591577432352053,-0.1994522970607405,0.3385200613169458
2,-0.0145715580707715,0.3104271439061674,1.9201211343195776,1.4076246444276277,-0.0442990241403869,0.0717413299929061
8,0.1052751987366931,0.504188626383144,1.7478790181365351,1.5042081835022731,0.1217753830166272,0.3658793067646391
17,-0.2839524359835542,1.3319112174926857,1.6516746068981032,1.8407632577786293,0.1999432753631195,-0.2433277265047831
33,-0.4369943869550433,1.8233216589616803,1.4835952977326254,1.1376066524372042,-0.1999999841336101,-0.0413334765164535
1,0.1002137280056147,0.2763996103697326,1.6597356284644942,1.544091463855466,-0.1998391790828734,-0.0706644636071521
34,-0.5410580335894312,1.788877540872026,1.157347642877374,0.9182066238156208,-0.1964251209829805,-0.1753787140340649
30,-0.3687398622066249,2.0265156670257536,1.3556888895717003,1.2977150823392152,-0.1999999215373012,0.2631174927266029
10,-0.1320688412292308,0.6478089180857157,1.8594436916199069,2.0870592117419786,0.1999367762290244,-0.1850514554453312
42,-0.983543273681144,1.022455771440617,0.9829649028954264,1.3518761142295428,-0.1999750811399587,0.3700216759268311
31,-0.3944348821675721,1.9135641385895847,1.4471390294518809,1.0007895884936733,-0.1999940697009534,-0.2685171253763476
5,-0.0337460664211374,0.2791933593526581,2.106632840880428,1.375103876049601,0.1999063222730713,0.2734221654645209
12,-0.2414769263549993,1.0009482987691871,1.7202049950745444,1.9194713752358843,0.1999725775976552,-0.181044663916556
7,-0.0301807273520131,0.2676345651281407,2.207223744192396,1.6360494025591603,0.199997405367566,-0.2146898361280366
32,-0.4097514666271631,1.847685543390137,1.5140130269017558,1.5478822753310115,-0.2000000099456516,0.2213778996636269
27,-0.3364933098547403,2.113012453126965,1.2452091677689254,1.3473242191164656,-0.0340384318836799,0.2970098492277533
3,-0.0511447667879819,0.100034476022829,1.90653851495682,1.1184841517364157,0.0562093761798208,0.1170992127899682
9,-0.0477216944321805,0.5920824019619779,2.076706946888242,2.08293753560146,0.1999643255897829,-0.2683956755450643
1,0.0088876553351738,0.1723229552813588,1.724944801130567,1.494465334608832,-0.1999643226086049,0.2969880447423715
49,-1.0852541352064409,0.6130928943096892,1.8530979501691205,1.0253600114655432,0.2000000099725945,0.5037307863315119
27,-0.3416693037148163,2.1186687760065115,1.312018253901277,1.3255420168465186,-0.1332917677284145,0.1532680485311601
1,-0.0116479415517157,0.249696652138456,1.6542202095177512,1.536471916830169,-0.1514911826548348,0.3614317615972104
20,-0.3701824472839623,1.6729275266035362,1.4182671094920971,1.6138177084545495,-0.0952968127028725,0.0880622561665016
4,0.0781570890206794,0.3560511471800187,1.6372239934888224,1.5555384159350925,-0.1688015233655865,0.3042160084377584
34,-0.5705841140872635,1.765277028107554,1.0844250629332404,0.9041486993122464,-0.1984789498444349,-0.1458043739627623
26,-0.3391921033100421,2.069602099418993,1.2226551449349952,1.378700895058412,0.1016426511496716,0.314456832644112
2,0.0783546657289354,0.1978910314935375,1.7486678371813635,1.5193816150320896,-0.1999104820514403,0.2246266519827847
26,-0.3262080034809104,2.0346541789729,1.1985509293761591,1.366089935129222,0.1583568332056571,0.3957148670499624
16,-0.3451053580693576,1.0923882062112198,1.6244776575502495,1.7889506889818043,0.2000000099929536,-0.2129781351352146
9,0.0847533045603389,0.5181350415078858,2.153411162146602,1.5088500644436385,0.2000000099598762,-0.1541337975163436
0,-0.0777777777777776,0.1944444444444444,1.5707963267948966,1.5707963267948966,0.1999210610547306,-0.2055364662061665
29,-0.3567891706944092,2.0633642108541634,1.2278295206513743,1.350003327460357,0.0068898764135712,0.397444988478412
4,-0.0423998305202397,0.0610481580100951,2.118843720355306,1.292872259807217,0.1999498435391627,0.2418466265580225
12,-0.0352125143219791,0.7841733288413788,2.114448451215273,2.0561441790676467,0.1999980743184255,-0.2341356825836074
29,-0.3637732552576053,1.9941035199951984,1.4590604081223253,1.2255721835763942,-0.0359392695496002,0.0907833963505871
42,-0.9555914591861944,1.0976937400615436,0.853497824551039,1.158614599391824,-0.2000000071214871,-0.0870339104276937
39,-0.8358322122583575,1.311320786270227,0.7525464753296713,0.9371988346041038,-0.2000000095225139,0.0975356548080553
47,-1.051019687364394,0.8517196856168,1.291239989050899,1.4169671309665557,-0.2000000099964087,0.2736907798785571
33,-0.5463470596197105,1.6846545973393132,1.1446751142528395,0.9363404188826778,-0.1999709468508229,-0.0921265806502689
13,-0.2047009042980081,0.8453031800596665,1.7382399896767478,1.9553553643886328,0.199980556417375,0.019697006618141
7,-0.0621094117919045,0.5025450291969566,2.1298554400589804,1.796830418620255,0.1999298238027596,-0.0689550234623035
11,-0.1175635498046281,0.5620375864127786,1.897450459250484,1.9628485095414008,0.200000009978619,-0.2180877939332015
4,-0.0707749334701077,0.3959561905146858,2.135836579897676,1.5290321465343746,-0.1515824788956402,0.0686742137587873
31,-0.4165217572044312,1.8712715165368736,1.4676384879883866,1.1473495007544672,-0.1999896872656345,-0.0028426138129691
31,-0.4019363616442635,1.8646888012087284,1.5067986576494317,1.5531637253756954,-0.2000000099240536,0.2642895061013657
4,0.0324355014562742,0.3088696783553167,2.126027555265699,1.3591574687971182,0.0476720329853525,0.1158456297570591
18,-0.3240526889601461,1.312432135675853,1.588795923688684,1.6693840208234658,0.2000000099532095,0.2259769720969804
7,-0.0077352371247122,0.2970056492907426,2.2092544148352484,1.874716153746636,0.1999886309030301,-0.1079691912604496
22,-0.4094738366898229,1.6353969015091627,1.4957595030453543,1.6164622996353697,0.158935501895072,-0.1142959800646619
19,-0.3162985483044362,1.3549285844393728,1.571569458642278,1.7352315908663674,0.2000000099467426,0.2537979544959873
0,-0.0999999999999998,0.35,1.5707963267948966,1.5707963267948966,0.1861652483164012,-0.4493625833132407
1,0.0075588804213759,0.1715672566695527,1.7388396422055106,1.4771653095877428,-0.1999112217433742,0.2767621827293408
23,-0.3720888624511941,1.74717950172113,1.382580974200044,1.6155029010497717,0.1994966597886095,-0.1177702517871921
33,-0.4936285749720264,1.735003622222985,1.2247166829791407,0.919601271283814,-0.2000000036394361,0.0321772602685412
16,-0.3242174035072711,1.2871534699789473,1.6015740704729362,1.7558395473244952,0.1999712234251017,0.0315432161360859
36,-0.6689227869676453,1.544109295786244,0.928008702644382,0.9147983097181948,-0.199999915759319,-0.1314999929188171
0,-0.0999999999999998,0.2388888888888888,1.5707963267948966,1.5707963267948966,-0.1999399601009763,0.412871109669042
15,-0.1707918833484629,1.1323377818260136,1.831197285154138,2.069487603057511,0.1999781013537491,-0.1953518086083921
7,-0.0769590505645128,0.4365521435011194,2.110712063803512,1.717035794323861,0.1999731006946395,-0.0229431673537848
5,0.0624075593667071,0.2104751871133036,2.329975620904241,1.6406515390469978,0.1996870352071736,-0.0546919116258255
27,-0.3505729846547558,2.1632159772370545,1.4368803287532668,1.3229455675592476,-0.2000000096010057,-0.3792744404412982
4,-0.1012979955885398,0.350633335522825,1.5073587308314185,1.5369705718011213,0.039156937905742,0.5128237816357049
46,-1.0018967568365067,0.9190014412056456,0.9669640260424952,1.3240403772622105,-0.2000000099765368,0.2316521234693213
1,-0.0775159426827848,0.3643218905802714,1.685610101619039,1.5360576937272477,-0.146104062060158,-0.1316839350026941
3,-0.102535978952253,0.3765222807179351,1.3037346935642065,1.5616384344704504,0.0569388430859179,0.571755984329134
17,-0.3256674197072515,1.240670141262225,1.6476582112398486,1.7606673036827798,0.1999917169118205,-0.12700332236687
14,-0.2906865423911813,1.0326500394170943,1.6667214381184916,1.8542547391925903,0.1999705661388966,-0.0789864315068093
6,0.0529946430425828,0.2872215971585908,2.313906651982341,1.7873063844451165,0.1999640701088015,-0.0623801664767584
30,-0.3712214741348827,1.9672513552033688,1.5238967823244425,1.1984968731191237,-0.1997092809582803,0.115570881621562
39,-0.6529266716075982,1.521471544928433,1.0493708162893582,0.924895950430576,-0.2000000098697512,-0.2125226569939873
0,0.0111111111111112,0.1944444444444444,1.5707963267948966,1.5707963267948966,-0.1999403285461828,0.3746942485993789
25,-0.33879134367715,1.900308394398592,1.234449298181806,1.4640626301038124,0.1999981624682708,-0.0684299298066648
3,-0.0310021062960421,0.1544691562743534,1.958196231224809,1.2472558232291502,-0.0266230581200534,0.1086088315759334
20,-0.3561051287670391,1.5026145899809094,1.4604111472752432,1.6184176044659184,0.1999597725688397,0.0192173012560807
12,-0.2116442583794689,0.8182207325677415,1.781421491005693,1.9568688276244464,0.1999693060057168,-0.1511519019247952
42,-0.9601470043393628,1.1885574536210657,0.8443183312800269,1.1920179996153557,-0.1999999789954556,0.0562514889700342
9,-0.1011602540557485,0.5101702634099511,2.025806495049272,1.9525637545619727,0.1999861025353816,-0.2321661950270605
34,-0.545280661848236,1.6853523519214637,1.1415249119189124,0.9348013676898754,-0.1999992865334493,-0.1850412031752928
26,-0.3559373972503495,2.0533771560115603,1.1810900504377226,1.3938592153583491,0.199702876324367,0.1711709064583333
6,-0.0077846839817919,0.2614944026886029,2.2602491761234145,1.6963042345693968,0.1999616207996231,-0.0327483817820785
14,-0.2672300219809232,0.9077816358393171,1.7065891000118594,1.8777832521784448,0.2000000099684693,-0.2537688578492773
31,-0.3872975381593915,1.9619958114434013,1.373437994220529,1.2788676222075734,0.1650557170235636,0.3073430441722674
14,-0.2437307280626198,1.0118300523996877,1.6790263141181807,1.8758461949851075,0.1999739422532347,0.0884007939062787
0,0.0333333333333334,0.15,1.5707963267948966,1.5707963267948966,-0.1998855370646332,0.3758363301168786
2,-0.0388650277264037,0.1015732891056223,1.8651434193041665,1.4090206882038918,-0.138988589016361,0.2977221731972217
25,-0.3803298669297331,1.9066789137193767,1.2898986684766154,1.513175680682327,0.1049110585148692,-0.3058740963376916
9,-0.1337781014813797,0.454470422386852,2.0413986752417426,1.889000993081068,0.1999892510367958,-0.3359080926562856
35,-0.6272485710961372,1.561763498580722,0.9582085172322136,0.8664302966692798,-0.200000008263232,-0.0940673726836979
22,-0.3446910521853349,1.707787022360302,1.3780980120089392,1.6125245613482395,0.1998261519071646,-0.1090053697006857
22,-0.3437351980106061,1.5890390655561406,1.445450441041265,1.6354569661440015,0.1999658676896618,-0.0821865206096069
46,-1.0498289925088518,0.8088405553701874,1.2983331764724593,1.4209024241971406,-0.0968491930824919,0.3677042308517275
1,-0.077612705231939,0.2318412853385565,1.6402568678047995,1.5499321007942128,-0.1998311553932183,0.1824296381620518
24,-0.375423644720354,1.7837333904023165,1.3079982899175633,1.5301522269677954,0.1999470380707062,-0.0887868995415475
31,-0.3767245148333715,1.8038862086792853,1.4217824517425637,1.6468968541281055,0.2000000096822388,0.199550950950781
31,-0.4346418840062218,1.8183031471335696,1.3926787162807326,0.9903530376136992,-0.1999876072360908,-0.3552392961471953
2,0.0554895662867894,0.2462491687850459,1.5588525320079665,1.573788340421556,-0.0298895293556573,0.4753060143722669
4,-0.0189423251071578,0.0849777160087204,2.1599947373059134,1.2873512391561786,0.1584684044844621,0.1843857939415706
23,-0.3481233874025912,1.743482839465896,1.3418768952277045,1.551294448591475,0.1999761700328737,-0.1476188459966489
18,-0.3635947167217332,1.4180926407778076,1.5352715971556048,1.6973621777088463,0.1996547215238072,-0.1099589999582265
9,0.0999830064925435,0.4518655732073511,1.6470287452128272,1.5474427611573642,0.2000000099643341,0.6100124620926696
43,-0.9816298586869124,1.039622519380747,0.806883540291929,1.2951497890144594,-0.1999999772651527,0.314814055460394
2,-0.0556760324374741,0.3282878671635884,1.815809757509504,1.4860026528721542,-0.1996123730831867,0.1546179587942516
43,-0.8768985283392652,1.2405400655829228,0.7722123237934451,0.985217256919636,-0.2000000099507376,-0.1640387128082786
24,-0.3946783599004442,1.8120124905486368,1.4905719077822308,1.580092758198102,0.2000000055514578,-0.6447215862616174
9,-0.0698215448209778,0.4643255987115963,2.05491998145846,1.980249826536333,0.1999817587818838,-0.144893110209629
20,-0.3369232839640318,1.4580260274236647,1.5014295923199992,1.6797057381417535,0.2000000096512083,-0.5770899554653864
30,-0.4087544638781899,1.861938395123497,1.419621163108621,0.9823715923880086,-0.1651648487652877,-0.4288377852373559
2,-0.0343133092927288,0.3271634227698217,1.93661226431397,1.4308766945215476,-0.1263191987694703,0.0850505032088681
3,-0.0962821547351243,0.5259724867773415,1.4880478868516205,1.431343631907775,-0.1998351376239317,0.3580245836874015
36,-0.7026950212884207,1.574572323959459,0.939981241771255,0.8775554269066044,-0.1999998766924087,-0.3456936618355423
8,-0.0461207982638439,0.5102289818169312,2.225360294974732,1.849457784188512,0.199941998261113,-0.236771480627404
8,-0.0444690041597003,0.3263657700046021,2.173831746974264,1.8006825442903012,0.2000000099573072,-0.4517718848587705
36,-0.7049165034790859,1.5331489361920785,0.8731765035365745,0.8817617814255462,-0.1998054375882922,0.1598750915969359
8,-0.0992696990754044,0.4862440731547726,1.6344747665014605,1.5615962272079331,0.1999204794116397,0.4877125319839666
41,-0.8759237055572705,1.3207068095779504,0.6123320849224444,0.971586141534046,-0.2000000099759577,0.1562964665548349
46,-1.0366446263497469,0.7662688799815612,1.3685400868442397,1.3050855504285577,-0.0834049322553742,0.0685165692024259
24,-0.3472175862798316,1.7955532954365707,1.3012595223870616,1.5134407613361855,0.1999902410235053,-0.1836804572236408
2,-0.0570154267216884,0.4296471504065982,1.443232291163539,1.5837940509632158,-0.0183109354483891,0.5399416884269572
21,-0.3733417977272648,1.5393623550987074,1.436597529584747,1.6374683123688618,0.1998972892732271,0.077979189329417
20,-0.3763292949356508,1.5961677719470575,1.422550200545464,1.6376762474309998,0.0907773490514413,0.1104706740635256
8,0.0845227973321093,0.4987814354392089,2.1722532706942896,1.581710042396674,0.1996195545462994,-0.0035927497833376
1,0.0073016748997734,0.1583130634754948,1.779062838354383,1.4594770097030114,-0.1999659739638177,0.2417488656545823
10,-0.1335679389813457,0.5580859592837288,1.787606426575456,2.01600952973736,0.1999784181606991,0.1054910708818099
34,-0.5715912330139498,1.6911973518274734,1.207365558414046,0.8973002294111087,-0.1997724575870915,-0.1795613963956749
13,-0.120014678736176,0.7957867719632327,1.9149305606868603,2.043587708971896,0.2000000099555778,-0.2122588822106779
24,-0.3576674477642156,1.89927485481714,1.3021704824708356,1.4671552577528637,0.1834351422193283,-0.1539971120785336
6,-0.05739315868299,0.1804341335912613,1.98572047526506,1.4015237704814447,0.1999792820598839,0.208637528578039
10,-0.1285042840951794,0.6516455991227872,1.857721653827701,2.041056252408626,0.1999583117939907,-0.0254019459237176
38,-0.7307895518386746,1.43416681719384,0.927808173992906,0.9486407797340052,-0.1999999856707472,0.1325805742358584
1,0.0555440257116757,0.3044228872587577,1.637395248809133,1.5484140612181387,-0.1999618752323642,0.1714410566507398
39,-0.7159009472347719,1.45188906648168,1.039275051370999,0.8930009783857621,-0.2000000099623026,-0.3777893709152884
4,-0.0576140438461417,0.1342607419752551,2.071861670413289,1.3671487159209694,0.0469808313439083,0.2132776815497984
17,-0.3220520779814835,1.4020007664723284,1.6279979246344904,1.8073391702524688,0.199967958478576,-0.1186458923758375
35,-0.6441457496687859,1.6269348180990986,1.0501704886763603,0.8315181954708456,-0.1717135813852517,-0.2296201693146667
0,0.0555555555555556,0.2833333333333333,1.5707963267948966,1.5707963267948966,0.1425646116915318,-0.2481519194466702
18,-0.3212941228231744,1.282476436005911,1.5890810276058058,1.676240657094859,0.200000009967387,0.2272265322815176
7,-0.0780833296771108,0.2591886989224334,2.2008852474888903,1.6724506471792746,0.1999818267627304,-0.1271444375071874
27,-0.3627577357271107,2.017813000869157,1.16942918399838,1.4085870213119775,0.1999716267519991,0.1851886795798409
12,0.0008401775330546,0.7027651090784622,2.215710406252418,2.045377410605964,0.20000000997578,-0.4607693651805202
37,-0.7284397182683456,1.442059115518206,0.9101846563306192,0.8592790821972234,-0.2000000098773594,-0.0992893231091014
12,-0.1533651977634391,0.7410876538479231,1.8443360636618475,2.0277270292307663,0.1999929418311667,-0.1815290911071247
8,-0.0764132889793107,0.3441059191705845,2.1111001270499568,1.7033625859023258,0.2000000099574118,-0.4017442841511799
31,-0.3999919977906338,1.9033006005867104,1.4288449781623225,0.9789291603635296,-0.1999914801610037,-0.3402246805743997
17,-0.3518205173948902,1.2533045605831463,1.607066341736589,1.7145828054244563,0.1999740206230649,-0.0965565262915387
37,-0.7144483563836153,1.485073465198815,0.866803059381303,0.906904058247529,-0.19999992410426,-0.0094795271463446
24,-0.3815454064437752,1.843799648827485,1.3003846565869193,1.509815554063959,0.1873931528194992,-0.1413253570699198
1,-0.0138788540065498,0.0792728594614308,1.7490714649346213,1.4804292800752858,-0.1999571766004051,0.39827991199148
31,-0.3795197599986283,1.9847173530354043,1.453538385280643,1.2390174456523284,-0.1756453492814099,0.1811855546507191
26,-0.3242649163771343,2.000630823394219,1.201698743799005,1.399822547178956,0.1999737867908347,0.392472751510304
22,-0.3474611841123029,1.6575407350768476,1.4265891658749918,1.6134103688140988,0.1999319115258374,-0.2629760323732276
11,-0.1210055412767586,0.5981141032686514,1.9526788602259493,2.120034929672173,0.2000000099595376,-0.3638470881090105
26,-0.2850244638542985,2.100185314504956,1.1891428689148764,1.4007316983518805,0.1999539138045241,0.4463676280544677
46,-1.0212006048104127,0.8227137887797336,1.214725743108664,1.3511702752074135,-0.2000000033749399,0.4265418089734598
6,-0.1237282934317923,0.3044184030121915,1.9256407994037208,1.1783822945612583,0.1998559153317267,0.3568241060805959
32,-0.4864145056459057,1.784298416085577,1.263094781673058,0.921246660947951,-0.1999838810465605,-0.42972272885144
40,-0.8692431475318565,1.3735556199927146,0.7738804976132254,0.9856287133490718,-0.2000000048604979,-0.1688797070875406
7,0.0182580908385835,0.2537069502100191,2.31542315433291,1.510516869939358,0.2000000099932132,-0.502730416074876
29,-0.3695205151046599,1.9660765709629189,1.1451899530973773,1.4643897049271126,0.1999999718922262,0.1159856611939343
43,-0.9029861571575176,1.322335758103254,0.9420378069069724,1.180316969572716,-0.2000000099956579,0.2194571032670914
35,-0.5528109373061544,1.654118346831946,0.9536054121198982,0.949480551556482,-0.1999999938176287,0.1643960210140557
1,-0.01337994245125,0.1296058275088791,1.7335714707758765,1.4908805371023233,-0.1997116505374189,0.3747382489704646
4,-0.0992322523430618,0.3897211021023081,1.6795816450056176,1.546741728396689,-0.1997016167656913,0.3871263600416175
7,-0.0299305565703734,0.2991558234904897,2.2293668324735503,1.883881413393822,0.1999588494139318,-0.2211152256870764
0,-0.0555555555555554,0.15,1.5707963267948966,1.5707963267948966,-0.1997542636124916,0.278074191517087
33,-0.5238653192671046,1.7492191478042691,1.1356868366902744,0.8939144180793293,-0.199975764761023,-0.2561788079122776
5,0.0817128369725466,0.1513208832815489,2.056216319152389,1.4664834299538114,0.1999465772399496,0.1808116202429774
32,-0.4134281805400998,1.8382217291781704,1.5165267708387713,1.5461844488747694,-0.2000000093706312,0.22663828584995
40,-0.8953096396026752,1.2420947231556998,0.7020128852384161,1.124409887236361,-0.1999999239768665,0.4201394084464432
26,-0.2965221415970845,2.0205689884507487,1.1878687302258353,1.4664720477811306,0.1999991826704122,0.103774088874328
2,-0.100241083168781,0.2897897273012884,1.6342463167991976,1.5465969198835512,0.1960301937946568,-0.2757080657081935
30,-0.325062518995343,2.049359503928345,1.452013106146131,1.1721924021619092,-0.1999828529424938,0.0099126635101396
9,0.0492769569147358,0.530489105898748,2.240706782288451,1.8754261608475928,0.1999809208554779,-0.0524117754277563
6,0.0396881126274523,0.2745083675884388,2.227434434988771,1.5498807323439887,0.1999672921966692,0.11627047509015
2,-0.0312588588147458,0.1430955232810061,1.884491086998258,1.279707993800044,-0.16162479293302,0.0829818656761173
48,-1.0713065631436438,0.6621132234432888,1.6312014333910865,1.1957466435822603,-0.2000000099537278,0.2788395456659774
19,-0.3549059918294169,1.4155135258189198,1.5796766179290156,1.711926886807461,0.1736434055535764,-0.2271588756468418
0,-0.0111111111111109,0.3277777777777778,1.5707963267948966,1.5707963267948966,-0.1997143067096124,0.3890941193613746
0,-0.0555555555555554,0.2388888888888888,1.5707963267948966,1.5707963267948966,-0.1999401343965987,0.4580140345852546
6,0.0196402658461655,0.1654081492395883,2.3494059229877333,1.526476714950591,0.2000000099472724,-0.5539502974896373
49,-1.0841384352350345,0.6562616993276935,1.7685425729267323,0.9796631534311118,0.2000000099681217,0.6454652235655842
11,-0.1101632200730887,0.6869750381918219,1.9100661734726767,2.059331729908041,0.1999781381493047,-0.111068429215963
1,0.0551914560455074,0.1345445213880861,1.706789986291204,1.5205659453081064,-0.1998648789674689,0.1910158849446193
42,-0.9540259335997804,1.214563568313607,0.8043843443181853,1.1717373550552714,-0.2000000095175176,0.0376714473612429
1,-0.055471138048237,0.3644612054517845,1.6081205988910536,1.5595331222959412,-0.1949056173371019,0.3713584382690961
10,-0.1137091217979813,0.5361792480807749,1.96726660872947,1.952108866009584,0.2000000099542152,-0.2701230049696729
6,-0.0586470650315046,0.2617480135232414,2.0139553575452904,1.374549485447547,0.199946478967665,0.2848150420655208
19,-0.400959171043557,1.4151404531159475,1.5444036843862872,1.6603387448169926,0.1998776560875214,-0.0699580853848352
42,-0.8852092317667837,1.3538108945847551,0.6536128679898123,0.9654358854274944,-0.2000000099480579,-0.0676183936720865
37,-0.6651835359396993,1.5202666760489112,0.8974260846760611,0.8743808100008109,-0.2000000083339691,0.0774617488149132
43,-0.9488758556298892,1.1400512055219547,0.7460658506963331,1.2882455575076897,-0.2000000099587641,0.5517025983524938
14,-0.1875698510495707,0.9603861171601462,1.7606669968881985,2.0261790309850385,0.1999311961920515,-0.1212834151222114
20,-0.3998786513323221,1.4774310804733637,1.5141924257066588,1.6435964382041748,0.199983237286634,0.2060953312632578
24,-0.3302013257101854,1.9363218694813853,1.2292293655362467,1.4472029048186963,0.1999343978646975,0.0645908016129134
40,-0.8759821439833261,1.2484899168981134,0.8268982032921652,1.05040802732603,-0.1999999916117863,0.1661827466996442
11,-0.0907595635616827,0.7546316099578024,1.9445523815837245,2.0424178015713808,0.1999914399707738,-0.0650909588466988
14,-0.2506756299428279,0.8883370257908337,1.665667452910219,1.8184422679487853,0.2000000099658589,0.1670334035869359
47,-1.080038181923323,0.6769223237427074,1.605667141326938,1.258910840739812,0.0631424669366124,0.0930197225747732
9,-0.0883618960651926,0.5948333932569964,1.9732202748444416,2.083619137533194,0.1999197097502461,-0.2577583026118316
32,-0.4713184820564945,1.7734954484117678,1.4188658195224146,0.9778898098724744,-0.2000000047296445,0.0622574444046591
8,-0.0712370491031312,0.4746733489463135,2.0376834141774425,2.0810931036308054,0.1993437897838831,-0.3319640318369786
46,-1.0205268610686455,0.8952068935949326,1.252142566670963,1.3604452440115395,-0.2000000099699818,0.0874706828868491
36,-0.6627580428901311,1.600780270316139,0.880111345150743,0.8025806371036482,-0.2000000094848784,-0.1855067543168009
26,-0.3552425428698425,2.164583942596691,1.2740845205870013,1.3782063130305398,-0.2000000056344109,-0.0042792465454336
0,0.1000000000000001,0.2388888888888888,1.5707963267948966,1.5707963267948966,-0.1997944314823915,0.0370911470647881
41,-0.8651228610806322,1.3073894993229198,0.6712917434109591,1.064319002767996,-0.2000000099616224,0.0689404773167746
5,-0.1004335080215881,0.2538434280544095,1.55393781239656,1.56592401682624,0.0882864719156634,0.5385590206175124
7,-0.0714219151882254,0.2384035912017957,2.1387807140734534,1.5290295366906692,0.2000000099575062,-0.4083018826247109
5,0.0323799381280888,0.2237355956519533,2.163664803900991,1.3755471953099114,0.1999173745572801,0.2271688339953911
47,-1.0505171872290808,0.8568175708602751,1.2748852046814303,1.4165613327150084,-0.2000000099965056,0.2845105166299297
23,-0.3902354767212536,1.7397751578464171,1.3928780230369906,1.557884569206954,0.1050532281696537,-0.1107133900058903
3,-0.0565452107472429,0.239095744533431,2.0018818686392645,1.405804303414337,0.026086605029757,0.1457651651948053
9,-0.0659472037207709,0.4798634540060487,2.0516556399550776,2.0268008653195038,0.1999789675571789,-0.2019064264402152
16,-0.234104602203815,1.2783427783082992,1.7288655574109892,1.955999212344585,0.1999930566997884,-0.2526915350805774
24,-0.3904154744912682,1.7842928577077102,1.3686451288547854,1.5690324659173205,0.199721568204341,-0.1683530609495867
12,-0.1884149284112898,0.6879740663586411,1.8024000647154192,1.9748199325213835,0.2000000099504005,-0.2194182035437359
27,-0.3602511111476086,2.0422231046665145,1.3699181983855109,1.298450543996187,-0.0394421352724267,0.1201177957464165
16,-0.2803480489133554,1.1074969653264342,1.6255867230382304,1.7930564778100464,0.2000000099456989,0.1780245546326368
42,-0.9127229503769204,1.3112956738846866,0.6575204926219325,1.0228894053823054,-0.2000000099277112,0.0080033823559164
17,-0.3456179428900846,1.289239416009176,1.6295545632627348,1.7385220781246251,0.1999713945557096,-0.1472276664274253
31,-0.4121678539272027,1.8866818255114093,1.4725437020965972,1.025656334969376,-0.1999816456525836,-0.2353314562045314
45,-1.0370145099295849,0.8874234576680579,1.14083265239862,1.4226029139241958,-0.1711279727372887,0.2940622510216221
47,-1.0682083223001255,0.7129750813968484,1.5004087361183505,1.343019168363328,-0.1046733374758503,0.1769310732719254
0,-0.0999999999999998,0.1944444444444444,1.5707963267948966,1.5707963267948966,0.1996243258761508,-0.4421779976392802
21,-0.4094765200967912,1.5137973229778858,1.5232090661909918,1.662034107320587,0.1621834244722541,-0.0661334026618455
28,-0.364164936078426,2.027088308048376,1.1762989806619029,1.3894105866896616,0.1999513286766381,0.4445214091590729
12,-0.1757272308172148,0.7741053727338745,1.7878685305502753,2.0042441909928286,0.1999924325425843,-0.0522784381426079
10,-0.0726299064156999,0.5580687370113367,1.997127772369657,2.0257026865780925,0.1999931517733341,-0.0849501996218503
7,0.0089614974148427,0.4242175892890041,2.253121619173561,1.7579655015341276,0.1999013820101522,-0.0687061203716983
16,-0.3334647336056971,1.339672333982535,1.6075792210784297,1.7609490984036154,0.1999435283804435,-0.084564951622836
21,-0.3390649233344491,1.5920935722975036,1.4872142831471304,1.6483611413991572,0.1997094608138252,-0.1878799616650042
1,0.0778759117268336,0.3510417817841662,1.5989430705693106,1.56283145724733,-0.0367410543286572,-0.0965943236570598
8,0.0067839588031878,0.4933478426598273,2.2184494147684912,2.0286933145631534,0.1999842632676707,-0.2092729261969609
19,-0.3889724369143624,1.5670449115504883,1.5091126720097403,1.674104295890596,0.1998708854139105,-0.2032809850959855
22,-0.4135350940519589,1.6436827458264376,1.4950333359327654,1.588478319777524,0.1285247297212462,-0.0896241949348771
42,-0.9428728150921286,1.114458991069625,0.7643728154387812,1.2163611308615747,-0.125421970221698,0.4358042743587285
35,-0.6202125219936302,1.686597501588016,0.9680090891805032,0.8926500928082419,-0.1999998334623094,-0.3048512670742743
20,-0.3551399777657776,1.5107235299219062,1.515869435915027,1.6919306054492322,0.028883354343039,-0.0916650198928394
48,-1.045745218696476,0.7200217508327782,2.212239439659987,1.14230057685747,-0.1818928918916795,-0.0606599317723676
24,-0.3887941175801654,1.7650172148530725,1.3585497560587267,1.5502780399586704,0.1999074859731019,-0.1597207157653715
40,-0.8841350927609152,1.2582348163460564,0.8540633161045248,1.0156482732484922,-0.1251795491414672,-0.2053463868380342
19,-0.3705575766264022,1.4511930889764304,1.518392370143209,1.6764074697633284,0.1997089548613082,-0.1930156118878906
0,-0.0777777777777776,0.1722222222222222,1.5707963267948966,1.5707963267948966,0.1999327429187181,-0.1437248075601391
28,-0.3693376549148559,2.009070584230141,1.3830803605404238,1.286964443593824,0.022264495412744,0.1223246978904608
22,-0.3791800381376242,1.5701502491156656,1.4608967872944216,1.6359393706872012,0.1935467328545341,-0.1435921684727887
28,-0.3582623759567005,2.1034615517843926,1.475604855516229,1.278341775492209,-0.2000000096401811,-0.4204022794257243
28,-0.3345912719806464,2.0118095959712528,1.422790058949266,1.245711546072452,0.0769970184896298,0.2003082852154658
19,-0.3622754787251319,1.4379508995234926,1.5666299882021288,1.6682623508601688,0.1998457655026517,-0.1194716704758332
3,-0.0468081078133983,0.0575533915416706,2.019026220836912,1.268164938217498,0.0333609064912781,0.2257871047566627
16,-0.3138156015600992,1.1249624859910126,1.595373393097196,1.7526738749468194,0.1999864706479061,0.1136181999035246
34,-0.5670489766847261,1.6507372641524314,1.0826528529312949,0.9312931806662316,-0.199989424743267,-0.0167087065833867
38,-0.8440989799426059,1.368350862972831,0.8235582469316911,0.8339540584691286,-0.2000000097549651,-0.2717100128755146
15,-0.3259306205806073,1.0634866497222983,1.6215243556347174,1.745523596805675,0.199987113081115,-0.0326702375949137
0,-0.0111111111111109,0.2833333333333333,1.5707963267948966,1.5707963267948966,0.1193790211321792,0.0225090814272034
22,-0.3415831466082512,1.6716580738063,1.4178045513716082,1.6336348810210677,0.1999663589189224,-0.1684448979294188
2,-0.0258014983121651,0.1794944024451627,1.9127742509034016,1.311143313686746,-0.1697967179385932,0.0508788932684182
22,-0.37662448846686,1.6114607413095314,1.4657331305232386,1.6244806325657064,0.1778212052794476,-0.1219076682677475
43,-0.9449463374371893,1.1870817560988212,0.6969684128934133,1.2283748078189642,-0.2000000099263894,0.5078250565230419
20,-0.3948355962977518,1.581243134807602,1.5013175896045308,1.6492896466678757,0.0221861333519172,0.071315811669022
22,-0.3769918888673914,1.6448715123262034,1.4403441409256796,1.610860432235986,0.1380651108325375,-0.131199199256824
40,-0.919311555985628,1.2683403087651628,0.7713238197055201,1.094592761689387,-0.0656102134958281,-0.156318870108147
25,-0.3404365389437617,1.870479139909745,1.2682889896121363,1.46671657251308,0.1999848509442179,-0.1078104945384735
14,-0.2553234225943913,0.9209907985089324,1.7107517654683928,1.8861405838235408,0.1999835535275545,-0.0858235642042914
5,-0.0982782290948,0.4084643158313591,1.8710497944292168,1.4972342114130126,-0.0476864533357884,0.2574875620133327
16,-0.3329137390791105,1.2400952045536715,1.6268928414818389,1.7616538588444677,0.1999744691901371,-0.1826369360062273
21,-0.3792173343391686,1.6172717039523117,1.4573359871890883,1.628681027009855,0.1998036066818175,0.1145926021107454
3,0.078038531477888,0.3491130777478993,1.6202350156989436,1.558600930019754,-0.19993279518312,0.4311228536187013
1,0.055535983405501,0.2820334188236,1.689526499309812,1.5307920488039075,-0.1999095351035795,0.1145900694331282
48,-1.0613749853898389,0.6996731837990986,1.431143087656808,1.3315515402883205,-0.2000000099646235,0.4664162960505547
47,-1.0561224999859922,0.7014047522948237,1.560566592090998,1.202077316096486,-0.2000000097831155,0.1459714927609241
41,-0.7677089751770383,1.4651287300269356,0.8564415785873036,0.86966986835569,-0.2000000099944268,-0.2624020935913839
11,-0.1374884915047894,0.627355977110658,1.8489074754205088,1.999755468538169,0.2000000099577606,0.0257256431483314
21,-0.4064706257400211,1.5390020599910588,1.504661147543464,1.6471420770589325,0.1191419381779933,-0.0682559257141538
5,-0.020160975526483,0.2254262056850453,2.1183157871153693,1.2824471021379136,0.1999319644758597,0.2504502287897699
40,-0.8748936645228933,1.3632459691214986,0.6626593629505972,0.9494821058156212,-0.2000000091649885,-0.1256168162900496
8,-0.0936949685871377,0.3539811356801535,2.138402291333282,1.8462753846903048,0.1999887773522709,-0.3316269505814337
24,-0.3492216668255659,1.7686090407900716,1.3368736254659035,1.574503677906758,0.1999918475723739,-0.212383358346882
38,-0.8034837209182093,1.4722961528159535,0.8664304922011237,0.9157291792417948,-0.1562491342898264,-0.2949689373053321
42,-0.9133358349942678,1.165906940253557,0.8341401937094073,1.0795719122440883,-0.1999999863725911,-0.0648077683025142
23,-0.3267185879680582,1.7485012355990364,1.413512303554688,1.737428646570465,0.1998426965870526,-0.3701071476345864
16,-0.2821610497512601,1.0969246709452125,1.695871071019445,1.888024602638124,0.200000009993051,-0.2432980851358529
26,-0.3310760895569726,2.0396568566415345,1.278722665596222,1.361958247477398,0.123642623234015,0.3418587171073092
8,0.0566618786207536,0.4495961921319815,2.2837282683268363,1.921466248734537,0.1999726863360215,-0.1205982887099843
24,-0.349361441236739,1.828347466906736,1.2528369734671454,1.5355964251398924,0.1999662142965413,-0.0116625858488752
13,-0.236384559067994,0.7938038556591381,1.736638986566339,1.9010864269371384,0.2000000099932184,-0.1794786674780069
35,-0.6755111760783918,1.5490105380055217,0.942806939165039,0.8703358484864698,-0.1999307962998989,-0.1727465270375845
1,0.0555283673081474,0.208828237276826,1.5909265289690833,1.5637321045815384,0.0869327997759073,0.0029180059865259
14,-0.2510816817538024,1.0618800481071482,1.6686869087305407,1.836109595761234,0.1999919539037166,0.141199672131365
23,-0.3800670892606064,1.7351976128705018,1.391157110282455,1.5939595814711516,0.1814855517848147,-0.1120474356900671
1,-0.0779362460813457,0.2248970484247218,1.5348567525532584,1.5804259431913197,-0.1997478293988856,0.3638914042292372
10,-0.1742104061206562,0.5812205782452657,1.8143921805830847,2.011393557209797,0.1999475910304844,-0.1516399390391281
28,-0.354268290092703,2.0223422415591235,1.394916367257939,1.286115813818853,-0.0265330262176095,0.2760520351721315
31,-0.4073532532362506,1.852521491915196,1.5141790649530034,1.540656771686132,-0.2000000099343528,0.2635719960616729
16,-0.3084622010429186,1.0994626997418293,1.6678087013450007,1.7952732979895067,0.2000000099420703,-0.2312939524482485
11,-0.1646583365016342,0.7910998038087051,1.8380931663003304,1.904175248084498,0.199939395645756,-0.0034630007355855
20,-0.3389083566127869,1.5072763012506485,1.5419965172794203,1.6411143688914378,0.1998869370010638,-0.1355937604986163
23,-0.3031131721832461,1.8109002049135468,1.389123429605041,1.6954721138432487,0.1999484641106955,-0.2832395480614623
47,-1.0389175111349007,0.7386159199330589,1.4241748503002516,1.3118100453450288,-0.2000000099185223,0.5110379581504014
1,0.0102443898547403,0.1347439542240582,1.6903489540007453,1.5204350653354326,-0.1998965283403362,0.3051877914086002
24,-0.3762697910074125,1.8726914806677923,1.3646728406336646,1.6204735585082624,0.0215396795318136,-0.3296428780432476
2,-0.0093068031196316,0.0826514015696224,1.886545601826629,1.2795428829058344,0.1606687293465797,0.2895703311037449
10,-0.1190231291864248,0.5447725600960507,1.9272800805654864,2.019373198042443,0.1999885295677931,-0.164283710764224
19,-0.3920690647835645,1.4136020322579526,1.5516877072539668,1.6753650407598846,0.199931197118441,-0.0320781408031724
0,-0.0555555555555554,0.2833333333333333,1.5707963267948966,1.5707963267948966,-0.1999378520243627,0.4261357562079712
30,-0.3848532560757776,1.8888887298012909,1.4834945174541811,1.1057827519092922,0.2000000096499181,0.0375230500894986
25,-0.3749260473416818,1.9390713559291952,1.206998330601726,1.4678638366524388,0.1997726841019584,-0.0836662380395857
12,-0.1601144985990348,0.8162988121219529,1.808312018462692,2.014171265042565,0.1999764045175187,-0.0230225143088853
6,0.0792488457659954,0.3966418410830657,1.7745881053295474,1.5316369533614211,0.086764914422264,0.5184644736544466
32,-0.4571957548515333,1.7701582124144666,1.356702865162168,0.9421488491318504,-0.0477572570318601,-0.4792743983208483
8,-0.1119681532339708,0.358518713640252,2.10888430575398,1.8062417187384656,0.1999843978227697,-0.284679006366126
17,-0.2467933925976462,1.3152881443363211,1.6436424861338477,1.8566420195754016,0.1999711193505121,0.0887143985959639
38,-0.8353257956456006,1.312156199418803,0.7526832977917532,0.9356840517933892,-0.2000000095734133,0.1934600535665531
8,-0.0947071440364392,0.4209994284578833,1.9796311716225483,1.359944114617297,0.1999605670040335,0.2204119129811561
48,-1.0282848824261013,0.7135573782591002,2.0847234773125987,1.1635067553845553,-0.1801112623384479,-0.0589046986526035
13,-0.240031054786532,0.8475107937748573,1.6719925189998488,1.8482312272044312,0.1999739363095855,0.1503661328272043
17,-0.3539449755314609,1.2861637547810088,1.6061076196518282,1.7132119078216996,0.1999740528604282,-0.0698606208320691
17,-0.3148667288893999,1.2280390284765572,1.5908675203707556,1.7411824152109263,0.1999715124338401,0.1839041395667318
49,-1.0337339836586936,0.7042796748158604,1.975034103789601,1.1600738297545423,0.2000000099908337,0.422070017788854
39,-0.7767508876832999,1.3695200310702609,0.9273266019907336,0.9501383082885708,-0.199999990988125,0.075420807641904
43,-1.0018345228562104,1.0874181432286962,0.9496321092036109,1.2925086495547824,-0.2000000091402819,0.0708312486155171
33,-0.5203525067052076,1.7322665421901997,1.1272915383193896,0.9160684251545146,-0.1999817807253574,-0.1263523792816422
12,-0.1536649293507437,0.7021614174014494,1.9380760575321057,1.9037745219496125,0.2000000099933651,-0.2927947191799558
47,-1.0448019960694404,0.7230989325280941,2.224819985279117,1.1415656397865168,-0.0849638071085749,-0.1768254097791028
12,-0.1357489483543021,0.7729089650601306,1.836741545298372,2.024013439999332,0.1999931264023796,0.0154196368176828
14,-0.2432522130634353,1.0377812859429916,1.717049076648236,1.9008131240466093,0.199972103995684,-0.1114875980309425
9,-0.1166440153947019,0.5117242590180412,1.9272032464530808,2.0159021608000907,0.1999663420025277,-0.1330115820195845
31,-0.3963034610475885,1.9137773733410168,1.423930493244205,1.0134932289824017,-0.1999863106737549,-0.1990303049700422
19,-0.3057479810957895,1.4187222278209377,1.6778432325002302,1.7797982405202024,0.1999101536113975,-0.218342829020163
42,-0.977815751822793,1.0556891178817862,1.0219565497168557,1.3490788299663086,-0.1999999885640416,0.2285319019002545
17,-0.3384474589775542,1.2052808308657548,1.5688808123257498,1.6880641794551008,0.2000000099481429,0.1962497200231779
36,-0.7073443068853807,1.5940995438017829,0.9534103098001818,0.8968561580548299,-0.1999999863976053,-0.338836054928655
2,-0.0633328582365545,0.0666527569556295,1.8505453998830657,1.3957091517596194,-0.1812029699278894,0.3283757874510362
24,-0.30233311003782,1.853672904096431,1.2771849716689925,1.6876813188349826,0.1999908284288127,-0.2566431225509584
34,-0.5730047561002442,1.6947970952595903,1.0239029536631443,0.8163213271513334,0.1999503718238767,0.068244949488672
11,-0.1871952808628339,0.5945980936793299,1.7655863213029246,1.9965024523281203,0.2000000099514884,-0.0495306535309921
33,-0.4455106922666637,1.7885556446799078,1.4194439696755747,0.9654796435891642,-0.200000008956165,-0.1048265448325449
27,-0.3082476493483849,2.101564556192391,1.3546289997783043,1.3035970695253964,-0.0975124281431453,0.2741311358101996
39,-0.8686540785611219,1.327952381277122,0.6534458333199579,0.9837500004686784,0.1806909768135411,0.3222838080948697
49,-1.078529290357121,0.6411830113738608,1.7512453404870971,1.0541670424759908,0.2000000099621091,0.7060634521174599
31,-0.4148482223907942,1.904470112739788,1.4943760419872143,1.119250822483364,-0.1999229830370729,-0.0466033703037957
6,-0.0069290622635052,0.2227415357326296,2.258748688795839,1.6804111641503272,0.1999324750371414,-0.0358662399470277
41,-0.9035318447955616,1.319163571299742,0.6653232584383826,1.005219179269897,-0.0445332771860933,0.1613783381183314
8,-0.0543523283024941,0.3201614616381698,2.19124307210115,1.889869470090488,0.2000000099929253,-0.4932731034581179
31,-0.4101573694489634,1.8429249380268584,1.456487470367227,1.0271615669559886,-0.1999920275989699,-0.3439528159148388
30,-0.3977520030681248,1.8793653451690104,1.468293205895696,1.0643973672373184,-0.1999825048000837,-0.180638828005246
6,-0.013081757957379,0.2912832309177284,2.270696311633296,1.727289233878312,0.1999594667128615,-0.0600443870223294
0,0.1000000000000001,0.1722222222222222,1.5707963267948966,1.5707963267948966,0.1997793340465271,-0.3401533708222552
25,-0.3419885366598527,1.903157069304908,1.1621268401530127,1.483220379238498,0.1999792628936734,0.1361135782385187
6,0.0168212061248723,0.2300167056027482,2.320415855446134,1.557223089588024,0.1999722560658845,-0.01952096433939
3,0.0509716151062371,0.1109104542056337,1.839115676530872,1.428153829640235,-0.1065929352694592,0.3600727359402515
41,-0.8464352759645665,1.3630419417335884,0.7009085883341515,0.9656274516798364,-0.2000000099231246,-0.0911202035073733
3,0.0162173706451182,0.0904181661153733,1.8981142724540567,1.3006607839820163,-0.0608398484509831,0.3895432186093274
41,-0.7281515889253556,1.441656752327276,0.9087476852026324,0.8577755620021473,-0.2000000099881188,-0.1380276106482699
25,-0.343444581672903,1.9753183938101568,1.1988920802858214,1.5443358319964833,0.1999455577477333,-0.1612646038357371
21,-0.3805355836928848,1.6237167236461467,1.4537948938694338,1.6239766089433552,0.0679190592884044,-0.0703935181553841
25,-0.3989493589652695,1.831361596638067,1.4954358703133206,1.5692065255952403,-0.0299432500565247,-0.5326001776432714
3,-0.0064350823565078,0.0613527433988466,1.9480748653841733,1.1030740815338986,0.0911300511279196,0.2420269659135258
24,-0.3789413386491996,1.9093654490816867,1.2968452210214476,1.5291650735463094,-0.0218018137984828,-0.2271094026433369
46,-1.0155563086172537,0.8434732116040344,1.375533975511535,1.3386765041709452,-0.200000009958763,0.0357392113031947
35,-0.6409830393049165,1.6100649077949325,0.905356636052862,0.8750207909659871,-0.1999858935693415,-0.0643602650325752
22,-0.4241785347417677,1.4943984868844142,1.6072030561652522,1.7636467607968316,-0.1330149609787978,-0.176936889345234
17,-0.350991966920167,1.3264814687139477,1.5972308973458151,1.7270345803265192,0.1999516675646591,-0.0393473721473416
35,-0.6046370632219357,1.6405495468717632,0.9307447959896216,0.9230385280249082,-0.1999999128909434,-0.0048511968479561
45,-1.0008829174054548,0.9108907590827572,1.1016062750157456,1.332717853261571,-0.2000000089404677,0.319576343291406
33,-0.5224942017416203,1.74115555832938,1.164629642075461,0.912068048369934,-0.199992778650077,-0.1358219570878566
21,-0.3330287591291277,1.5530132735129272,1.522621460372675,1.7544459900351974,0.1999021640483791,-0.3547761323367459
27,-0.3203495888727461,2.0037531888113644,1.2138341153648238,1.40199009768923,0.1999905649553516,0.2552232597598992
39,-0.8560657220283561,1.3384834423194765,0.6753304356954535,1.0543209376996614,-0.1999998883019813,0.1166162810503146
18,-0.3334462254787095,1.5028757191955868,1.5426364401963095,1.6618923850873422,0.1998873322773983,-0.3613857944691617
0,0.0333333333333334,0.1722222222222222,1.5707963267948966,1.5707963267948966,-0.1999191914261852,0.4067251853888183
34,-0.5671984338912582,1.6754105377941118,1.1409173245218138,0.9073384117649564,-0.1999860168838278,-0.1905975443252973
34,-0.5576842975100729,1.6479430407219755,1.2139791502293686,0.8959002620401961,-0.0474045089890911,-0.4041800209591339
41,-0.9344479032406968,1.269629871126092,0.6792163225498538,1.076613790817055,-0.2000000099396186,-0.0064791706351116
44,-0.9392129566395004,1.266569101525305,0.6732130917396884,1.0906111018021845,-0.2000000099901757,0.0359692441755878
12,-0.1548865260845338,0.7953808249585944,1.7828432443228106,2.0230188596747527,0.1999790138515708,0.0491114794519331
5,0.0379137704043021,0.1115436608582614,2.2938817227866988,1.430844272515287,0.1999899433092608,-0.0412260159999282
45,-0.98970916125394,1.1106156187439913,1.2473183973368231,1.3288298355806671,-0.2000000099971814,-0.0689831600596936
31,-0.3780674268801014,1.9846904268060672,1.458312009521995,1.2386612426845045,-0.1999999391355285,0.1314772950874498
23,-0.3877326352771787,1.707967088352366,1.4111085022476058,1.5685112529784724,0.1283569910239818,-0.1471140148496477
5,-0.1076654014267334,0.3537702966326817,1.876320696923144,1.3175687134113852,-0.1172854613440973,0.2705750155532394
0,0.0111111111111112,0.1944444444444444,1.5707963267948966,1.5707963267948966,-0.1999403285461828,0.3746942485993789
16,-0.3163365157443246,1.1717816675982913,1.6356469315856392,1.7691492898937589,0.199955615737426,-0.0956836680332231
18,-0.3175434759139774,1.2676708699967572,1.5897359261896948,1.6932978792607896,0.2000000099944018,0.223144266074071
33,-0.5170791370962947,1.756589041927578,1.1066245334830622,0.8433489507241798,0.1999997010875384,-0.2998611962250316
0,-0.0333333333333332,0.2611111111111111,1.5707963267948966,1.5707963267948966,0.116202589184499,-0.0235042319116032
2,0.0775517549850269,0.3690204539695763,1.5510662543263771,1.5732528404244197,-0.1998782823099132,0.1024071847524188
15,-0.3077611088608835,1.0452108936627649,1.6328335430551255,1.7899562076132385,0.1999718062128071,-0.0358840187935724
12,-0.2004342900086279,0.8294791691187666,1.7693854021516184,1.9998980170864864,0.19997082117,-0.1467120088732063
43,-0.984163692759393,1.0281469018561635,0.8161000838610311,1.3021172612286125,-0.1999999764175991,0.3261894189177469
0,0.0555555555555556,0.1944444444444444,1.5707963267948966,1.5707963267948966,0.1995388147093179,-0.2005827059243218
42,-0.922041761050836,1.2145506992212634,0.6732395485131346,1.1632314162550623,-0.2000000079600721,0.4443551695307067
43,-0.9800587077787192,1.057751006118199,0.8981519272471896,1.3506156770189557,-0.1999999363306938,0.5045013697678615
17,-0.3263995633791811,1.3782823453914324,1.6356110639346184,1.742692396861727,0.1999565573223267,-0.0638444387768091
7,0.0467787046468651,0.3518004980853678,2.276739102924201,1.81490660521208,0.1999759777541506,-0.0595502500428781
0,-0.0777777777777776,0.2388888888888888,1.5707963267948966,1.5707963267948966,0.1999070639965726,-0.2955083059516239
39,-0.8351322517177515,1.3200394486289475,0.7612179341402392,0.9442629172517752,-0.2000000057488587,0.0816850685625589
10,-0.1552618197399466,0.6933644203222689,1.9331074404206607,1.8979657490890205,0.1999183506802989,-0.2432087136223441
46,-1.0204306736121522,0.8275409787802778,1.4910683915605984,1.34927166199953,-0.2000000098769576,0.0030564750457952
8,-0.0854355053927635,0.4092560782166777,2.0717745880272727,1.9890056601888173,0.1997578062516285,-0.3637743233331619
38,-0.7644668480601142,1.490120390661429,0.7946037846293788,0.8206026468139158,-0.2000000097657176,-0.164847211523348
22,-0.3756120503707627,1.607874295499103,1.46490948373941,1.6283419631150826,0.1801840212448194,-0.3577774464201699
5,-0.1009172554467961,0.3590809862139777,1.5739193792131283,1.5152045421779186,-0.1472985726981427,0.4299841422782964
48,-1.0782203750105412,0.63878498561614,1.626958209236861,1.1250872707587494,-0.1324189396475597,0.3083047866889508
17,-0.376075892630838,1.208133288254855,1.600815543034349,1.7143617699226068,0.199970368105283,-0.0245958677834346
22,-0.3654362522530169,1.6595238095774658,1.4738223263924397,1.590148284747851,0.117429773108252,-0.184432440235437
46,-1.0529139220814263,0.7197120588701788,2.269913320490394,1.077636736506684,0.0841161837713672,-0.2070569989492649
44,-1.016174942108464,0.8671991878447711,1.034829671486595,1.412464290793788,-0.1140939529676486,0.5939446276252381
5,-0.032521781791193,0.2484623344658972,2.154186458387647,1.399772640472872,0.1999236923649115,0.2158463820058516
38,-0.7783220920430528,1.3952992881609494,0.846599225946937,0.8888249247399592,-0.1999999814459476,0.0648082204065114
39,-0.6378621503038077,1.5353127304734189,1.0207106127080063,0.870919692961202,-0.0904422828283297,-0.2451322729611857
43,-0.9539301739353468,1.068835501164481,0.9060865445670228,1.2344175129771917,-0.1999996945965672,0.3360804264110137
5,0.0784926293815076,0.3363479350706704,1.8434350612249712,1.4909541312644847,-0.1892315623251815,0.4274441281766385
49,-1.1018095406477175,0.6374528133715346,1.734419916817222,1.11439292225228,0.2000000099499971,0.7231921279426807
48,-1.0419275594595498,0.7231615341485361,2.332542789229427,1.093384819096637,-0.0876262692482619,0.0312258667580126
40,-0.8689668663578487,1.3731521741400323,0.6610339442875723,0.936139953912838,-0.2000000090255134,-0.1300815147152002
23,-0.4141267683670526,1.6895233096376647,1.4300779635694365,1.609033088085759,0.1384756386339136,-0.226597109737686
36,-0.6596344045890554,1.5223309443102906,0.9054196710374692,0.8710944917120541,-0.2000000078230385,0.0876265985924147
10,-0.0900390922550955,0.6649896027030814,2.139122212975555,1.813521294804227,0.199964075164673,-0.2091417220534467
18,-0.3636892136487641,1.4160236303306826,1.5975384318490384,1.6448430275094978,0.1863957241096856,-0.1212165499483416
8,-0.0511229854218742,0.4503360243697107,2.16057459364203,1.9367723580447225,0.1999478588148689,-0.2495247626911828
0,-0.0999999999999998,0.35,1.5707963267948966,1.5707963267948966,0.1861652483164012,-0.4493625833132407
6,-0.0880651810524279,0.1011015739114969,1.904340968528066,1.348007611254193,0.2000000099641694,0.1363731821447473
24,-0.3760852602733407,1.8644307760443708,1.273639858761106,1.544701344067329,0.1642934404643422,-0.1735861882844669
35,-0.5797474764885459,1.6839398075767265,1.0235822769489626,0.8197050402156157,0.1998946507685076,0.052942544293013
35,-0.6205656748799653,1.638140414835064,0.9353008897002976,0.8725046902296997,-0.1999999244527331,-0.1858630548447375
25,-0.3810936428708192,1.8616522219511304,1.2679764601078372,1.534725740386992,0.1999573479313777,-0.2206041171298595
2,-0.1011417530908479,0.3220078764222453,1.4655828113344054,1.5838788357037514,0.1709125831317959,-0.2119244981777543
29,-0.3709994985273803,2.062501314369743,1.498663612702165,1.2371885400265323,-0.1999945355407641,-0.4172554717426834
26,-0.286899446325986,2.1603545328433293,1.3624446774509291,1.2980448016451769,-0.037210982941286,0.2100956146413229
20,-0.3910278554424724,1.4847073491478102,1.5381875234332425,1.673026775419434,0.1422718079524032,-0.0362727548517256
10,-0.1731634138013838,0.6274849765547882,1.825062264749084,2.011054487871361,0.1999774522526592,-0.1601517527660185
19,-0.3703201127416944,1.4812070338489989,1.508750713491116,1.6810571881266276,0.1999027592152553,-0.2090734598011947
36,-0.6288476147346114,1.6357033364629652,0.907356501617704,0.8011515333978407,-0.2000000090593243,-0.2533556879176084
39,-0.8500412168297344,1.397518124247568,0.6787224608149867,0.9060831856871724,-0.2000000099325441,-0.1960025341198341
33,-0.4679907541245507,1.7906705446091753,1.4242276894536356,1.0119865874367129,-0.1999999339337634,-0.3212345170951656
22,-0.39853835663503,1.7734541421657557,1.4926643642273287,1.5959173172758048,0.2000000021352825,-0.4478572998249601
27,-0.2950143538301946,2.1433064101492687,1.327076525488172,1.3030755271983083,-0.1390675968582282,0.2643876065460193
12,-0.2256451843537887,0.6779005621370402,1.7785103256490569,1.966305574590316,0.2000000099528526,-0.2847931658532609
4,0.1013613538161162,0.3199282835911828,1.718881613635693,1.545434811621149,0.0002845441945977,0.3042612502543003
9,-0.1038806836066686,0.6110262111044336,1.99733163143066,1.995378430117489,0.1999509012053095,-0.2906024012734959
23,-0.3700638672639275,1.7545652942286618,1.2968329892533943,1.4964470556621507,0.1999200705789019,-0.0082730542208985
18,-0.3885156284646422,1.31809039414838,1.572966252514396,1.6868093817620506,0.1999863827188596,-0.0559629862551475
37,-0.7437606984302041,1.4882027873157886,0.8793766944720902,0.8658634744804232,-0.1999998946824234,-0.3098191247113595
8,-0.0070571165585088,0.4170512311254774,2.2192976559188704,1.8455152714613183,0.1999895567931191,-0.1089879254687808
26,-0.3731181825389847,2.0005313381484107,1.2323700125005583,1.4670280404680944,-0.1078929868504644,-0.2348279862242836
8,0.1041367548447734,0.511599548274408,2.0312829921629767,1.4728145709810974,0.1999804463074328,0.0474280902796147
46,-1.0453014481665317,0.7196356052877697,1.3414529606659666,1.3676292492968272,0.2000000076102844,0.4817657632231746
28,-0.3029447662146506,2.116246262742949,1.45500506559876,1.2434672042659285,-0.1999657896957593,0.072336645587073
38,-0.7819457427255799,1.476735464210038,0.7654056931522231,0.8240302518779897,-0.200000009854487,-0.3148587586953434
29,-0.4005721257646761,1.914526941689268,1.5071270736542086,1.1388487024583076,0.1999583346915499,0.1013489692128033
14,-0.1345998313377425,1.0114184694465764,1.860923495689943,2.0750317645043674,0.1999908552764669,-0.1906560521030878
8,-0.0202557879581155,0.3748289200947595,2.160291695096765,1.9246208580801203,0.1999751548610503,-0.1165025704178993
5,0.018344419983812,0.2108760054554357,2.287360132732664,1.5722923574760808,0.1995955075026445,0.012647286188621
23,-0.3779771905371323,1.7362707829410065,1.3539693904128358,1.5507478223125122,0.1998257325484798,-0.3268135910840489
16,-0.2856519215418592,1.088189740464458,1.6796398321774344,1.841388473295008,0.2000000099417558,-0.2363406775466734
27,-0.3093875054619384,2.1028275763361552,1.3576030927386622,1.3011271697020972,-0.1067872527766735,0.2597382695071856
43,-0.9851785071713848,1.0292783002218602,0.8409535524994896,1.366183814659904,-0.1866771261854841,0.6452318732316275
13,-0.2631521260235932,0.8823564140882741,1.700170622267995,1.885890403496442,0.1999898730227586,-0.1175668401837201
8,-0.0433922634252446,0.3614651056710072,2.1980633112278323,1.9392902526943288,0.1999830298530696,-0.3414309272815969
0,-0.0999999999999998,0.35,1.5707963267948966,1.5707963267948966,0.1861652483164012,-0.4493625833132407
1,-0.0781433924116282,0.3056137486472837,1.6615546057608466,1.535914452899172,-0.1998928938885921,0.2960516516973345
33,-0.5262865994407624,1.744612719852336,1.1057111072030406,0.8428586499750111,0.1702956410261037,-0.3069779114139134
45,-1.031707555583063,0.95126380564096,1.0953994217005114,1.390400860377301,-0.2000000099540099,0.4160333829732052
1,-0.1002667418197879,0.2645368276860938,1.5287954519179203,1.5805592197958596,-0.1998693860317039,0.319003545796083
29,-0.3429190399399777,1.9987596918665265,1.4259149926390986,1.211120569813371,-0.1999821060783141,0.1132148357864537
46,-1.0179615927422958,0.7864427453963073,1.3261864642289023,1.3924351297054074,-0.0120532201638694,0.4990717330929281
21,-0.3841877324972807,1.7236115193111714,1.416032032170568,1.6096860259401222,0.1445137737375542,0.1468682783645486
40,-0.9103952993886688,1.1938033808228172,0.7726319200035672,1.0413128269719687,-0.1999992907659223,-0.1319551145431207
0,0.0333333333333334,0.2833333333333333,1.5707963267948966,1.5707963267948966,-0.199758804513895,0.2845145501032434
22,-0.3846331032371655,1.6467830274841664,1.4413313577559332,1.5998192712427508,0.0988942920592589,-0.1842730061150245
36,-0.6591804881739707,1.5335385033442717,0.9104250455882889,0.8736880653059048,-0.2000000095045668,0.0897689508989986
4,0.0138589542231185,0.0731042879863128,2.1798546696689467,1.4363284624211237,0.1988751508632411,0.1669257348636867
7,0.0125315687465511,0.4125126273870214,2.267299928763185,1.7024741442158469,0.1999240291238534,-0.0511817063948817
34,-0.5759993035894017,1.6912579787467037,1.0196287567403657,0.8161045676409738,0.2000000096005442,-0.2114716676506799
6,-0.0481098933978867,0.2551819554308808,2.191640594103609,1.5436977372324787,0.1999548667635339,0.0539446965335509
2,0.0554053631548661,0.3710378226346785,1.7645832757141928,1.5036229693496188,-0.1249357771893323,0.1905433634426819
45,-1.0008743866572634,1.010193472658906,1.273442934986061,1.332785655879654,-0.2000000099963637,-0.0798639444388723
21,-0.3386061475052199,1.558509556443475,1.5101556303587298,1.6482956994705018,0.184677267605839,-0.0941959362319228
17,-0.303216307703325,1.1629997719372072,1.6041385876622538,1.7229319490418284,0.2000000099730153,0.2149373116217252
48,-1.0398548713473337,0.758405120062138,1.2464783872154095,1.3472087405696662,-0.2000000099956245,0.6545543738811131
7,-0.0993603402813407,0.4665992459201529,1.6226952458408217,1.5594698153338056,0.1998707728651496,0.4653108164103332
2,-0.0069174357147191,0.1377046018155815,1.8914835611966,1.295301585028631,-0.1612466605578552,0.1268451178186621
7,-0.0751575285902697,0.309551849460801,2.1462907577541213,1.6832658197958126,0.1999644536810353,-0.0350962846117509
35,-0.6280689434837391,1.6149679923619134,0.9149810689568494,0.8813016681953647,-0.199778008626132,0.142028608528368
48,-1.0744204730375593,0.7032902969063252,1.661998921134744,1.275724719436731,-0.2000000099770604,0.2383838360516098
48,-1.062022361633042,0.6861745401737376,1.634889238574777,1.1474524789868097,-0.200000009994503,0.3519963106075705
37,-0.7204577934750693,1.473949370835277,0.8539035574080223,0.934705939248968,-0.1999999222207673,0.0977866763814562
0,0.0777777777777779,0.1722222222222222,1.5707963267948966,1.5707963267948966,-0.1998398960524347,0.0661424112394177
34,-0.5024123278187891,1.7137822456579592,1.21558798576263,0.910952129685772,-0.2000000092854696,-0.0852791439094298
38,-0.7922113039880622,1.4429162654449903,0.7729587808384464,0.8911198103730601,-0.1999998915636887,-0.1561801308945689
0,0.0111111111111112,0.3277777777777778,1.5707963267948966,1.5707963267948966,-0.1997446137441849,0.4020960407179578
2,0.0176748040417152,-0.0129363753887874,1.9770302633431296,1.2745132924927085,0.1999053038580553,0.2543644438193849
24,-0.3668873093291107,1.9391253923838376,1.2248964654889445,1.4490043647395752,0.1997639027069851,-0.0253629361837995
49,-1.049097184417938,0.7256081682014885,2.26253225753573,1.109800247379851,0.200000009746197,0.1698903450464088
35,-0.6212869709880798,1.5685953904543806,0.9744586768236498,0.8654631468351777,0.2000000086730556,-0.0224586763943931
18,-0.3905954955015391,1.316071311357606,1.5725040035930018,1.6897920818508696,0.1999727291569671,-0.0440374169720611
0,0.0555555555555556,0.15,1.5707963267948966,1.5707963267948966,-0.1998930286589152,0.3064476115556164
7,-0.0316580719138047,0.2795907152902935,2.20127156103519,1.6848921539037875,0.1999918599526416,-0.047921692038666
2,0.0457257977708025,0.038508051746114,1.952035532393728,1.3337987427877938,0.1152104414858052,0.3980994107612079
26,-0.3222402626999445,1.962124884500192,1.223035012432609,1.4428652192807616,0.199991382977145,0.0003417021456654
15,-0.3227235210015513,1.1181023198574638,1.635115479179893,1.7793409198974228,0.1999790519608699,-0.0849241360660255
11,-0.1715454355080219,0.6105820360328759,1.854050795608435,2.045923917591859,0.2000000099572448,-0.3183393381795169
27,-0.3249159109082426,2.0644425042406525,1.3854255126825863,1.3128975500713531,-0.0468881075853289,0.3147783953292636
7,-0.0992403565507163,0.367133593308681,1.6150613325324397,1.55344559275997,0.1998721642110837,0.5197241064877913
41,-0.909444120111392,1.203464872580383,0.7539920267558999,1.086527252233176,-0.1999999837906053,0.2096771100558301
26,-0.3379416202552182,1.9655426972416816,1.1238394575801234,1.4422952806515468,0.1999746335086038,0.3982927051850327
35,-0.5525401409375785,1.649636148184672,1.0825679200377802,0.8862958735372268,0.200000009769722,-0.2343941076558416
19,-0.3275627898377815,1.4401961897404352,1.5681907879796366,1.6795079278081206,0.2000000099369705,0.2913976870467637
24,-0.3723924041293164,1.93598750794674,1.1694489727404456,1.499133436862225,0.1999069117212917,-0.0199149853025993
29,-0.3520247118312998,1.9983914135288403,1.5494443832673794,1.21116308917427,-0.14033030986329,0.0252611194729369
13,-0.2179766909647168,0.771141093144117,1.7805030504849295,2.0294774181787925,0.2000000099625601,-0.2856648920058733
31,-0.4111794174704706,1.8863049629357536,1.553578378309818,1.0342522879819445,-0.1999913550359671,-0.3054103451157176
1,0.0984807705753711,0.3482515930941874,1.3793822934504485,1.6090380338280754,0.0692240681430706,-0.0727718812309471
41,-0.9458085471792794,1.2134237778118917,0.7861153381553034,1.1557420722596132,-0.2000000091247522,-0.05404952451531
38,-0.8000980232303043,1.3711125848916594,0.7823218608888918,0.9576648028613824,-0.1999985656184136,0.0881733267150356
19,-0.3934453688862682,1.402465298632681,1.5557813002404313,1.670518696850345,0.1999231684023346,-0.0253430585306657
19,-0.3439450657463699,1.3783364167639065,1.5201357389476635,1.6607086281713024,0.2000000099455864,0.3685303689325822
47,-1.0382888710010592,0.7429601854970429,2.397939265766416,1.216076596385877,-0.2000000098936243,-0.1736546148656195
29,-0.3761423784028781,1.9669123219865767,1.508544041835938,1.1909613147453648,0.1064545634122128,0.0447891377342944
13,-0.2615308543458349,0.8876155773864884,1.7037356394019465,1.89318605096131,0.1999775514469961,-0.1254821643705494
42,-0.9036270204051098,1.1737592805783206,0.8398258844998221,1.0633531572531896,-0.1999999954234192,-0.0604520427216959
47,-1.0549384968264903,0.7020967889874624,1.5552338129517178,1.2043187484631304,-0.2000000097897923,0.1513086547757723
13,-0.2237032437298664,0.9248663297782324,1.73565831879643,1.9344795068648573,0.1999493850651656,-0.0995939993932535
41,-0.8830021278534377,1.2959125380206034,0.6534690934399383,1.0407964526709834,-0.2000000080532855,0.0353620427207343
25,-0.3680299847497105,1.9206472703343704,1.1985314647343497,1.498891223937031,0.1999175793404563,-0.0673573623195586
23,-0.3467913663662456,1.6708783757056798,1.3983104089882712,1.6012275821947983,0.1999848194240152,-0.2575664356485314
19,-0.2908451257020151,1.452699951160353,1.6447985927250723,1.849358578232541,0.1997741224159005,-0.1077160019657927
26,-0.3275516517996455,1.9881665876942327,1.197442234554563,1.4077838309873616,0.1999906001222862,0.3407133849511124
21,-0.372896052763572,1.761772417821835,1.3216082314637043,1.5583892055654254,0.1884763248928488,0.0747229445614027
29,-0.3568292402591645,1.977992650589256,1.5773425931682463,1.14402721614429,-0.0517766134222959,-0.065226093134754
1,-0.0999160607131723,0.3599621633211439,1.623360008993421,1.5544195522291613,0.1716124940628864,-0.3746226378569362
47,-1.042564507069057,0.8376501829847602,1.1192683717843632,1.3433260709112744,-0.2000000099974172,0.3825099155356037
46,-1.0728216761356162,0.6731421422731879,1.6998762796309332,1.0931243444561611,0.1928768583554879,-0.1340481226202104
7,-0.051941014479523,0.2677625050421566,2.156088833757911,1.6873075324505455,0.1999792392708431,-0.0326265284316584
32,-0.4372592124022025,1.824435263849268,1.4834496221181492,1.124662044199978,0.200000009793229,0.311640993944089
21,-0.3396238897870682,1.5357681788722894,1.4687511781838278,1.658378228252959,0.1999672009625514,-0.0086709983492313
34,-0.5275518444133701,1.7291042000879184,1.2402824657645564,0.9362494736871454,-0.1999378000354056,-0.1222753884712765
2,-0.0080805785265761,0.058359402586797,1.9421894858267643,1.2586030303613498,0.1210260234938463,0.2624797528422012
45,-1.0011831307918262,0.930307326440783,0.95355519751576,1.3227369331010734,-0.2000000078638267,0.2933557720109564
20,-0.3465230044245447,1.4740736032451691,1.4817690598454814,1.6437118343091026,0.2000000099150911,-0.5635211879272828
8,0.1006092629540172,0.4398127231789204,1.558956698575292,1.5541960762026252,0.200000009949783,0.6492426941712748
0,-0.0999999999999998,0.2388888888888888,1.5707963267948966,1.5707963267948966,-0.1999399601009763,0.412871109669042
18,-0.3211735874142306,1.2716538944889644,1.581368216374193,1.7178777644311471,0.2000000099675642,0.204294194323315
49,-1.073154208010485,0.6625830756941891,1.7499003258243624,1.0653407977081264,0.2000000099061525,0.7087534868518864
10,-0.1432772460462583,0.7483422032670257,2.0391398398813347,1.922391859795356,0.1356952649098249,-0.3095975254646015
8,-0.0771442323209943,0.4571896818640394,1.6468735943224768,1.559217594113233,0.1997350776720068,0.5071668813808518
2,0.0978433553849295,0.3587513093664232,1.3477406458897985,1.5809767263207497,-0.0098519319262424,-0.0194165838814688
8,-0.0224503438134299,0.4566158091406806,2.198048703817171,2.020242477910039,0.1999226507640217,-0.3463430525379832
22,-0.3819831661470285,1.6886068382426909,1.420829881974731,1.6020575004427084,0.1531207847605159,-0.0646196523519023
18,-0.37403689099152,1.4211549692666825,1.5725752981987338,1.7208119899000611,0.0817032568435695,-0.0442624415628952
42,-0.9667570075941042,1.0677992352190768,0.8818169949968941,1.2656935330185124,-0.1999999850972734,0.3660158958092896
20,-0.3058815223247105,1.5141441999722869,1.686253936412772,1.7670709979666002,0.0599825883407022,-0.2108684303718666
21,-0.3513877262274597,1.5640957831276616,1.533169539715999,1.707693401138227,0.1948717792618704,-0.0923291325001694
33,-0.4985114383521397,1.7767924374494122,1.1619405905392508,0.8636543741998794,-0.007347054514063,-0.3728124936823022
47,-1.058250633427556,0.7704682280063763,1.486667570718799,1.3812572439150324,-0.2000000099373649,0.1634969979710121
14,-0.1653562640555772,0.9589895419283426,1.8207444378255868,2.031715829933214,0.1999955404290085,-0.2197153746686717
18,-0.3805247762847473,1.2364680272825626,1.703923643627439,1.82028864241204,0.2000000099968659,-0.3004322171275467
15,-0.2857079049361455,0.9767267820697292,1.6601512553778033,1.836808105572357,0.2000000099932153,-0.1067040557674115
25,-0.3978448627294966,1.7864182186808757,1.4924379541215045,1.583870726435057,0.2000000040169728,-0.5166654034190056
1,0.0321625982898812,0.2133539323346663,1.6922371248391013,1.516569836390523,-0.0837492877944568,0.3206983675042776
34,-0.5838611637459136,1.6875422701738956,1.1026721510936204,0.8565506689946919,-0.1999569091725835,-0.3061658589487326
10,0.0157843258690765,0.6191394902988119,2.2145008945745728,1.980918062775585,0.1999823468406519,-0.1320522259820424
19,-0.3308882566138456,1.3891617609523257,1.5778462226178984,1.657251811569798,0.2000000099482481,0.2820742325243827
22,-0.4124761629963516,1.5928084108898617,1.498632446923528,1.6204414791839463,0.1855669694823686,-0.1270277858824686
23,-0.3708313246381557,1.7171050222367363,1.36914943645035,1.5682876634396816,0.1999148906868175,-0.1269967610945166
29,-0.3919681640778256,2.0213814767203138,1.5408683280136923,1.183791020534999,-0.0533451513035502,-0.3922343793286184
0,0.0555555555555556,0.2388888888888888,1.5707963267948966,1.5707963267948966,0.1998516155651503,-0.1585819396226601
1,0.0999520135708532,0.3626168145445487,1.561069079735551,1.5733140137086192,0.1302855432465786,-0.3298994107172433
43,-0.8825693694204366,1.306727840385746,0.7663491385104755,1.015618673640028,-0.2000000099948061,0.0650509624826851
19,-0.3673237754026786,1.3710053674733187,1.580078558125768,1.6592768469149348,0.2000000099354325,0.0565859960506933
24,-0.3788516880842197,1.86757909754874,1.2628188850965838,1.5256339823703264,0.1235637789360374,-0.1569073064737908
15,-0.3149301319251713,1.0451192627518835,1.6156182046439085,1.7733142732997056,0.1999725290094657,0.025909244595363
25,-0.3724630938301335,1.8919837687665948,1.25658010571595,1.5098560255199591,0.1997734613654412,-0.1978723312604595
27,-0.3300811874657228,2.144238180028609,1.316910148659025,1.33608647256081,-0.1999697993025601,0.0669143133882843
25,-0.3585639322763412,2.014777920980637,1.2423974173751215,1.512543806408939,-0.1999136296616966,-0.3044389046821129
10,-0.1612557745524641,0.6243994148288274,1.84786202112702,2.01839877315214,0.1999764842688186,-0.1771818198635671
26,-0.3282672182474775,1.971729624241698,1.2223362709071974,1.411596900936217,0.1999904593171877,0.1316731540745406
29,-0.3202953346914326,1.9998162802433368,1.107543566324983,1.503868024276757,0.2000000055563225,0.3423717192346828
26,-0.323527471618619,2.1357004580902497,1.305844425915085,1.3381074297318412,-0.1503002041741839,0.239866259304951
48,-1.0423852319313616,0.7568136916803887,1.2501770677652695,1.3490905556586514,-0.2000000099955443,0.6492051876319336
14,-0.2951442676875762,0.8457066190456358,1.7701885002341609,1.97177160853704,0.2000000099968331,-0.2811602968880944
48,-1.0642323839071273,0.76368915026927,1.4882377172496657,1.3746140180257962,-0.2000000099727263,0.4101710091487368
32,-0.4306150109020441,1.855475414763824,1.4664934585478644,1.0649735811760166,-0.1999999084768526,-0.2500536824182846
18,-0.3665788073481652,1.4310955965431624,1.5713766972210743,1.7043090741562503,-0.1999701485701579,-0.0063437089891683
24,-0.3470239209488541,1.8545917913762693,1.2585144946959357,1.4832361955957596,0.1999467106556577,0.0077421304594762
9,0.0782243088668938,0.41760936534309,1.6441033194449286,1.5430727411876837,0.2000000099785494,0.5583140948782699
46,-0.9786305869564887,1.055083472943005,0.8265952794489007,1.190464471821585,-0.2000000100007281,0.2728175232997128
4,0.0444866594638261,0.2557645329100789,1.9842456514623503,1.307022340323544,0.1536108946997246,0.3038331928648309
1,-0.0998561216848414,0.324463137420416,1.6204369562354426,1.5562871522853563,0.1735046349873255,-0.3884644441624125
14,-0.2240627607110356,1.0467979396210052,1.7136977674685197,1.919313488302836,0.1999911771766954,0.0366889527026718
43,-1.006162477685543,1.063342083358641,0.9684797498073916,1.306786393454402,-0.2000000089844403,0.0589318886699178
25,-0.3604492159705217,1.8862119495797969,1.277709634043175,1.4418198987746358,0.1999500315063386,-0.101585981625882
1,-0.0139539903158057,0.287615466291004,1.7868370870735983,1.4656825914988905,-0.1873245652425933,0.1729482582806494
37,-0.5381008280118069,1.6846103333947444,1.0301255016693776,0.952448227850509,-0.2000000098975094,-0.1827946388807474
44,-1.0278882618235463,0.80337175652087,1.2304277616229395,1.3559607475001347,-0.1999999586427631,0.1307689200411428
41,-0.9607625216589684,1.065910262985123,0.8365266258504729,1.2737542454350748,-0.0090396936292527,0.4075608560687537
3,-0.0304777123696765,0.1348581739698577,1.9754903251912928,1.2394661567473912,-0.0047927218010635,0.1080790447800977
37,-0.7158634743398357,1.4771660306909926,0.8593983002069845,0.898343671864413,-0.1999999755638369,0.1305441969066822
10,-0.0668237683022342,0.5920153356881458,2.0850483625958343,2.0331495969107025,0.1999766173861944,-0.3790662154832606
42,-0.9826653098335212,0.9827045353216745,0.9696191335704664,1.3501440926230712,0.1463924408986481,0.3741357211162104
30,-0.4268965805612705,1.9878437789735108,1.554868952431951,1.1191123657439075,-0.1999695617256194,-0.3237577651041041
2,-0.077821410649253,0.2211817563420489,1.600840044268642,1.5592859041658875,-0.0542319354856163,0.425818565898632
24,-0.3851648756169057,1.7459208310777394,1.3838161444899182,1.5569089325308116,0.1999254547429749,-0.2061464880450145
4,-0.0246206305576273,0.1166459904725298,2.122001187005316,1.2355598761575748,0.1240006685319968,0.2227006654238673
46,-1.0575457181831394,0.659321132470036,1.465423410047218,1.3226412753674477,0.2000000096227599,0.0836142845918112
5,0.0119206953218129,0.2420732930788924,2.192642749347959,1.417710259067584,0.1999430609974901,0.2076685028936499
1,-0.0795694540249202,0.3843628069142705,1.390188662971334,1.594724908263491,-0.1013882065864919,0.2261568476579057
21,-0.3802879140091996,1.6008270019127293,1.4637397425856928,1.6236600701558583,0.198978656317017,0.0506777292594562
31,-0.4006326492987243,1.8546856231834,1.4964299323644976,1.5776410522283195,-0.1455903482753026,0.2868008272989089
6,-0.0977511096318906,0.452424645612891,2.188779809572969,1.7031739493326317,0.1993337354831822,-0.1908725563405362
0,0.0333333333333334,0.15,1.5707963267948966,1.5707963267948966,-0.1998855370646332,0.3758363301168786
23,-0.3490228369506913,1.761783293280063,1.3300302224841456,1.585525650590318,0.1999412823337413,-0.0886778350888137
6,-0.0253704463424948,0.3446001304474797,2.267519080140863,1.6128825659986066,0.1996168533569505,-0.0312646991673293
34,-0.6615641243706375,1.630515328631478,0.937162303426538,0.90072170852849,-0.1999498400725256,-0.1809555850830038
42,-0.9411630333935171,1.118909865580543,0.7463102425124983,1.2066062607742916,-0.1431432726976931,0.4438701734661037
19,-0.364408481612708,1.5533903176320278,1.5070334748285878,1.6703508360058366,0.1145877173705738,-0.3357238809349089
20,-0.3640616126787917,1.4477219737457705,1.5622954788294177,1.665320177472965,0.1996833424843258,-0.1746619120353324
3,-0.0122334974636779,0.056794017958936,2.034453914561544,1.180199813718396,0.198610416126359,0.2990190454298491
36,-0.6592492200102539,1.5528964431684196,0.9686422482874876,0.8964717443052996,-0.1999999215321115,-0.2294773817589302
46,-1.048760971119873,0.866013170876967,1.2644323195007183,1.425107978505374,-0.2000000099229189,0.4175997694737822
32,-0.4054376989052389,1.905699538542336,1.399987525367413,1.243066203309941,-0.199999985478742,0.1697473664004771
5,-0.070064090062053,0.3238877628387624,1.9165935879399667,1.3160004719868383,0.1167493177376891,0.3088856299727192
7,-0.0108345694448003,0.2820826552558815,2.2866679365423064,1.9228991220542764,0.1999781824775046,-0.3141358840963054
18,-0.3286753971675671,1.3253487756625466,1.6477955228868888,1.7272493080666798,0.199949653119363,-0.3279983700908894
28,-0.3626597353551918,2.09369469258785,1.4959391886976103,1.2660613004668422,-0.2000000093362436,-0.4386056046654877
36,-0.5707340023165933,1.680920118325599,0.93334952715526,0.8893648585619037,-0.1995095432602497,0.1184877272451287
16,-0.2315424731809942,1.0627989462544811,1.6899245726552348,1.922595418522136,0.2000000099573684,0.0845851367804511
7,-0.101388559945954,0.3061153732993203,1.648628112920795,1.5192440438916204,0.1997994058593484,0.481737863069563
23,-0.3707634078089093,1.7114908155872304,1.305516299690776,1.600090160688495,0.1999813866154316,-0.0579030977753914
38,-0.7724492368152585,1.4901469328822057,0.881607093909059,0.907208725405143,-0.1999998837282647,-0.2877392672679849
4,0.061072622217948,0.137846073741832,2.2469510296967368,1.4578601762492494,0.1322220646712577,-0.0512058618792236
45,-1.056823308254401,0.7754774062964639,1.2122343211111168,1.3534470312342524,-0.1999999760181886,-0.0437685393418752
47,-1.036138566684384,0.7541532985781835,1.4115645411100726,1.2933877019442437,-0.2000000099678494,0.2713409004850267
33,-0.4885280712146921,1.7665093127011329,1.348793135085378,0.9640920575866904,-0.1999620658022911,-0.0302485109037561
16,-0.2588303106862272,1.2141643526857882,1.6441314230349402,1.844010534728576,0.1999902225797933,0.1247916752736446
32,-0.4606377208093979,1.8553194009445155,1.4244689271909683,0.9788807157248444,-0.1999185945626304,-0.4661300831037256
41,-0.9128645359067438,1.185653418425266,0.6858027326550822,1.1161891972419826,-0.1999999775908958,0.3967683951519449
10,-0.080764959062437,0.5140930018678626,1.975666799643312,2.067693920948887,0.2000000099521861,-0.2806518122845793
5,-0.0343622342919771,0.125096268838638,2.151752517619405,1.3764852336833076,0.1998771746216777,0.1633534717366006
2,-0.023805036750356,0.2169574003673523,1.925272868075643,1.3212289985256676,0.0151740943270141,0.1799339649028244
47,-1.0643214024498104,0.7024821351389298,1.5824128995325903,1.2079898928009305,-0.2000000099680491,0.1241071964788079
28,-0.3896174713637327,2.0965103409631203,1.265278765061174,1.3928172057648731,-0.1584940448872102,0.1337106504751237
39,-0.7255727442593732,1.4460223677252373,0.9063349338856082,0.8573137586191601,-0.2000000099556193,-0.1272839011643
38,-0.7964962158251097,1.3634636595469838,0.8280922147121768,0.8946687561302122,-0.2000000091909181,0.0928926604681785
6,0.0771630719447802,0.3237470372996754,1.5897087986257414,1.5533606114086158,0.1410366512788207,0.6352402045709822
45,-1.044199178672173,0.7257113999306652,2.2461183770236115,1.1281480685561731,-0.1444306522745799,-0.3321147255953643
3,-0.0474818007505167,0.0637943133862619,1.9937891075995309,1.2718664172652634,-0.0036019331357858,0.2325142719392698
17,-0.3113999119654462,1.189143197147344,1.5952653708544116,1.7460565686267857,0.200000009959455,0.1771573527095639
23,-0.3491589524037187,1.7144189382367392,1.3616426746037344,1.5887766577032096,0.1999795592550056,-0.1560080856195357
1,-0.0558907385032684,0.1717593276986194,1.6517501036312918,1.5395925170578617,-0.199870005458228,0.363200621859003
15,-0.3168461547092736,1.0455138107627018,1.6231663429967251,1.7748157552429409,0.1999671397144045,-0.0372071643033806
27,-0.3581702819803141,2.032376496769079,1.1783586154368262,1.3974364809038953,0.1999034864721566,0.2118032404793551
7,-0.0105012691586005,0.332724974866955,2.2163869152453284,1.891292471062535,0.1999540082076186,-0.1357199145549895
18,-0.3443658991886165,1.2508156199466272,1.5998508306827883,1.713240942930362,0.2000000099687425,-0.0107235189639149
25,-0.341519251416046,1.9391515932205847,1.138143134364162,1.4670865531476192,0.1999528910235666,0.2720690872587408
14,-0.2776306711950042,1.0106910865791,1.6816298263755185,1.8736630429939056,0.1999870954492709,-0.0821737923755123
15,-0.2516209910098124,0.9939705369183706,1.694965780773435,1.9077411865533511,0.2000000099527044,-0.1459018134723946
27,-0.3413457732792427,2.0490306712207627,1.2876061355699404,1.3471276600320008,0.0257037821268697,0.3683119946647585
36,-0.6657772218408978,1.5982885439206187,0.8764530094948153,0.8010858595440615,-0.200000009510148,-0.1848004786397064
8,-0.077371996445041,0.4128125792927426,2.0733845622832345,2.0195267241147623,0.199809496972316,-0.3658739007423355
10,-0.1507798372881602,0.6262816024028323,1.8700770186868048,2.024870982483115,0.1999365857604218,-0.1919365668084114
17,-0.3534089160995812,1.3125606062863917,1.5610880941288126,1.6977401332470512,0.199985808845836,0.0352979422287523
45,-1.0342874749088644,0.7702553656535288,1.3818178566220318,1.3510190528553296,-0.1999999858127356,0.039978955130434
3,0.0001962778984671,0.2290039436675572,2.014804513254438,1.2977555629529829,0.1127043416834288,0.1617898598729738
13,-0.1732742095288423,0.9005936608297471,1.7582433457162718,1.9879312983149808,0.1999772654247024,0.0591245308050671
2,0.078073262254365,0.3637749323396144,1.6513398076083998,1.548294919626274,0.1992194418674003,-0.053420694727751
8,-0.0884129418416795,0.3868106687812266,2.034152950251302,2.0012149009237823,0.199926191319159,-0.3043013832045415
27,-0.3473199673545091,2.0974246209407177,1.2646601694312434,1.3428438570955266,0.0038220311436843,0.2203740102209909
7,-0.0147910004499509,0.3355830221970204,2.2157611633327345,1.9111007611328616,0.1999121310397947,-0.160260474562245
24,-0.365165917218825,1.84854928090091,1.2696122614434562,1.4675361659610748,0.1999036461742353,0.0078002351645153
6,0.075439840689267,0.2962337804011765,2.128786124593484,1.3831131039002695,0.1999629650244331,0.2274306961451976
1,-0.0797447372242599,0.4511321843362235,1.372777857568873,1.597013385728532,0.0129815127683251,0.0136712449657505
32,-0.4421796667087088,1.845840242132913,1.3330633426692824,0.9152225134629884,-0.1483821853884975,-0.5079150726134369
9,-0.0671664969060855,0.4037866017245763,2.107308858135019,1.902627756610496,0.2000000099484546,-0.4132794757375818
10,0.070384156476241,0.6684713039865285,2.168636513003383,1.797319172942806,0.1999839358901317,0.1314809780788478
41,-0.8764043701223279,1.2411541088738285,0.8623222867634635,1.0678003637219062,-0.1999999892315254,0.159792008399457
23,-0.4075719727638296,1.7089340463397449,1.4930039616909363,1.574713251658485,0.199966821719401,-0.1560957210847291
33,-0.5149833538226286,1.7627654066603906,1.247131996786601,0.9154774201203048,-0.1997330673423483,-0.197386225727223
19,-0.3111275206460656,1.4722533752254332,1.4886318821937126,1.8011123965847855,0.1999672980572244,-0.2104085943084413
26,-0.3481149421064411,1.992477841240139,1.193064442073577,1.410317165595734,0.1999583025692534,0.1705278283525323
19,-0.3479709734479126,1.576772649042654,1.3487822510089624,1.721893848171488,0.0019556883754448,-0.1482994712661155
4,0.0242116323414212,0.1318758768068459,2.1204001838949065,1.2874363930264576,0.1997667899462807,0.2831099631711994
14,-0.2960279039035417,0.9652286576233092,1.6647074418750147,1.828620694641,0.1999738895518769,-0.0557196796655082
33,-0.5293239099815084,1.7228409111675298,1.2132606162366013,0.928082326500002,-0.1999733049838542,-0.1570732524171665
30,-0.3668711345764684,2.01043609152797,1.4832944104720822,1.2144143912625187,-0.199994501859652,0.021389613881899
24,-0.3463404540909015,1.805054333701432,1.2902646894243102,1.519325727451175,0.1999872009864148,-0.1392462749211509
45,-0.9460171276991786,1.0875952917280594,0.8338293666627745,1.1455586169116143,-0.2000000099925464,0.0607014286657817
36,-0.597905515278665,1.6490450898298312,0.8946102593349698,0.8901846604963208,-0.199982627939893,0.2073652363829516
7,-0.0321790331295671,0.4677185467200365,2.1919016698983054,1.747895026343353,0.1999777544300026,-0.0640397750814085
6,-0.0708594861990653,0.3928458694354257,2.116767139234815,1.5430262751188757,0.1997407193416305,0.1182464470094291
7,-0.07562181503981,0.3214532213707434,2.1574889217613613,1.8912408923731256,0.1821606812519052,-0.3333081668075929
36,-0.568410595943882,1.6770906757532051,0.9435749770685208,0.8925946630623923,-0.200000009128078,0.0877677189122055
4,0.0477654348264111,0.0768315634721252,2.066473019370113,1.3122437185485831,0.1984678801781199,0.2521894551258453
30,-0.3873923283954905,2.0298348871768312,1.5453626225378851,1.1895732596757045,-0.1999936403861082,-0.3078796160184983
10,-0.0789227705154052,0.5848729816298034,2.018026928621846,2.0766652389203664,0.1999633838232735,-0.3149357647524268
8,-0.0344199757211479,0.4653133233125833,2.1195272626963,2.08912377974857,0.1998158529088247,-0.350577503443319
30,-0.3725066193440878,1.9273647955667688,1.4576533074167113,1.1310184201507814,0.1999694671803647,0.2739136227265276
46,-1.035937932081667,0.9530532037497657,1.0594031708922724,1.403623296665988,-0.2000000098139594,0.3904084678422163
10,-0.1088397681096318,0.5479545434478124,1.8940100903299195,2.023737980709752,0.199989653311916,-0.006161047116412
12,-0.0523391532474083,0.7713540952892827,1.980698368826573,1.959916728892993,0.2000000099936816,0.1043767011377339
10,-0.0816731400206853,0.6141680217967722,1.9699469591167311,2.0648504861462977,0.1999877170973301,-0.1078768402353688
4,0.013092178865497,0.06994107558647,2.1920471201327185,1.4159286488417453,0.1999603375991225,0.208637529714774
21,-0.3808715953286548,1.515271890114891,1.5174396569516997,1.6295552981175898,0.0897446647685156,-0.0808787111388984
12,-0.135357350541331,0.7238630156506431,2.059257865944181,1.906068905052058,0.2000000099448066,-0.4155338655246104
24,-0.3736081678575972,1.8111643210250747,1.3204420552883365,1.563859833096874,0.1999179675159938,-0.126535216286228
23,-0.3104774983319959,1.6723712609621215,1.4460269893195967,1.7701042459930614,0.1999867487668605,-0.4592382000395465
24,-0.3795325929307621,1.9295694945676425,1.286342986920152,1.52366770066679,-0.0901653917952642,-0.2200012849887971
2,-0.09989340983266,0.1200851742849681,1.7735845438217073,1.320324134689578,-0.1996608658981411,0.1891519214369439
15,-0.2524950420597204,1.0277264944969868,1.6670760522272925,1.8692872142385724,0.1999918628310207,0.0997199575509734
9,-0.0270357506597531,0.5037539220372829,2.205668658312971,1.943269987228911,0.1999838738117795,-0.2412405914342751
1,0.1002064265495308,0.2745059141350737,1.667606339850698,1.5413268263189632,-0.1998385786485387,-0.0804047959206176
19,-0.3239684908984307,1.4324191822056225,1.535269078859363,1.7957953448012005,0.1999121413999666,-0.1891864455626622
2,-0.0384000369420925,0.1721007645614826,1.797149757933746,1.4411819676251725,-0.1999602716097542,0.2853470513526984
30,-0.3797742724794742,2.0722054657053914,1.3948763805117943,1.3616701437719698,-0.2000000098899243,0.1543923607999749
38,-0.7877397542192037,1.3731854161091006,0.8304865109410624,0.8813602375648221,-0.2000000090770466,0.023764032567258
27,-0.3061064149065591,2.1061344156137944,1.3623151900854449,1.2991798982726015,-0.1100509042572048,0.2542547167226918
29,-0.3949241012863098,1.9310772502689133,1.5072870152678828,1.1424310961471398,0.1992403107456586,0.033722432294538
28,-0.3372749366260801,2.124787286583242,1.3479437688973288,1.3136970801186072,-0.1998891018766668,0.0427541991495779
32,-0.466451990471042,1.8134796723094808,1.2784506204214434,0.891517718200776,-0.1071673727155944,-0.4629437352247738
29,-0.4138519824456851,2.008394648637432,1.5633822540428977,1.143402355431256,0.0880525694922275,-0.4133947488522901
1,-0.0148836182193754,0.1254797371548552,1.745107607045446,1.4728356002948404,-0.1998668772871173,0.3502977226379612
14,-0.270542591690351,0.9702197703343468,1.6819791129649744,1.8611568625407144,0.1999728918501915,-0.0674676962237369
38,-0.7333632283525806,1.4374005361528528,0.9034840996053556,0.86086674487499,-0.2000000097560894,-0.1461434387732786
21,-0.3218363443432876,1.5366112979155402,1.576141909788429,1.7639308337830557,0.1648754712446324,-0.1650567133307795
14,-0.2321671631712071,0.910044358954884,1.6804250563171248,1.886455975266908,0.2000000099933359,0.1348963263505649
6,0.1007299981068541,0.2611078148508584,1.65264176676539,1.5608751415932898,0.1600206418402222,0.4544141914690291
4,-0.1142451456540747,0.4337743738818627,1.667060178695321,1.3070332331850836,-0.10980900180009,0.4798543475128995
10,-0.0730463940921964,0.5557586400787125,2.0644139061358318,1.9928691788755084,0.1999975938570817,-0.2361441846191478
29,-0.3541408093927129,2.081235248747917,1.269416489699159,1.327521049427746,-0.0543935013732031,0.3594226158367634
11,-0.1403410315495783,0.6524977216910531,1.872116381054095,2.021005689082534,0.1999846782566471,-0.1326241115736189
39,-0.8376975138976216,1.4080043587389253,0.8086686256018023,0.9457650814574764,-0.0737348299918693,-0.2401635624892565
4,-0.0959102131630729,0.401097395900295,1.9627506556597087,1.5114847915810703,0.0133377928798767,0.2875093679415347
32,-0.4156739889151684,1.880406891005732,1.405662671723638,0.9716752212449072,-0.1999999079523826,-0.5285188288199223
32,-0.40642174249146,1.9168912948494,1.4782740334656577,1.185937775933275,-0.1999999406146199,0.0590218473710524
17,-0.2965580226058751,1.2430327433007755,1.6292760191296871,1.819282498117765,0.1999897991831782,0.0393908185104746
3,-0.024482753443514,0.0475422967207236,2.084258914985929,1.2560184897838906,0.0413129628386535,0.1787679486981862
40,-0.8788077601341266,1.2461148139866791,0.7057026671853404,1.0206590004473886,-0.1999999429141766,0.2059484643987429
18,-0.3327231181566022,1.297298518316035,1.5671707774188857,1.6959639616372932,0.2000000099504973,0.2148033548888765
3,-0.0641510696093459,0.1780654119415155,1.9638660113003592,1.337475428811873,-0.1169804260297848,0.1240226074715626
29,-0.3612687874854206,1.9904941791648167,1.5029681697727266,1.203274962668334,-0.0469410047752516,0.011393238741203
4,0.0095386118100874,0.0967648839065778,2.069088348340936,1.1920340886850909,0.1497461982270558,0.266323162085208
26,-0.3554646396979598,2.0639653687369948,1.2198300371554236,1.3702567014754234,0.1840883550949134,0.1535616970741005
16,-0.2547746223621355,1.1286605984874165,1.7041229783233742,1.9221149298014928,0.1999897224858634,-0.1847741994998644
23,-0.3845337439041024,1.736748230242639,1.3705475414779524,1.5611582709431655,0.1953683640790444,-0.0942123902589532
32,-0.4367016920572448,1.876514577438513,1.4527908182379343,1.0901831921452216,-0.1999999114427267,-0.1688395660490756
34,-0.6445031771480507,1.6708205873769586,0.9680768186834195,0.9151427050287864,-0.1999588583631512,-0.2050917879524728
27,-0.3241995207676857,2.050242572300326,1.2062761271980147,1.3577519356440475,0.1999725081153203,0.4171283740749258
27,-0.3672937827506914,2.104214216355609,1.254502118625913,1.3868712202279876,0.1411895396324743,-0.078710205063266
32,-0.4507998780483174,1.8350779138674853,1.3120604726162295,0.9079440406863076,-0.1571416232057894,-0.4910412162060097
30,-0.3756326454341094,1.9887671663390287,1.4504502984371523,1.2374416366171093,-0.1683968281918199,0.1817675608974349
43,-0.8894662897836964,1.3313520103920229,0.8128749104824404,1.0402203410542,-0.2000000099950941,0.0479518905188377
10,0.0871173400167019,0.7330974952004382,2.1382242972638945,1.808224795622965,0.1999758012373629,0.1647303296960272
14,-0.2805564043822109,0.9150887080624466,1.7132480266180377,1.9085468341991885,0.1999945592960881,-0.1345707690017066
13,-0.2249054991486966,0.8157895933580247,1.7367571415987353,1.942719032132549,0.1999987981694565,-0.1846542678992223
7,-0.0983882547122469,0.3859912908011566,2.1040528524440183,1.3605734381554124,0.199954027133749,0.1663449537709639
12,-0.2177763399046227,0.8138268178090261,1.745898631462131,1.970371670875033,0.1999708265604864,-0.1345828703747592
22,-0.348017938557522,1.666991476542614,1.4222416105356557,1.6131440354247308,0.1998642641476372,-0.1777977836793885
34,-0.582615546073056,1.683528903088189,1.0060877027597763,0.8121023171890072,0.1314482805827652,0.1624273151736138
29,-0.3498960147383028,1.990400162650896,1.5653214089880845,1.1977398187099992,-0.1493163883962414,-0.0093040969891238
20,-0.3658479041046751,1.6623756040714894,1.2701065760264307,1.6490256901690148,0.1959744713971562,0.1224203343990965
8,-0.0982759168849059,0.3947653829165693,1.751219262429748,1.521272352991123,0.1999609330617737,0.4153827889722103
26,-0.3075003854448418,2.1018155329811874,1.3459622236576418,1.3054083816700237,-0.0997469872509276,0.2875931994055709
16,-0.3010126546043424,1.140282626489735,1.6723208809879164,1.8097857681076304,0.1999660048975773,-0.2304044412082295
18,-0.3164131365294055,1.2595048202109662,1.5923074158516268,1.691536727590297,0.200000009974659,0.223244136612477
46,-1.061063598458252,0.7427432188205607,1.5104028108206131,1.3482364536449336,-0.146212599935865,0.2646437698408194
29,-0.3634396280091925,2.036920002095528,1.3757794695582728,1.291511626578046,-0.0933625222975506,0.2577231725287647
7,-0.044687598180848,0.4180918430708163,2.2145907628026347,1.825105533977276,0.1999471460033139,-0.1743017351552287
5,0.0988399986472412,0.1863923531904819,1.926510744788919,1.432165171498207,0.1997398553889113,0.2910423848379973
24,-0.3836286772388806,1.7336709281180729,1.3915171875294785,1.5678878040562627,0.1997396702366939,-0.2413677287601044
0,-0.0333333333333332,0.1722222222222222,1.5707963267948966,1.5707963267948966,0.1873025034042345,0.019629576024689
3,0.0774708815413453,0.3579169642640647,1.5384646664049964,1.5762400236746874,-0.1795679931930835,0.5755686820611836
3,-0.0673435262958784,0.0522050226415387,1.9779737154629569,1.3016853288175383,0.0162765469032973,0.2626750220914426
40,-0.911173069588898,1.28384969374447,0.7514265673842768,1.073970100405184,-0.0850870739099322,-0.1483406683302243
12,-0.1392213477399249,0.6956143718036003,1.9637278849866728,2.106261487125664,0.2000000099637737,-0.36907793332723
41,-0.952604954658818,1.1240518331835343,0.900978648415114,1.2674996209831153,-0.1999824110177472,0.3717016998890651
44,-0.9837017543004952,1.0275299574329233,1.018633223778783,1.3140723515714714,-0.2000000079790262,0.1073643130516624
27,-0.3060840249126356,2.102675860135072,1.3580714697625975,1.3021386614341,-0.0978876225861,0.274074677248794
5,-0.0067878405802405,0.180526936508682,2.0848052845915954,1.2322934967093873,0.1893526405508356,0.2085904404195333
7,-0.0109172749534944,0.3626799771589697,2.2296323562648634,1.707006125256944,0.199966110221341,-0.037307254588447
1,-0.1008415467116708,0.227886330011148,1.4525488997485976,1.5964923109216191,-0.0055373350607031,0.1654772967149263
15,-0.1906519414178739,1.0135116891270717,1.7906564893808703,2.0252576988892232,0.2000000099427919,-0.2847798415226621
28,-0.3484412894994909,2.060390134909507,1.42949027039041,1.272060293373123,-0.1238800109567418,0.0764925445697015
25,-0.3859880090386291,1.827760554916496,1.306921132900987,1.529244693364913,0.1999187535540125,-0.1960705321470515
6,-0.0276624932882223,0.1800974527532557,2.20391254971293,1.5182916540005806,0.1999979619496118,-0.0615712140843721
38,-0.7363696604783747,1.4329424928455878,0.9156138422575336,0.9370039484222163,-0.199999989184278,0.117029438344273
26,-0.348623634779087,1.9675828890970803,1.2579975330417423,1.3583580896972358,0.1999443193716955,0.2548559592816872
26,-0.3727346325421801,1.960468833072948,1.1686007986452918,1.4608187968478543,0.1999270280244784,0.0085998589175195
13,-0.1891019238703536,0.9597465051665848,1.7947935918953757,2.0196413942110265,0.1997414650397013,-0.2862684087799884
21,-0.3745869607920024,1.6699814081197353,1.4559623456731152,1.564459955446782,0.0473213320078735,-0.0570745000416437
34,-0.5513072108848308,1.7671313651901286,1.1321963864055018,0.9124799824903592,-0.1890868376623958,-0.1754737438878862
38,-0.8318164409354268,1.3254978924765914,0.765447431304727,0.9374642846231144,-0.1999999714780267,0.0919925894037271
43,-0.9945989189209348,1.088326635387858,0.9357654387739044,1.2783562685748593,-0.2000000085858226,0.0516614061401336
27,-0.3387510076358259,2.1925422455849897,1.2435590578850846,1.4116101751452694,-0.2000000092342516,0.2765789439644909
37,-0.7443805350447643,1.418823821569147,0.8909566915270428,0.8804969432258724,0.2000000094632911,0.006858641940453
14,-0.2933571515328801,0.9839370962595178,1.664095756658588,1.834659492416714,0.199974984805411,-0.1007461541847889
6,-0.0936123503814845,0.27905063828668,2.1327088559654097,1.6032358592175964,0.1585122083879685,-0.0050173328138646
8,-0.02796111345528,0.4069413473205758,2.168382645645414,1.9394958761445864,0.1999898315262445,-0.1503188818632213
1,-0.0780364097154803,0.2107412474689486,1.522556805112634,1.5829217508013875,-0.1997236852646717,0.3630271641284463
8,-0.128284632816314,0.6332304903732183,2.0092367651548724,1.85179017113716,0.1999028984638803,-0.1503400686214802
48,-1.074051512532156,0.7045317625522612,1.3900867580112557,1.3030338692080143,-0.20000000995157,0.5627607671333021
0,-0.0555555555555554,0.15,1.5707963267948966,1.5707963267948966,-0.1997542636124916,0.278074191517087
34,-0.5091966640975925,1.7153750076462757,1.1571321795370917,0.91632365043757,-0.094172510434481,-0.3368539356604578
23,-0.3328632518126267,1.812575501954018,1.442685934775744,1.7378342264695137,0.1994811210768609,-0.324219346930514
22,-0.3769764216370505,1.830349050221304,1.3170109103110177,1.550543177211937,0.1625476996089005,0.0332783743546105
22,-0.299254925746331,1.7926281230302952,1.3507628897812705,1.6456452484127198,0.1999654248227578,-0.1071925850701523
39,-0.8358955962962937,1.3381418945471286,0.7427047353897716,0.9980029833370088,-0.1999998849910073,0.1346033246210136
15,-0.3272524260626094,1.2908877544972284,1.638362114378486,1.76490439470646,0.1999748201085303,-0.1959312938711657
40,-0.888213230806853,1.229748870130403,0.7634661342003544,1.0213775885250207,-0.1999999012150027,-0.0859984512911277
0,0.1000000000000001,0.2388888888888888,1.5707963267948966,1.5707963267948966,-0.1997944314823915,0.0370911470647881
1,-0.0114623635496912,0.2990845606381256,1.6359960148718695,1.544751462689426,-0.0260685150669914,0.3986165169096768
49,-1.0722181523955432,0.6950313995383166,1.6435509930041174,1.2729206588515538,0.1461601615474093,0.9882246339625927
49,-1.0530731797888473,0.7022303297261334,1.5514577823367457,1.2045522492921317,0.0613940674708579,0.9626105531441296
16,-0.3300352310887316,1.1772806163923788,1.6524867574360709,1.7673234126704418,0.1999654620557438,-0.2025964941689461
33,-0.5318201571195859,1.73561443008711,1.1066499772158007,0.8414315803794414,0.1824292926863628,-0.3084552830887504
5,-0.0559754304039509,0.191124532844103,1.8517490374532084,1.470648518950289,0.0753293374016703,0.3317183580445559
32,-0.538863075200112,1.7988570607686207,1.1744903112438063,0.9230539241209236,-0.1925527921469359,-0.1954685910533215
3,0.0017885563197143,0.0941448874284408,2.063634813823972,1.2979243299226346,0.0367592636294885,0.1955915917043661
32,-0.4494916700825015,1.844864827994644,1.45868320479069,0.971374728525524,-0.1971923895655787,-0.3351204111458657
0,-0.0333333333333332,0.3277777777777778,1.5707963267948966,1.5707963267948966,0.1992797627007023,-0.2246322642711005
26,-0.351060357394527,2.1261125323624177,1.2124211835351328,1.435258104909581,0.20000000983652,0.1630267491144535
31,-0.4130680319540363,1.8745905613912583,1.4752286981153158,0.9928457422036848,-0.1999111151728217,-0.4582055513463856
22,-0.3871335355419997,1.617233626271899,1.4401203068580966,1.613028642697347,0.1732769360906016,-0.0903564817405035
31,-0.4140441591861501,1.8351599788783528,1.4505448984589917,1.0183713142983954,-0.2000000081405848,0.0400706475811743
48,-1.0403513773659685,0.7579430686900398,1.251020980128322,1.3483889959751698,-0.2000000099955864,0.6495511349030078
12,-0.1962646020065722,0.710048124976992,1.7461578446116786,1.898342361094171,0.2000000099545946,0.1185949013947322
18,-0.3136644445480232,1.3796791175506695,1.5843238095429282,1.717231620747293,0.1999641572209741,-0.0913357014875552
26,-0.3678045063702916,2.0411008722312194,1.218783133724008,1.4424903778629012,-0.1999942985171348,-0.2287474143880415
5,0.0075299249933925,0.204578839520082,2.170170114436422,1.3599338654598043,0.170846085989905,0.2001779642577721
19,-0.3409007686953271,1.420768414868519,1.5087435329940655,1.672770868545172,0.2000000099367506,0.3974217299305819
16,-0.3118620258657102,1.2139791203190182,1.6639551791038851,1.7994540408681765,0.1999685047266206,-0.2903584466149917
0,0.0555555555555556,0.2611111111111111,1.5707963267948966,1.5707963267948966,0.091965728629675,-0.1331491849660512
13,-0.235460170763186,0.905089608492202,1.758785386630569,1.9895404401282537,0.1997705901184581,-0.115687603136229
2,-0.0989265291006678,0.3727576916518544,1.772273720302854,1.5195949737145855,-0.1999004711406175,0.1050273492823305
0,0.0333333333333334,0.2833333333333333,1.5707963267948966,1.5707963267948966,-0.199758804513895,0.2845145501032434
10,-0.1169847160418915,0.6054147654357491,1.904658818796083,2.049542438287949,0.1999595807006954,-0.1240117891927794
27,-0.3439458112647215,2.0972943258854047,1.36436723271874,1.3148330523048175,-0.1915986639668991,0.0816885701989536
29,-0.3525844258720628,2.084803279633193,1.352442697682653,1.3085062850361768,-0.1999722409104319,0.2133563447191632
35,-0.6523256725641068,1.5582123315797871,0.939975175136004,0.9000836760134286,-0.199984224626205,0.059724806300828
16,-0.3299804006231663,1.2571662595753972,1.6456773887064795,1.7596712741002398,0.1999910758713298,-0.2125037608828769
29,-0.335871481575532,2.027943923028176,1.469603688516889,1.165260058788149,-0.1999770534372414,-0.0166897780264858
0,-0.0555555555555554,0.2611111111111111,1.5707963267948966,1.5707963267948966,0.1991717570528255,-0.1320690587486732
31,-0.3901574924967375,1.9056608996570528,1.5003263326969485,1.5559251444386997,-0.2000000099410206,0.2549151429367163
5,-0.053830681011343,0.1437696329314453,2.144016125300203,1.403778962210678,0.1997398858612355,0.1732617943910251
45,-1.0353730227018358,0.9568388967471154,1.0682232725110392,1.407837482331065,-0.2000000099556895,0.5036300003420594
32,-0.4554678668932814,1.8482936760515185,1.450344984917529,0.9804654938512246,-0.1999203451401233,-0.4021968000499714
11,-0.1358224414920376,0.7093429476738123,1.860934039488633,2.0834414249979427,0.1999664059894315,-0.1879431714723302
36,-0.6912219419226897,1.5700936871194733,0.8585555488851409,0.8035047907781152,-0.200000009705741,-0.124975676529212
5,0.0643283632998269,0.2448027375234872,2.261448682346616,1.557469248989173,0.1998984748163574,0.0780122465692071
49,-1.0965847361845813,0.6376668450126334,1.7942333641138415,1.08824896393221,0.2000000099926605,4.867653500142094
21,-0.3678501577015254,1.530287825613257,1.4955991702761988,1.6686459108716434,0.1998625809042263,-0.0278066324690857
47,-1.0465273021367354,0.7130525959267328,2.313303542384181,1.049459293738895,0.0270610124516188,-0.0977069950668621
20,-0.3570153721009849,1.5227859544200075,1.435635663267969,1.6642491067602514,0.1998535671496212,0.0403058420692688
11,-0.144148034218003,0.640384199706138,1.8121691579606871,2.006296993597769,0.1999961475239353,0.0472922617976692
13,-0.2602280290830517,0.9890664228443476,1.7298245663431029,1.941467052248118,0.1999336507889389,-0.3936817381333078
8,0.0832853360868079,0.4916470605427464,2.182618011781249,1.6342322764006605,0.1999849178855205,-0.0400281869954665
18,-0.2510690401168594,1.3268053046628565,1.6392033221807818,1.8555649172260429,0.2000000099465522,0.1927316253267237
27,-0.3165617440842656,2.0286486731785898,1.205820788690124,1.3887232667229596,0.1999861668429147,0.3962578911411021
33,-0.5286660958804006,1.7256338971840104,1.2237435924496989,0.93135872682979,-0.1999883832311547,-0.2083034390928524
31,-0.3747348353466344,1.986044149151474,1.4651673744109015,1.2371797801648416,-0.1999999272407013,0.1241778345793908
32,-0.4546561411704163,1.775193703812454,1.352879257002149,0.945750212132009,-0.0686152825671373,-0.4777051552553596
38,-0.7721618014919476,1.42204123764685,0.8707219111267182,0.9340491916966446,-0.1999999007367848,-0.0388401953701186
29,-0.3421890071425441,2.0026965092103195,1.421569694825683,1.222954758101712,-0.1999802361726233,0.1293573149176954
5,-0.0458641119405806,0.1656710808000692,2.118657567599092,1.2383641762750497,0.1415992003208035,0.1940823192179237
39,-0.860844510324074,1.2845155948880436,0.7612231532719473,0.991256005725384,-0.1999852779998692,0.014687658449173
42,-0.9518852832498916,1.087569513527798,0.8701050403204302,1.214645399688791,-0.1999999760585024,0.3254241586442655
29,-0.382846202587516,2.0242829632592936,1.5514730709281306,1.190247750256555,-0.1060271314578972,-0.3990137113227921
6,-0.01469615869467,0.2349283180729421,2.2176726842906813,1.7728768718440786,0.1999599524105377,-0.0594442890438512
21,-0.4051361635324667,1.5267590671382805,1.517397933700357,1.660282715192884,0.1956916384964124,-0.0986885774155634
5,0.0397093071875938,0.1609799469743896,2.2893425757673125,1.6060108933909192,0.1999878792954514,0.0517676823776431
33,-0.473021468585915,1.7889016696949136,1.1244626546789849,0.9712002457544736,-0.199999886148132,-0.0803758653055896
33,-0.5063952086090912,1.7073297168791288,1.1729257265713553,0.9094215708556714,0.0965430361622568,-0.3334840793071364
44,-1.0232974405604456,1.019500461383866,0.9923878545549254,1.3682724473254562,-0.2000000088931277,0.252573742261238
6,0.0554975037591928,0.3450859014360017,1.5669072764602046,1.5711289673200437,0.0908491027773802,0.564647060904536
19,-0.3377276321607784,1.5399378506527883,1.466745057204042,1.638842341627837,0.1998569461013855,-0.19478889694143
13,-0.1877682798721208,0.8228464720669892,1.760903121032987,1.9669442082530555,0.2000000099570973,0.0534060337450858
35,-0.6012236983999708,1.669126975531367,0.94477412576345,0.801837960648351,0.2000000088953313,-0.0722989381885735
9,0.0497143737950632,0.4889636431410875,1.9636239099557915,1.8815583505381268,0.2000000099596597,0.172940219430619
37,-0.7664613787011779,1.4140789343644051,0.8482366046544652,0.9245748356312428,0.2000000098024922,0.0450526056819096
23,-0.3807496863763669,1.8123062041473683,1.3345792415228228,1.545701935766964,0.19950099139584,-0.0479219999731924
47,-1.03056091027797,0.7225384898655215,1.428090409436498,1.3596773142486107,-0.1370230393699369,0.6548178366864349
49,-1.0391339752263435,0.6910813371683077,1.6628926108267643,1.249930699518916,0.0990655786837787,0.8998214602229266
22,-0.4048443911234655,1.6216041065379043,1.4663370261576514,1.6301337998492498,0.1358469222983738,-0.1499258286973276
31,-0.429524208753788,1.874298489927456,1.4664303018387894,1.075145851807828,-0.1999745642801014,-0.2182844236507367
20,-0.3464975183973084,1.4361946323061678,1.494071957716022,1.6355366984468631,0.2000000099160926,-0.1586413763852413
24,-0.3877425095230623,1.7757971688310543,1.368118253597293,1.543480196575511,0.1998655579048982,-0.1632212572304729
31,-0.4000439899184358,1.9083956304114544,1.4549228279527764,1.2024764240880783,0.1715865026390253,0.2834114077584911
12,-0.1941348659642276,0.7491797185956984,1.7593293254692566,1.999765511935072,0.1999921157543245,-0.1027107872553266
40,-0.8886374490067386,1.2284843581981744,0.8486005551167302,1.0094148436784205,-0.1062020259578288,-0.2092470891419894
0,0.1000000000000001,0.1722222222222222,1.5707963267948966,1.5707963267948966,0.1997793340465271,-0.3401533708222552
8,-0.0672711065248698,0.4128244096371738,2.155792423584733,1.8440081890596376,0.1999838357324411,-0.1753349131377817
16,-0.3256625509884148,1.0514256508862725,1.7301576072957854,1.903719723253664,0.2000000099680219,-0.2581291430427265
30,-0.3759480009176635,1.9514922950404912,1.5704042432491372,1.1437412828731757,-0.1999625301224204,-0.0604254162884923
6,0.0388923768532035,0.2463596314345056,2.2556979032841067,1.5905667548099538,0.1999708871935238,0.0420263605362082
10,-0.1246813984935242,0.561276130255533,1.9410250010576584,1.9848425989484952,0.1999636983988945,-0.1935919443790416
9,0.0794240998351792,0.4728006858127496,1.7989400448885302,1.5191844559359284,0.2000000099626798,0.4944277118542592
10,-0.188425091414279,0.6189679544139933,1.8003604533758502,1.982671115286028,0.199936818004893,-0.145811816261664
6,-0.078313239033631,0.2719107729688884,1.5850459123638014,1.5575762512994964,0.19150159787088,0.5657340653716711
0,-0.0111111111111109,0.35,1.5707963267948966,1.5707963267948966,-0.199681905421993,0.3561175064565777
25,-0.3567932876800561,1.9516907178094849,1.2577065508774232,1.4547556920055151,0.199926180623575,-0.1405606316112719
30,-0.3885786932100641,2.038640714011988,1.5427836450424532,1.2036964965570365,-0.1999984279409475,-0.4555283361997642
23,-0.3652400266932349,1.7392383149186554,1.3197038928654532,1.5726227311558707,0.199944797585318,-0.2903481191422313
5,-0.0162610874389069,0.1947761887529036,2.187134646871362,1.319634235207262,0.1716387610190917,0.101737673336148
6,0.0802877289650841,0.4152831252564302,1.8995391177621224,1.5076969885711335,0.1630749999387266,0.1709224105190829
47,-1.0826728179259917,0.6705857467120028,1.614591826745544,1.2467661433453066,0.0933324593328436,0.0869370012080702
36,-0.6142113448513548,1.5766293986555298,0.9909585202720504,0.8604525149851263,0.2000000093287854,-0.0997009283953944
5,0.0583528642544875,0.2039461900741947,2.121969715752874,1.4232695304536338,0.1728123741827802,0.1912612445257473
1,-0.0144896290667913,0.2556645486742608,1.7842774550106864,1.4614897681354189,-0.081559650961856,0.189192761426529
2,0.0275337872253292,0.1944867764048608,1.8397659296777584,1.4174581353602038,-0.1998318084637172,0.1855992334621706
33,-0.4545895040265823,1.830011070033868,1.2902175048973898,0.8904071541181576,-0.082288619199186,-0.4681857260385167
0,-0.0777777777777776,0.35,1.5707963267948966,1.5707963267948966,0.1994508462494355,-0.3960369384520472
41,-0.969910527856948,1.0730834795471158,0.8568896321029542,1.295797161459263,-0.1894117878796294,0.3593715056811636
8,0.0797125835510196,0.4730006577876898,1.8821155289795737,1.4921416375079355,0.1556896266889254,0.2230514464187578
10,-0.1515337396839256,0.660571075117853,1.863081262507711,2.0386357375518167,0.1999562008585284,-0.1878957707860106
27,-0.310410782303296,2.1014777852868867,1.3509449186411242,1.3051096620612128,-0.100777667321342,0.2738519059551511
31,-0.3997173306400562,1.952073312580945,1.493267928310905,1.1776245645206609,-0.1999660576680394,0.0172219216319886
6,0.0777014979478185,0.3073182780941199,1.5635039816286902,1.5734816219849752,0.1145998711610572,0.6332171346215469
41,-0.9090666419580574,1.311219954744855,0.6668897914376597,1.0177559056622856,-0.2000000099592919,-0.0421258295713295
35,-0.6136393205716386,1.6309237629849092,0.8921618806217908,0.9330965744675888,-0.199999990644483,0.041482271224506
33,-0.5124682830386911,1.7667367347656284,1.2942837686207629,0.8837097225219173,-0.1905342407386909,-0.5200622671123494
24,-0.3474442580441868,1.8075555499093203,1.2862434210863452,1.518960412181987,0.1999847994148041,-0.1931024564619787
24,-0.3686550133536817,1.836993430754528,1.2681196584042649,1.515188038118604,0.1999560543328531,-0.013615639035415
28,-0.3600217009190952,2.050625931368496,1.364075061925922,1.3018890750963783,-0.0714448783353084,0.1027698487569152
5,-0.0562805292729334,0.1016791981085901,2.182500106343303,1.348869044108581,0.1999559233648694,0.1120086615743191
0,-0.0999999999999998,0.3277777777777778,1.5707963267948966,1.5707963267948966,0.0787592040528488,-0.3182789076510651
26,-0.3270809264619972,2.0101214230565567,1.1826149868455271,1.3820305025265744,0.1999094224161267,0.3991636575224577
21,-0.3761053713548974,1.5356947901688085,1.427743350009226,1.6190033905017107,0.0811965143713739,-0.0167920510713214
42,-0.9045752731234572,1.2244063921930066,0.7057619820693466,1.1955231148225112,-0.2000000099927763,0.50901851981161
1,0.0994391896434597,0.3806558152965761,1.4888751293208935,1.5890333721440983,0.1076137563852365,-0.2015129751506646
24,-0.3807988507435141,1.8362031850097675,1.3085331665959696,1.543626663313049,0.1999343170019923,-0.131753949033635
28,-0.2996322932765441,2.110281718601596,1.4375916692104678,1.236073609013661,-0.1999581348931374,0.1022260263419884
9,0.0826603330271713,0.4579175523970383,2.093919917070542,1.5154679212159865,0.2000000099644635,0.1010062614176212
17,-0.1888504948309365,1.3224813896969476,1.6980569000032286,1.95269436418373,0.1999783573350169,0.0996979180973513
0,-0.0333333333333332,0.1944444444444444,1.5707963267948966,1.5707963267948966,0.1587521130006082,0.0376993850135428
44,-0.9425340152903808,1.0927700657136683,0.8419522317734103,1.1451234503991243,-0.2000000099508343,0.1059195843275541
10,0.1040578990760622,0.6267780718376781,2.066737209507499,1.6340602814741487,0.2000000099566233,0.2412620475423282
12,-0.2561415102197323,0.8356001507235187,1.7063347409155707,1.916856764754602,0.1908595634529029,-0.297116008483934
1,-0.0781118888954146,0.2278416065332302,1.5326757999744751,1.5774452705954736,-0.1998897254891302,0.3399010194868189
3,0.0443324790207122,0.188552651407689,2.0582050244000296,1.269964587284115,0.0721543249175383,0.0682091654853964
32,-0.3979355277056872,1.868632372944681,1.5011564018812518,1.559146094669833,-0.2000000097447696,0.2458044359252105
7,0.0134417984765001,0.4039379206737791,2.286716886856828,1.71267114890408,0.1999533258589734,-0.0280038410815615
37,-0.6293938016819488,1.5623743858436197,1.0076849973436932,0.8767348600588972,-0.034572750009889,-0.1952513858015078
43,-0.9609790648803124,1.0648005364835158,0.8348135250296931,1.2734933265944397,-0.0410167729533495,0.3794035556103444
46,-1.0034864108298265,0.8727676110555965,1.154960257061992,1.4046966314758915,-0.2000000098972383,0.6180198052531538
26,-0.3475728843140594,2.0156924532175635,1.2439611365429697,1.3751581326255828,0.1789671094658805,0.2764073598406315
45,-1.0209674880984887,0.8360079126819192,1.340054690008094,1.350697881734522,-0.1999999943232819,-0.0009834277360881
33,-0.511482791567053,1.822570626888528,1.2349998178568224,0.9155141110450998,-0.1999998732864359,-0.4881345161932037
40,-0.8865134029848819,1.2298181143424776,0.770291912430201,1.0016459242276643,-0.199999522101322,-0.1428948224108072
8,0.1007112551212467,0.5563452714427576,1.6062168712404112,1.5636831574712866,-0.0263576047415152,0.5426524297256065
11,-0.1713486430506502,0.6432394569608394,1.740883425870214,1.9611826863171629,0.1999843723896115,0.1291712694393599
0,0.0333333333333334,0.35,1.5707963267948966,1.5707963267948966,0.170124964207505,-0.1804545883788153
21,-0.3440797197817055,1.5446476743247468,1.557882043920085,1.7248670359225229,0.1369249410545251,-0.2614924305874229
0,0.1000000000000001,0.3055555555555556,1.5707963267948966,1.5707963267948966,0.1729709727752174,-0.3505973243941606
10,-0.1253364954075822,0.5715282014721457,1.8684679870660328,2.0726571025972285,0.1999885803061905,-0.1046072487346895
36,-0.6944988988287802,1.5372670178391807,0.9271157147744198,0.8777298524955114,-0.199959696143907,0.0406885851305777
4,-0.0157310022863915,0.0736554635440584,2.178429381051336,1.3198183841445774,0.1885888323798885,0.1748796111470121
15,-0.3099381024036305,0.9811854974269288,1.6365497271206717,1.7894686098117734,0.2000000099430926,-0.097101854471046
14,-0.2867481427678845,1.0893561566165353,1.6942322934654095,1.9024906279200804,0.199966795598379,-0.1858724121602592
19,-0.3564043004270408,1.44663986927119,1.5685255798187594,1.7108006644710596,0.1376002025365377,-0.1069975952927477
48,-1.0585950405322162,0.6884807173458037,1.6731495990925045,1.1792921045995812,-0.2000000099620329,0.2341051752102808
42,-0.9161577263622388,1.164494389493336,0.8500131099161248,1.1426706489660194,-0.1999999741204003,0.2468682998464667
44,-0.9828542135661132,0.981683426666604,0.9680726985123496,1.3503472801121883,0.0011966345792446,0.415059355801625
36,-0.6438839466974249,1.57374612821607,0.9841369761050532,0.8755349393349253,-0.1999999133896675,-0.2443230074317465
32,-0.3989455522463918,1.860238597561171,1.5008121813323836,1.5594182448057363,-0.1609928542708482,0.245538536652822
6,0.0554818076794705,0.3170234127155726,1.5603109198298792,1.5731714467050062,0.1235517737248704,0.6398709106813035
44,-1.0117191686773814,0.8794075897882709,1.358040539251879,1.3440721136200957,-0.039615364652464,-0.1355309967994526
18,-0.3209130579569724,1.2943776625309942,1.577221260466848,1.711002625448124,0.2000000099508379,0.2198303252201895
16,-0.3347714664387213,1.1896211103283176,1.6282427916910986,1.7530257988061817,0.1999862548707075,-0.2273580044195694
24,-0.3481803951197147,1.816034263341046,1.267754421630178,1.5389646914840365,0.1999877934446483,-0.0418759273960426
6,0.0400985515034133,0.3236866824657122,2.333343968787465,1.6249956447593747,0.1999437913402995,-0.0258556065796502
9,-0.0350676782280335,0.5727367573568567,2.0840842696514468,2.0276792081005928,0.199935890796301,-0.1233452932308048
8,-0.0843250126508453,0.4421911309949735,2.0472053001311163,1.9735302559867969,0.1999249571159065,-0.2169872342580269
27,-0.3500869375755255,2.066321890464686,1.4064354012396674,1.296083889166351,-0.1552285847762325,0.0609463510264651
49,-1.086592079136106,0.643518545155525,1.7803115585975595,0.9721577318604696,0.2000000099672722,0.6323729553257531
43,-0.9831832380372336,1.029554272522167,0.815004508290293,1.2954311512450216,-0.1999999804521639,0.3264625040578119
43,-0.9834422442280356,0.977298102083054,0.9706263142314296,1.351102710045267,0.1999996895006244,0.3191084278850075
2,-0.0554146747458634,0.3248058441149606,1.596279320367847,1.5645625991350975,-0.1998094804754195,0.4231342195071889
26,-0.3539493035823597,2.028476346419499,1.2092915772038684,1.3852221303625394,0.1993278606380092,0.2167186225913243
11,-0.1639078593651032,0.6229198498268165,1.8741354840484004,2.047545090096117,0.2000000099547591,-0.3274414406760838
28,-0.3105691306889646,2.093139584267804,1.4561624164369444,1.2325275169325485,-0.1798046456698404,0.1275580180201452
39,-0.8433236071203216,1.30061601096494,0.7435480515148978,0.9520806439495136,-0.200000009580652,0.1648183845824833
37,-0.701539983913626,1.5596844253821818,0.8450388396766524,0.7946248647185634,-0.2000000097688896,-0.1261476991088101
40,-0.7968501879787956,1.3947902536585064,0.6948962422984956,1.0107469358883436,-0.2000000099593765,0.0236450669485875
27,-0.2944228987174457,2.1390094094782777,1.4462745199587683,1.258874537879504,-0.1077311685773226,0.1012638949160855
6,0.0609777668377361,0.306052239400174,2.182474420466696,1.4618141881567308,0.1999781026126197,0.1404571762070505
3,-0.0589221445834745,0.0468831554720859,1.990830288329397,1.177786197715967,0.065605167771436,0.2023208798751907
15,-0.3177247134086609,1.1199819814564038,1.6396348300066332,1.782602575675945,0.1999791103834826,-0.0867837179307063
14,-0.2497982732291447,0.9251675927109528,1.6526060524072983,1.8529613987565383,0.1999870431424349,0.1537453709580129
9,-0.0472316915383955,0.5655666592120013,2.220934099637766,1.861297178935714,0.1999620912314786,-0.2528880270079496
32,-0.4580182542433073,1.7750052558647806,1.333936550715242,0.943504881872572,-0.0932174739921633,-0.4696877033449545
7,-0.0415369676775731,0.255919027976788,2.256887530037437,1.828303962645576,0.2000000099503356,-0.5462104481818704
11,-0.0925190059008441,0.585397395710687,2.1069000298765044,2.08478483542114,0.2000000099772237,-0.4755076966878577
0,0.0111111111111112,0.2166666666666666,1.5707963267948966,1.5707963267948966,-0.1998444228098203,0.4071323335602944
26,-0.3405099046368856,2.0651165202503035,1.4269612683590989,1.295261173153566,-0.1726223533581238,0.1454540974854956
23,-0.3845796189279519,1.7415546349106674,1.3884372627970318,1.5729045629774634,0.1367392933515846,-0.1142306830288287
4,-0.0375003656952507,0.1090193805259456,2.128647052743707,1.332873789197554,0.0964591721851178,0.1872838449048701
8,-0.007967537233476,0.4724972809137543,2.218405266353164,2.032795785248988,0.1999459304230746,-0.3169769346084514
7,0.0199584257260143,0.3531626843500619,2.225252100327287,1.841188282846994,0.1999742988650709,-0.0465573013792298
42,-0.9123470802598752,1.3138350381969175,0.6528410958733897,1.0208292902143947,-0.2000000099326692,0.0090482508821283
46,-1.0755405305371255,0.6681385916006753,1.7259636195984225,1.071826254820382,0.200000007960296,-0.1466037661527782
8,-0.0098627646836785,0.4408526688179255,2.233386174836431,1.985076760141176,0.1999610407875623,-0.2710440741656127
17,-0.3260787834740623,1.2915321206823436,1.6415514657881598,1.7672872186925557,0.1999757675357568,-0.179502369441742
29,-0.3498386265996293,2.089641212962269,1.3619340817120411,1.3169722729265805,-0.199988011127888,0.0763244343224105
28,-0.3601527441637446,2.037702736492349,1.1830246011402945,1.390212474611711,0.1999716610729966,0.4404391651794687
0,-0.0777777777777776,0.2611111111111111,1.5707963267948966,1.5707963267948966,0.199915155682114,-0.3097760448336315
38,-0.7792944808156951,1.4986363499056006,0.8853534320977072,0.9159792753102832,-0.1999998850310964,-0.2905049418413999
5,-0.0301243535890285,0.1047739624871169,2.1982026482608656,1.4602502884528326,0.1999728374457167,0.0875142582033785
38,-0.8070889919661934,1.4684834357048775,0.8651788170125823,0.9179902391278248,-0.1322972004111386,-0.2939749123582313
5,0.072871487532835,0.2766590503035488,1.9556271241822936,1.3834008632760897,0.0497035220026622,0.2934283351520718
10,-0.0993427117730926,0.6763332441818642,1.967347540953432,2.060330325020752,0.1999654280971521,-0.2692697804509043
5,0.0572854987925951,0.1595692004747217,2.135249205925737,1.4043247850136646,0.1999038044452098,0.2019247292914219
47,-1.0341225268279182,0.7711602631078089,1.5732040956811733,1.2950566102045724,-0.2000000099626341,0.0978128746824962
46,-1.0346065091572691,0.9026841907826308,1.130300642051969,1.411803488572454,-0.2000000098039704,0.4571776745819019
4,0.0267496155226856,0.3819505126079109,2.023400586081064,1.3320312369147411,0.1999408788455871,0.4141204809311993
15,-0.2666329309295501,0.9955995226361696,1.676513356217418,1.8781593433287296,0.2000000099459464,-0.1137959683776654
5,0.059186784564808,0.2875142863227152,2.161214673021112,1.4220788363517982,0.1998858444525745,0.2424079561049589
26,-0.3300530610706848,2.024540859933913,1.497852654257093,1.1597115775453528,-0.1797106260474331,-0.0177316898714255
12,-0.1922059121303777,0.8539730583507674,1.7879837016251423,2.020752254503945,0.19993254995561,-0.1362956016219394
15,-0.3099811136510013,1.1562879956284653,1.6479005525496344,1.8142357567735128,0.1999792729986652,-0.1126344471961015
13,-0.2699801254330153,0.914400710278722,1.7045828709986548,1.8641010847269488,0.1999463957302628,-0.0788195188726366
2,-0.0297009700684927,0.0448841599285986,1.9141695062306263,1.2803532967138231,0.0731533620037297,0.2909564762679877
47,-1.0320988983103576,0.7165845642151989,1.460098591693912,1.3431554886539598,-0.1139096796164735,0.6135625672132772
11,-0.1394110579956731,0.6045485025421633,1.8560844781484944,2.01978902413996,0.2000000099574578,-0.0467807488029795
15,-0.317868554445794,1.030084988653649,1.6576322289791443,1.8417789549489283,0.1999906719137067,-0.106717376246698
2,-0.0782112420148456,0.2541646106791856,1.8334670970824103,1.4756340653410998,-0.1999445868765491,0.1980861148568745
1,-0.0557800592647802,0.2652974523188169,1.6403019661691527,1.54476521704734,-0.1998556037426436,0.1970815727033398
20,-0.3313313394243942,1.553043978197837,1.538713731863771,1.665889378943847,0.081713730539021,-0.083337065321472
28,-0.3589953284651906,2.0603411228381465,1.2125348197903971,1.3574414509609902,0.1026477892686577,0.3700478122028213
11,-0.0563979211260434,0.6563086017403289,2.0296553383257727,2.057755992445351,0.2000000099933839,-0.2858054842496146
6,0.0495216395480834,0.287498342194025,2.316388019421373,1.8200935975793064,0.199870164743036,-0.0874101113579983
0,0.1000000000000001,0.1944444444444444,1.5707963267948966,1.5707963267948966,0.1985157296788187,-0.2420414008807337
30,-0.3431031726033389,2.0189906392330665,1.4875178458776812,1.2495406579739317,-0.1999999122404371,0.1062401180134964
2,0.0552129976665777,0.1769309038524122,1.7025462920453889,1.522290394399128,-0.1991402098541699,0.4006877606876667
28,-0.3445190042399004,2.0700096119574565,1.1850508554514985,1.4121957349343712,0.1999970058556339,0.4240928665837226
14,-0.2959366949792056,1.1090684386673286,1.6662741536882262,1.8312147496090208,0.1999758140946152,-0.0903779613187368
20,-0.3789805082370084,1.559583942338205,1.4606007086720805,1.6469179426675689,0.0427193132813634,-0.0090240026723472
13,-0.230689753381702,0.8834789720718979,1.7651345888760428,2.006463999976193,0.1999745492252584,-0.1491204870210797
37,-0.7171012432695545,1.4957216917525302,0.8407650073268136,0.9056607458563352,-0.199999921892904,0.0470739407514167
25,-0.350959125354585,1.9889810143362483,1.2735954849657158,1.6050240196126802,-0.1999996827953317,-0.3507704610291431
23,-0.3950886997720501,1.7707835879454028,1.3778296495464186,1.5749625333753696,0.1949630140052627,-0.0266184934790913
36,-0.6530263009236787,1.5451410965052836,0.9278283464398722,0.8756313786964869,-0.2000000062222089,0.0520040824430231
15,-0.2828628222701434,1.1851966263417175,1.6668442110332276,1.8380373385862565,0.1999780507648642,-0.1023897904167331
35,-0.6302139783713149,1.594071294700949,0.9517761627819876,0.918020473839904,-0.1999842578019876,0.1181594293638906
30,-0.3853151524530492,2.0170604795364344,1.5687267492201666,1.1501133510365786,-0.1999501068309669,-0.1899410150732495
11,-0.150882600533146,0.7281643350511903,1.861557071157966,2.048693982728891,0.1999673658179706,-0.1906807869257907
13,-0.2859621004862111,0.9257594052144876,1.6695743250336983,1.8644391841551768,0.1998542773819097,-0.0573810445221035
26,-0.3458437778134898,2.144396060885321,1.2613238776710372,1.3838558817576827,-0.1999999760333236,0.1062597692113404
11,-0.11738016418062,0.6723953462129829,1.8911981403986489,2.073589887182298,0.1999814100780724,-0.1340981920941873
33,-0.4704829061027111,1.8058816044448096,1.239324384429727,0.875733796070049,-0.0092009093146121,-0.4221753895196762
27,-0.3090731411829136,2.093213307706496,1.268946555503879,1.312317129009149,0.0175540321855574,0.3531187525531791
35,-0.6450742692390298,1.5730745436774507,0.9271492520954948,0.9188553973928434,-0.1999844728276378,0.1408406292218237
28,-0.3541419684272729,2.0762092034158885,1.2182573537018635,1.3587062033252186,0.0725352167689272,0.3593599109460872
15,-0.2775076366921061,1.0005092977976835,1.6340997229006629,1.7669505246413937,0.2000000099933193,0.1883150588206518
36,-0.6669375337098011,1.5954265923494186,0.8783478970315794,0.8039833078726936,-0.200000009499243,-0.1723379407305171
9,-0.1166729699718237,0.4786213088443993,1.95737213061172,1.9856828904977863,0.1999715048239767,-0.1798686342265227
2,-0.0019060110198668,0.1381245086561018,1.8596618036415915,1.3493597286551626,-0.1981369995290827,0.2726705728492498
35,-0.6460983695306796,1.6720549950275698,0.9489350887623172,0.9106908800534668,-0.1998706367836371,0.0258540930335605
47,-1.0056127417367076,0.9579731602809012,0.9802161413092856,1.4909052420455131,-0.2000000093974896,0.5118586713467976
30,-0.3230766778132108,1.9183198622587847,1.2108746590700488,1.5786872148102218,0.2000000099617499,0.0225451160771425
3,0.0775720767836126,0.2578090850757493,1.5670826202866175,1.5681524564000906,-0.0776693336368038,0.3426153105075104
46,-1.0461359862779709,0.7181603110601179,1.3657157644854816,1.3514982778433446,0.1917791633278933,0.441864970073664
20,-0.4014988151826618,1.5037077086553972,1.5071000503983836,1.6410074045004648,0.0793841276832797,-0.0195421186309505
25,-0.3569519798078042,1.94529680119412,1.261616249325158,1.462026047248684,0.199958641991219,-0.1658383737741465
21,-0.3760969090274201,1.687302357911309,1.2845606260818636,1.610087044419164,0.1413319125595376,0.0376958808756183
48,-1.057214683824886,0.6766292794402028,1.6027567080743323,1.2449378570767509,-0.2000000099470593,0.3061312398359568
26,-0.3839820068104136,1.993781411975176,1.2356516840544085,1.4587872017762644,-0.110043116542115,-0.2452080963745537
14,-0.2840169501255529,0.949097307988136,1.6580403143024278,1.8372616593046684,0.1999888726104426,-0.0504135424946052
6,-0.0043149672690893,0.2766687012292404,2.2715673382070403,1.516854372742815,0.1999503982375779,0.0380994598932184
27,-0.3068416182872641,2.0995903837278767,1.3188842284169535,1.3084399674697929,-0.0494833674110544,0.3260927817321971
15,-0.3034787502075946,1.02567547836649,1.6412420431256116,1.7993152937416268,0.1999775217241139,-0.0744159608901779
31,-0.4058704780179658,1.8900698146611496,1.5457051841235718,1.0574930806200291,-0.1999972824667052,-0.2448181229627864
14,-0.2806986322398206,0.978281213276618,1.679609359302793,1.8619180100536628,0.199949126747242,-0.0854729532329433
38,-0.8140618342664951,1.3912332282781072,0.7389956577899328,0.9382797177122632,-0.1999999053314824,-0.0984840389106347
31,-0.3732926551540719,1.9431497857556204,1.4899805458870272,1.0349473278606058,-0.1999759198475113,-0.2530665748143731
22,-0.3674378548205196,1.564161194100962,1.4893197501685955,1.6547728866377378,0.199706477399163,-0.1322830973413964
18,-0.3715936222512785,1.362841381035958,1.5442786487427096,1.67811006107948,0.1998770523620768,-0.0758668008052801
25,-0.3142462129907727,2.0547628734792247,1.2611428962154552,1.3865956214642463,0.1855574647982756,0.2892752646616906
46,-1.0193250097205293,0.832537778725759,1.3820789167682344,1.3820726297191952,-0.2000000099383559,0.3661921174968679
46,-1.0484382934659,0.6949001701324381,1.4007629312361756,1.3628326889490627,0.2000000097922517,0.3385814579784993
20,-0.4041147719180893,1.4986269157589371,1.5090728300299985,1.64746526820515,0.105919595279666,-0.0557034975104684
27,-0.3068656698804727,2.097409177938113,1.3094571689751486,1.30821039246546,-0.0309010352316998,0.3303083927816215
20,-0.3273405024160195,1.5781953492946064,1.4680637727167944,1.6779829671674549,0.0839153249977235,-0.0055568961746339
36,-0.6550660808754825,1.593774221533913,0.8675485793174746,0.8701880751770806,-0.1999999605644603,0.1264239336693842
8,-0.0749399326695244,0.3944860769823828,2.106547695645366,1.8641456884789884,0.1999640567092699,-0.1326171915782051
30,-0.3868344884959901,1.9880697760899813,1.459283166625772,1.2245639558166086,-0.1997783861510366,0.1125628777999877
46,-1.0493328919967937,0.8584307463277203,1.2864991212871413,1.424088044589632,-0.2000000099172627,0.3880131925751829
1,-0.0332616997908662,0.3547926594682667,1.6592536280539374,1.542215167537596,-0.1950816022623339,0.317211979994736
47,-1.03851932307322,0.7510286702808164,1.4234231198814251,1.2921793752447397,-0.2000000099477355,0.254038567089476
19,-0.3933209349955368,1.4278355627781878,1.542944406219993,1.6677318578245837,0.1999568196578572,-0.0715507364762005
20,-0.3361467489352654,1.44211204121397,1.5829375172641615,1.7327344040245474,0.2000000097819275,-0.4077410808434793
18,-0.3788755958522226,1.3269900837577415,1.577390738823686,1.7258444717706514,0.1998995978649529,-0.0714461420352014
21,-0.3905615905992465,1.640523220166116,1.4989969256010394,1.6655427235337974,0.0798852377719734,-0.0479602523243912
28,-0.3296728683087647,2.0202628996832965,1.4220090294864516,1.2492723302210234,-0.037430532643255,0.1945451991114657
37,-0.7785881647313248,1.4805618694180418,0.8736348273840289,0.9066112578629864,-0.19999988425557,-0.2952041156146482
11,-0.1195046061542645,0.7460670970079674,1.9123297380891184,2.080976598990711,0.1999748180308796,-0.228163882564347
17,-0.2992090173087047,1.19390625343464,1.606458162018333,1.775274346422729,0.2000000099933597,0.1668449576901916
46,-1.0585459943782365,0.6602430220277113,1.4892460166309318,1.3050826880557436,0.2000000096101102,0.0729141822658539
5,0.0554401523267227,0.1289874000142379,2.161775984862123,1.3857457090164993,0.199979546202714,-0.111268635269142
24,-0.2997661624724753,1.8057729752207083,1.3389299000289778,1.6360103631298912,0.1999999242948676,-0.3184819765537965
33,-0.5316877743184172,1.7861538812367683,1.15464881534246,0.9072701079543776,-0.1997956170053213,-0.2329066723305667
42,-0.9405256838581062,1.1223068248693042,0.7453636723246913,1.206434292408194,-0.1445788591722058,0.4448065771926151
47,-1.0437571591473098,0.7642338763404307,1.3574011890110214,1.3442328376110058,-0.2000000099275456,0.2307095049085127
31,-0.398154866783412,1.8720337768548057,1.5020944951709847,1.558929577976273,-0.2000000099463479,0.2650469596438417
6,-0.0558423255380673,0.4619336254874098,2.2252440276232104,1.73939955117251,0.1999389108699323,-0.1436103915986183
31,-0.4310739656055403,1.877176297284045,1.4607760599490742,1.0811005104785651,-0.19997300343105,-0.2040435793408704
5,0.0848257661583455,0.3750271410078868,2.162778125205312,1.5780485965193078,-0.1998827563605442,0.0825073181675642
4,0.0066418069300307,0.1537382279500187,2.134611905613218,1.3364162888364357,0.0201633061660459,0.1619927404046124
8,0.0998977168472087,0.411663462903348,1.587821208932672,1.5431146825688764,0.2000000099501483,0.6328914092088379
9,0.0805094172168292,0.5346820178099351,2.121819415612448,1.829710268625688,0.1999921461836243,0.1454003447316139
31,-0.3904073529406021,2.021798314166521,1.5394971380617957,1.180829649484336,-0.1999999246359804,-0.1812828684390885
32,-0.3945091410974904,1.8887655186887184,1.5016983217236142,1.557354938770204,-0.2000000099487603,0.2126043834104113
4,0.0451055047845855,0.0854683769521209,2.0560978884485106,1.2898807267893084,0.1999448794104945,0.3352260878925557
2,-0.0773224666307949,0.1072495404394793,1.8970832817023573,1.2624440952428928,-0.1388267642605868,0.0700859042310887
8,0.1021894605563147,0.415383695977272,2.098833886304752,1.6613784431170495,0.2000000099533993,-0.1706060726429507
6,-0.0538367411172381,0.1496616455543938,2.1959792702135186,1.3881270283647986,0.200000009993211,-0.4467937275429573
36,-0.627454641752993,1.6377751745865798,0.9084805409100394,0.8011103363263369,-0.2000000082719617,-0.2544414262597851
42,-0.8345647406996353,1.3850611103802744,0.7276458730944864,0.972039117918496,-0.2000000099950198,0.1277660106242744
0,-0.0333333333333332,0.2833333333333333,1.5707963267948966,1.5707963267948966,0.1911810565032789,-0.0929537518650378
42,-0.9845325016229236,1.0190552503222257,0.8377220268037657,1.2552203739366332,-0.1999999128466314,0.0457919781745922
15,-0.2828754779905294,1.0220101844301868,1.6585684020436728,1.837592772916904,0.199985621201395,-0.0469206694869325
29,-0.3624059589967294,2.0614262254487947,1.3889774168517928,1.290837272583089,-0.1211378393732446,0.0289733547059333
32,-0.4050169057896664,1.8585649715671613,1.508621589341436,1.5554415325225588,-0.2000000099882588,0.2236028914034087
32,-0.3900006861339328,1.8893386108838053,1.4718630100276808,1.100598154614636,-0.1999999935759701,-0.1048008959344051
33,-0.509648163959968,1.7501103620463978,1.2789403023805956,0.9474806426344716,-0.199936223319516,-0.1642679602133348
6,-0.0784293532247261,0.252207973720652,1.971783318617616,1.423005978847988,0.1996019106147193,0.2270256040039514
25,-0.3576434968626903,1.9809241133905344,1.1904891348120312,1.433017788390015,0.1999048973876795,0.1178973092454588
31,-0.4165400445516806,1.8428624316735225,1.4234363483872752,1.012670588174902,-0.2000000070860235,0.0620324715409638
22,-0.3474986187316271,1.6670779322954086,1.4213814261045794,1.6152303324930004,0.1998709344495161,-0.1121735402230381
43,-0.9946485582296932,0.9681271603406458,0.9224669705302242,1.3548816753984068,-0.1999999089223621,0.5627104019895227
10,-0.1289126354622224,0.5851494051474055,1.8665244887259345,2.043496468645066,0.199974363121246,-0.056725671527506
44,-0.97762906846926,1.042838197489124,1.039896784826576,1.3061345210396245,-0.200000009935035,0.3249586721491653
6,-0.006027470463061,0.2077603772670048,2.283947908380304,1.5065045939527,0.1999843846138724,-0.01292138708779
9,-0.0778837189669106,0.5983232906929025,2.10697455466103,1.969930769496299,0.1997103981884894,-0.4052047970772978
27,-0.3604062194536239,2.092777489909237,1.2303195158627371,1.4039629433281295,0.2000000095876072,0.0149579074419705
6,0.0777680516406397,0.4291749135962482,1.5818504458901028,1.5646829996502825,-0.1199601240490857,0.2996595387238797
34,-0.5306660661343916,1.707860325241241,1.08427472202619,0.9340230408337964,-0.1999999145420076,-0.0940259861121104
8,-0.0959832018362827,0.4299921281793459,1.9823662425067765,1.4926978982900323,0.1999815009320308,0.1738495927250878
36,-0.686795727785995,1.520837351034259,0.953215609365378,0.9031823245624364,-0.1999843425915176,0.0236102730536127
23,-0.3816103792182956,1.771498807314137,1.3675401667740683,1.5717549398496382,0.1998461597977107,-0.0981159696971933
48,-1.0919707397148923,0.6510168099878317,1.817206704118524,0.970217352258446,0.0290511503670753,0.1421865038754391
3,-0.0485265947215612,0.0045385209353438,2.033928350606237,1.2519271740754232,0.1999078561665211,0.306926231774652
3,0.0439381383922694,0.0618026954492987,1.9227097007122376,1.332247678721081,0.1998380524207942,0.4254231583429159
2,-0.1038735701624567,0.4873474392048269,1.1692029271563822,1.6137500387130606,0.1902061725914286,-0.0475705279585407
3,0.0785419288856513,0.2954859625277245,1.5012516782219194,1.6019650332792934,-0.1996062854449666,0.2525834581425294
17,-0.3603155458030406,1.270120705564644,1.5836565057423453,1.7049066516040192,0.1999742913221366,-0.0063754099244926
15,-0.3191394268745969,1.2213805183888915,1.6531900177386143,1.7710315016378837,0.1999749353612669,-0.1536219386249614
31,-0.4082534463143606,1.9088387099255533,1.489164383211408,1.1474539414934193,-0.1999848068530231,-0.0117450182639457
47,-1.029067136890151,0.786333694432356,1.5927570190180076,1.3134830827114794,-0.200000009963318,0.0792139738692151
11,-0.1092690051988855,0.682369208182247,1.8929857174542288,2.040061720891251,0.1999827150236729,-0.0274959211443709
47,-1.0631885188217898,0.7482657109643388,1.3009157768127064,1.3365063833808928,-0.2000000099514843,0.2777846237009429
0,-0.0999999999999998,0.3055555555555556,1.5707963267948966,1.5707963267948966,0.0265806360712798,-0.1149725398509978
10,-0.1351188488351141,0.6381714634331255,1.951722054803048,1.9237138514122647,0.1999799954165753,-0.1687027937775663
7,-0.0706702579616021,0.2740253517379178,2.167893967651997,1.618095260009066,0.199991241275287,-0.0392210234240243
45,-1.0020897567980265,0.8805485169687519,1.1380173238602025,1.402849625812011,0.0235449822192708,0.4426512819848957
28,-0.3289863323996966,2.0202235239445043,1.4241755987193925,1.2488321347504971,0.0171334660534017,0.1905332494357711
17,-0.3287707880274232,1.2676343298782908,1.6132358099010329,1.7455769978157147,0.1999734406866703,0.0078094522972734
1,0.0304389884374204,0.1818137245319702,1.7313158075001578,1.4858746165594234,-0.1999188601231801,0.2844583119176912
11,-0.1378235097397753,0.7672604549890377,1.8464377159860472,2.05122485226146,0.1999540807539928,-0.1034529700491586
28,-0.3409289929063493,2.118654435652916,1.3094678270306923,1.325056379290172,-0.1832607427291652,0.2146810171751578
33,-0.4954512122488426,1.7325247202228211,1.2167713130500657,0.9194505192327028,-0.0778576681606677,-0.3853941388439378
0,0.0777777777777779,0.2388888888888888,1.5707963267948966,1.5707963267948966,0.1544764426950508,-0.2874611966702439
2,0.0001813097442007,0.1247684601003443,1.88285788992909,1.3564722445523028,-0.1928937988167752,0.187575042259102
6,0.0393874629298106,0.2741647246886239,2.203783349194799,1.5683647766080515,0.1999649512698185,0.1216183863971383
45,-1.0046687304800272,0.9139673736702086,1.276131123130867,1.3653792280192645,-0.2000000089311282,0.0633978192383966
47,-1.0613591513311735,0.7510121837826469,1.5181617672231535,1.3532457816608976,-0.2000000099449595,0.2141292785713366
17,-0.3531436756247725,1.171813698520242,1.6473687748101096,1.761998830899004,0.2000000099564762,-0.1749235014713116
27,-0.3281765039208756,2.1279182314334864,1.305400265517145,1.3305715301773862,-0.1462607408873564,0.2493550655447617
3,-0.0370281629376825,0.2643988003715393,1.8902535634723048,1.4172412575471314,-0.013697806427471,0.1943587586490051
9,-0.00337016346246,0.5060266182545223,2.2019158425417285,1.941947187979146,0.1999683317942366,-0.1436178131484508
21,-0.3798510064434261,1.622379248346482,1.4537874544647078,1.623159722025666,0.072816160935851,0.0625702877546636
3,-0.0643224783402828,0.1585221655034728,1.947631754973207,1.342981185353171,-0.125178857007989,0.1541663615274128
16,-0.1818088264677197,1.139799971276482,1.832507329181503,1.983287194513178,0.2000000099650295,-0.3036087731205955
27,-0.3525792872346626,2.04350384054928,1.4428359987821917,1.277540119413178,-0.141878142781772,0.0926075525296603
11,0.0091336689610629,0.7683707526456725,2.156493400284324,1.997603101420361,0.1999739536060392,-0.0798792713231633
0,0.0111111111111112,0.2166666666666666,1.5707963267948966,1.5707963267948966,-0.1998444228098203,0.4071323335602944
12,-0.1679366163375189,0.7603608827796638,1.7948509390142302,2.0026923528593885,0.1999936079016484,-0.009298850234049
22,-0.3451491034226183,1.6678904752885226,1.4210059317436556,1.6219896616895224,0.1998870585292899,-0.1386426109436433
25,-0.3119754573916832,2.084669760916529,1.275143870213304,1.3664376250820216,0.0425804399059114,0.3346508292446139
15,-0.1924081703098338,1.1775338044726575,1.7948405864324908,2.008938844648533,0.1999727852565728,-0.1553563129828732
25,-0.2937611313834564,2.08528901579402,1.3659121033439416,1.3337680440552302,0.051707308660673,0.3426912367533304
0,0.1000000000000001,0.3277777777777778,1.5707963267948966,1.5707963267948966,0.1824898363344993,-0.3521421311486158
9,-0.0644146006524467,0.4019328075399347,2.1421132879939417,1.7936864677973388,0.2000000099529201,-0.4171350243807292
28,-0.389009975738797,2.0232559009891355,1.5410056906428675,1.1855196116995703,-0.0266381068644394,-0.4632504947758762
30,-0.3840511603844047,1.88835320497309,1.4838979067888598,1.094728812623866,-0.1999933407257323,-0.1534716164086484
41,-0.8779795540703721,1.2412973036368278,0.815860298522983,0.996244120256604,-0.1999999887426685,-0.1258385294478511
31,-0.4355218238431506,1.8519000174856663,1.4589697095241885,1.0662776733311343,-0.1999798333288185,-0.04845783298579
29,-0.3609543899261695,2.0395953682657377,1.1959267249938588,1.3730106277159229,0.1222203913224489,0.4229599384421907
13,-0.205742436850794,0.808862971051424,1.803772480287824,2.0528476997165064,0.2000000099444019,-0.2958955328457731
31,-0.4035760981002429,1.921691414656,1.513818718823261,1.09418016574203,-0.1999859141146068,-0.1205737980002329
19,-0.3234815156726998,1.5601657149521415,1.5681980671968798,1.7960370278947229,0.0765692676093278,-0.3377356175005055
41,-0.8283496022699179,1.346876936285221,0.7944601664128412,0.9321535735287392,-0.2000000099147683,-0.1959910019445609
17,-0.30888271683427,1.2021275814618178,1.595597435781036,1.7188951751335866,0.2000000099599934,0.2167171463734049
0,0.0333333333333334,0.3277777777777778,1.5707963267948966,1.5707963267948966,-0.1997317424188848,0.3180073275846303
2,0.0782326837888691,0.1924200511048973,1.760225080945764,1.513505367674776,-0.199899596124139,0.2198859090679029
47,-1.050478226023139,0.7071328413567677,2.2337404499438147,1.0193662203934977,0.0128964579169137,-0.1011820891806291
44,-1.0359423050245302,0.8927203147582509,1.1369662853565554,1.4184337592448957,-0.2000000029275117,0.1335855531764025
14,-0.2265118661918912,1.0972193449357015,1.7183574116132898,1.951952516327213,0.199981198286478,-0.1150638490248151
44,-0.9998501446417204,1.0578651864518251,1.0310883800328796,1.4473360483921458,0.1220523664594473,0.4324600346078869
7,-0.044133894942108,0.4222253290094047,2.218782335243965,2.004694216999901,0.121764612781693,-0.3621978421330455
26,-0.3367878973959371,2.115632379475261,1.3504696610060076,1.3219393014600382,-0.1995979139242748,0.0938643162843699
4,-0.0719114514580724,0.4602982775541563,2.0826314548638205,1.5185268708814266,0.1999458710002817,0.1212615253453218
4,0.0363749448479343,0.0768003314886358,2.2337609127096902,1.4158735419776154,0.1998597932960836,0.1476926227066222
38,-0.7568315828521123,1.4971744120968398,0.8068468766894679,0.8204618143862936,-0.200000009713408,-0.1539731544073579
20,-0.3820565309714799,1.551002837535122,1.4719299348678927,1.6415944497156951,0.0480075435592918,-0.0155310853475137
42,-0.946367294397557,1.2603722105619026,0.6592249693956713,1.117885598321788,-0.2000000099556131,0.0956958211399577
7,0.0120739372644749,0.4016453311898115,2.303556942441736,1.7457052617297573,0.1999661710526007,-0.0805023620254821
37,-0.714112616952957,1.5632329587160902,0.944441826143537,0.891210694966107,-0.1999998940189907,-0.3180048191679754
37,-0.7778996319121316,1.477395811934206,0.7764291251685957,0.8261345907760465,-0.2000000098142032,-0.1135080929891258
26,-0.3479049494393379,2.0421613602827104,1.456196152665887,1.2729711932695311,-0.1296218134846174,0.1204886777051514
2,-0.0601835343386858,0.1554386608352046,1.7838540012624602,1.4500196944737969,-0.1999461209760821,0.2810202927551999
42,-0.9642367107772966,1.050216591516781,0.8524791049447398,1.2840296759921752,0.0043858625265392,0.4077370047906568
44,-1.0122032839803463,0.8909070941693065,1.0435542345505735,1.4172603316124783,-0.1448314777113687,0.5967251585193396
29,-0.3713605006605633,1.9935153627376625,1.4547122726824622,1.245663936338052,0.0332685298292096,0.1349475225899745
9,-0.1402333291993341,0.5048666350627672,1.892255269983087,1.9837166030639184,0.1999620368202529,-0.1204204902051259
28,-0.3520538760552175,2.108903877368685,1.480365847298179,1.2823677044028787,-0.2000000097166795,-0.4070673393692163
6,0.0635082636954495,0.1998819727314933,2.221804880597864,1.5131962310720968,0.2000000099556663,-0.4138466862339905
4,-0.0546222008878247,0.0965820290742351,2.0289033661272864,1.197076070613074,0.1999693571747219,0.3240383326586577
23,-0.2945006043709539,1.7432931188538303,1.3994140038874487,1.6789684114448813,0.1999917597074657,-0.3897752304381899
26,-0.3697439250475775,1.987504769955757,1.4833798157658915,1.2243992575552995,-0.0757171185173354,0.0681356306207859
48,-1.0557150345387492,0.8177169333969052,1.3436777713384966,1.4191901692751974,-0.2000000099718631,0.5481582969989351
32,-0.4016044133317893,1.8696037394535925,1.5066706399109702,1.5562547412775711,-0.2000000099177115,0.2242343973666971
48,-1.0443969747203423,0.7224974606538125,2.2222606847670416,1.1420205732962012,-0.1785069078874248,-0.057324728013606
33,-0.5463601385342802,1.72425047905306,1.064150639870439,0.8216117507552729,0.2000000072794673,0.0059982279620057
24,-0.3297143224039752,1.7604496060160129,1.3617255995657782,1.6869602821607397,0.1999837829192023,-0.3425788660636583
33,-0.574749669973431,1.693352825595415,1.003185567506824,0.8061571605613238,0.2000000095136022,-0.1974928675470678
28,-0.3422672839420025,2.0033081534137818,1.4212610806014876,1.2204089910705804,-0.0578973874604108,0.2017624013053292
32,-0.4730956858172474,1.8762177057687297,1.3954254808512072,0.949187263554403,-0.19999970834136,-0.565681799871062
6,0.106933406119969,0.2056714384295268,2.0248429376445385,1.62675814269176,0.2000000099587753,-0.0981332878663669
4,-0.0096805428934454,0.0987997299347276,2.1964005837824683,1.3992642322689983,0.1710064222048568,0.1632809612309918
19,-0.3372254705587253,1.5139414861990557,1.5416516932335238,1.6472824035848024,0.1998009143749708,-0.1994663836009403
27,-0.3138752863967879,2.04795411301078,1.1431276212122778,1.445829589810762,0.1999920470162517,0.3733198913244339
1,-0.077739511079356,0.2911791649268904,1.6010342920806746,1.5612383899063844,-0.1999307834485606,0.2981344758952754
9,-0.0545748515883537,0.5142786608571024,2.110450760522161,2.030183948288032,0.1999761024142947,-0.3736449275555775
45,-1.0187458897293176,0.8399583308002531,1.231788650417836,1.4254614259241338,-0.0590042736100456,0.4892911677489295
29,-0.3600312078419694,1.9755579203660083,1.5575972586603228,1.1597814371491333,-0.0323527598329771,-0.0152695323270843
16,-0.2913112535314554,1.2019018987149463,1.6167772645738463,1.76564929149975,0.199966250012261,0.0880116365629074
1,0.0775778986058301,0.1631348239568033,1.7035546163704731,1.523707430335138,0.1673367857676731,-0.17413127780023
10,0.0067606618111284,0.5557570008299644,2.1933441619065146,1.970413105159037,0.2000000099487961,-0.4124387918400349
23,-0.3497536478945975,1.6409338312587487,1.4105170602586607,1.5649730248279916,0.1999975268523597,-0.2438085161428814
24,-0.3134744642660363,1.9989129048507528,1.1172796497729165,1.550725696804097,0.1999498380912484,0.1490912560206293
22,-0.3001927666522259,1.597698799592065,1.5269477824356894,1.8059945702474904,0.1999862357669325,-0.194544936204527
27,-0.3069846787976075,2.113162201784469,1.3711854452875,1.2920858646861355,-0.0356899004842543,0.245778463359057
0,0.0777777777777779,0.3055555555555556,1.5707963267948966,1.5707963267948966,0.1980580779340769,-0.4044003507504034
6,0.0344479310398753,0.1756363559424305,2.2816902185466628,1.4230925784013058,0.20000000995602,-0.4835482552607886
3,0.0982060666104624,0.434430055889147,1.3100733409967278,1.6237861244274714,-0.0080700019848729,0.3350752741134691
0,-0.0999999999999998,0.15,1.5707963267948966,1.5707963267948966,0.1997652969348927,-0.2996355163111939
12,-0.1809223135415088,0.737874349423014,1.857751783975635,1.940591318661342,0.199987876377452,-0.1879139145128575
6,-0.0056775805194246,0.1813363672240339,2.3043402089413743,1.580604825839533,0.1999990814774827,-0.3706546234693631
1,0.0555538470723684,0.3577027565560941,1.5694186622884612,1.5712321671449598,-0.1998428290856727,0.2412784006410371
0,0.0555555555555556,0.2833333333333333,1.5707963267948966,1.5707963267948966,0.1425646116915318,-0.2481519194466702
5,0.0397122026452953,0.1972921380597037,2.2286891947176795,1.487820308768017,0.1999293406295804,0.0909073916003318
49,-1.0594947826641914,0.6828042063915741,1.4131307015803198,1.2962044077580033,-0.0252379289322972,1.1987807037003364
10,-0.1221562674483921,0.5579511332514593,1.8562320890512805,2.000556825212418,0.1999915387660132,0.0346614690131743
1,-0.0557180615067638,0.2250276836149271,1.637512140968118,1.5464536513434153,-0.1999069222630272,0.3978695748414127
37,-0.7298578203863589,1.4475140520590082,0.9103993075576168,0.865245720753653,-0.2000000045583574,-0.0651040757344799
22,-0.4086443065990536,1.6378654739553606,1.4936426235970597,1.5945981356971342,0.1524192394265455,-0.1131878746457962
33,-0.5031904493859858,1.7657882890772505,1.28986608238786,0.8736917845465904,-0.0628746726175892,-0.4911505519408006
5,-0.0088612410390517,0.1032907291761463,2.283161909380232,1.366655353733659,0.1999804137839122,-0.0237138423382984
22,-0.3736038889540737,1.6036063729511258,1.5133664506163935,1.714089189772825,0.1996751666958539,-0.0960779981820645
32,-0.4568451244897225,1.827796973341495,1.2946540425207953,0.9052999510210216,-0.1673993039086165,-0.47817641879868
3,0.0151607029383455,0.0859548367885955,2.0774597833540778,1.203874992936933,0.0487364375710258,0.1529972066604916
45,-1.0047829868271356,0.8645470319769104,1.1639408441868166,1.4055312512748672,0.087443090158746,0.4061638514629299
18,-0.3639163691490891,1.3894020845012036,1.5865347246315815,1.7070616547510993,0.1910267505607625,-0.0890604771818467
19,-0.3724949138430652,1.4418184465311636,1.5632611448552949,1.6946991851089683,0.1998527749782652,-0.0128165432105158
33,-0.5166188350151683,1.748636332830439,1.1694386340560985,0.9123720013921294,-0.1999803621953653,-0.1383321193332281
1,0.0554011650108869,0.2040096820957735,1.6406742120769362,1.5454910169174565,0.193464555771627,-0.0395694114520526
31,-0.3594295874031202,1.944450290480492,1.4616518663850169,1.1756096599721604,-0.1999999903305704,0.0213970812792438
14,-0.2218203072749227,0.9101496053549673,1.7112389961865286,1.9183778148432704,0.2000000099666181,0.0798988751580281
1,0.0777069381500952,0.329761663815608,1.55117375502852,1.5763097700067987,0.1193238976454212,-0.2393222524663464
6,-0.0821365330279134,0.1984676781955497,1.8873847807433943,1.4115819985225708,0.1994954847359502,0.3138359399080022
0,-0.0555555555555554,0.3055555555555556,1.5707963267948966,1.5707963267948966,-0.0062601169718007,-0.1035855045848802
19,-0.3418742916171857,1.4386135055646283,1.5965295516388025,1.7121064128441874,0.199957457168651,-0.0743427593129885
5,0.0776206210490562,0.1616814788148271,1.600096189477716,1.5591186165029487,0.107110734300664,0.3120705459049335
32,-0.4514984479069669,1.8435820673032504,1.45961068161645,0.9667188938756262,-0.1999909560480182,-0.3826820057067373
19,-0.3506017601614698,1.5310830052828834,1.468228271091439,1.7276078201397016,0.1996946593787587,-0.2247675892541901
29,-0.3787981912079515,1.9048212530159032,1.5006792890515666,1.0438651198929942,0.1686817084069983,-0.0335305877922394
20,-0.3780131140287739,1.5479351777003658,1.4650499569859845,1.6506626244878355,0.0567638941439627,-0.0302308616248167
48,-1.0741971097396568,0.7226228294684846,1.593369954326425,1.3107372273925,-0.2000000099753267,0.3061868024631531
3,0.0486151853273009,0.153975712720314,1.861079995581184,1.3975865973035777,-0.0048612561448089,0.0571739415059304
34,-0.5745684264359308,1.624522786889066,1.0345976586130003,0.8754951841579173,0.2000000099199718,-0.1789708326432074
1,-0.0117968978535022,0.2048704874215417,1.6763291219857075,1.5272472605160234,-0.1999026581272822,0.3117716940832983
28,-0.3724789529273887,1.987750116308679,1.479343450688992,1.2204288398185217,-0.027599114853876,0.0469630398669521
35,-0.6622873455944378,1.5404192807535433,0.9126636358585696,0.8782624714991386,-0.2000000073967625,0.1237540114215562
35,-0.605117917422094,1.5898244086524758,1.0645076661047082,0.8809027973252662,0.1763993924367086,-0.234225554535107
13,-0.2096605289893259,0.854643919208637,1.7404399896648268,1.9002525704633035,0.1999799094147591,0.0642031563280389
5,-0.0148174474044058,0.1491332470358014,2.174363837638173,1.3736126469539356,0.1997646393880656,0.2044170302205352
3,0.0077523759643917,0.1543438536512569,2.0313307673785017,1.3962478857984568,-0.1047818072621433,0.1676202707466319
6,0.0617750458333968,0.3453305246251724,2.2417597780611853,1.4767671661231825,0.199944334717242,0.1316517991679285
40,-0.8776421927959644,1.24976198423382,0.7021599347379546,1.0170972750332092,-0.1999999415539647,0.2030942966042452
1,0.0776965121123512,0.3021563550878429,1.542591949054275,1.579043218812826,0.1038759598994272,-0.3299366222117145
5,0.0628756379940908,0.211156092693148,2.32444487611321,1.5996179052192556,0.1999511824523948,0.070586549880988
31,-0.3821860706905398,1.9665137149243312,1.470910285660301,1.2299051089498223,-0.1999999210836311,0.1068020316612954
32,-0.4592879661018812,1.8148944261621296,1.4102050714812293,0.9311360848489872,-0.1744806294287015,-0.5531326821604187
0,0.1000000000000001,0.35,1.5707963267948966,1.5707963267948966,0.1415933412629537,-0.3774983539238071
19,-0.3007877745667002,1.4206753592600316,1.5939661162581782,1.8445306093783225,0.1998946625555701,-0.205074612159371
4,0.0388595681655268,0.1388123703899145,2.032374494769845,1.2367474138640435,0.0929835826628294,0.2561547865656762
5,-0.0267909410092762,0.1621665511067901,2.2376407916334013,1.5090498126442298,0.1999855182437893,0.0710638529709728
48,-1.0390718462439934,0.6911869685398393,1.6578735570099692,1.2523754287587452,-0.2000000099499596,0.2455392501113166
21,-0.3622969228226306,1.6182869511051,1.407331463592321,1.6618291932617606,0.1384665920603986,-0.0398966640445575
20,-0.3810857316170269,1.5294805750116405,1.481512569883142,1.645260384768498,0.0613963097610513,-0.0179490345548877
4,-0.0646913420589393,0.1159201379577783,2.0364837246623377,1.3023082163073123,0.048184207997363,0.1710654889177943
4,0.0503224538956026,0.0725843432995959,2.0784316743400435,1.334013483761871,0.1742545340943309,0.280958483035687
4,-0.017534362322385,0.0707178845120067,2.197889373698507,1.29168382530367,0.1999565587614792,0.1838530954884348
0,0.1000000000000001,0.2611111111111111,1.5707963267948966,1.5707963267948966,0.1479827513564997,-0.2135011802728961
39,-0.8416668122323426,1.3073364294084917,0.8682470959991302,1.0212476569208946,-0.1999998930246032,0.1207665585363251
23,-0.3483506230461304,1.6863443833402456,1.4273607666280608,1.601855329075079,0.1999818461664297,-0.2574313332518967
48,-1.0387108582696285,0.6913875672468154,1.636842173584972,1.263609730338579,-0.2000000099480517,0.2689677413825744
26,-0.346583410988563,2.028908518185742,1.2556152380302337,1.364395580672395,0.1335087685344162,0.3035483697488996
3,-0.0362030494999785,0.2893626493043875,2.028868884840284,1.3709429802126896,-0.0896080882021326,0.0951120002334244
47,-1.0337500036514455,0.7099145989341153,1.5089717182007174,1.3244453027093792,-0.0876331519365751,0.4894665676262634
39,-0.8573768419479081,1.3899803569025544,0.6677304776993136,0.9154160182920684,-0.1798535118629658,-0.2042375029807957
46,-1.014563073669709,0.8071122525382796,1.2966536852207522,1.3988177153647734,-0.0952156604462877,0.5415935976998769
47,-1.0498223082817966,0.8051549517043698,1.310110201188598,1.4161048310513291,-0.2000000098864888,0.2759649675415579
8,-0.0274300269111142,0.41544278457559,2.1985525945809226,1.934255377575516,0.199986066118732,-0.2047933124166434
34,-0.5953024736720199,1.617015422816906,1.03516906226543,0.9402479110878114,-0.1999971941517467,0.0723583708655018
21,-0.3660875674065642,1.7223880200409778,1.447878961374668,1.581008185241607,-0.1339517622272433,-0.0841245283469721
0,0.0555555555555556,0.2388888888888888,1.5707963267948966,1.5707963267948966,0.1998516155651503,-0.1585819396226601
30,-0.3397980866854604,2.0090019437692,1.4968969310310225,1.1456977743714396,-0.1999974595514968,-0.1558436848214076
0,-0.0777777777777776,0.1944444444444444,1.5707963267948966,1.5707963267948966,0.1999210610547306,-0.2055364662061665
7,0.0800512387024464,0.410624618653385,1.9174539866533613,1.4974324639516612,0.1461490947210709,0.0806315754840834
22,-0.4542890129486281,1.5345627198880891,1.5749581540611128,1.7256085047002951,-0.2000000077170562,-0.0673164182000586
5,0.0526718946745112,0.2271926268401219,2.132917848476444,1.3454234696266694,0.1999683717396883,0.2426840306707692
49,-1.0627084333185013,0.6828314161460354,1.647706856080566,1.1344853213975137,0.2000000094067972,0.9257955717881622
16,-0.3144041126927852,1.1239347471802668,1.6319572911124394,1.7746954829589314,0.1999641059286876,-0.0665306695737634
18,-0.3637347122855606,1.3596854990977916,1.6250128574400968,1.6519510053795383,0.1996325727130047,-0.2991251571780723
26,-0.3441797047920559,2.105174558055083,1.2935396759447195,1.328230315151586,-0.0519534007337709,0.1906081748505034
17,-0.2823390449307453,1.2635221752637724,1.61928686598805,1.7928371221309995,0.1999758980394921,0.118439861194657
0,0.0777777777777779,0.35,1.5707963267948966,1.5707963267948966,0.1440783705208794,-0.4107504781880083
26,-0.3596389941650128,2.0385706331368767,1.1959603140738349,1.3891808143710944,0.1998124416636748,0.1409741607749759
32,-0.436280587179425,1.853912338203049,1.2901153872397284,0.902749492333574,-0.094882500504037,-0.4650044385609623
16,-0.3410222313329557,1.2667198717844763,1.6038992154088358,1.7170731085154876,0.199989637946395,0.028028378661212
31,-0.4103004441540513,1.844051384579728,1.514954307177339,1.5432217700731692,-0.2000000099355565,0.2662666639495852
46,-1.0156694264639388,0.800346880626934,1.3061751770463328,1.3966361259364024,-0.0678569438359,0.5260136996436309
7,0.0733113359030284,0.341526155131595,2.148418938531808,1.7147035463226927,0.1999619678561123,0.1201991420927731
46,-1.0132109716152886,0.9541113882687522,0.9302362902697664,1.2815876212607789,-0.2000000099990495,0.2441711168684824
0,-0.0111111111111109,0.2166666666666666,1.5707963267948966,1.5707963267948966,-0.1998195127797371,0.3687586470194451
18,-0.3049690833870809,1.3375283683354504,1.6680888185856393,1.787854351963529,0.1997095178864575,-0.1020619488898917
28,-0.3307586528764087,2.0170462500055377,1.430077333995376,1.2438859515815746,0.0406305611794451,0.1872552367834606
34,-0.584786491191491,1.6537856104392843,1.09221303375927,0.9025149496425238,-0.1999816256641695,-0.0648163073398451
8,-0.0417491732399484,0.378380092140322,2.157408700385366,1.913648813185652,0.1999817081198776,-0.1633304604437056
29,-0.3903664949929711,1.9426515044417356,1.4889302822437624,1.1872408148791047,0.1926562356739425,0.1042352570198287
1,0.0091577216460276,0.2898648243322211,1.724551216759954,1.497216823161006,-0.1782045240521831,0.2341191035400691
15,-0.30177735316016,1.2280095615833495,1.6784264941952587,1.7808541627854526,0.1999750564147527,-0.1674378753450951
9,-0.1009821570215144,0.5062529392484088,2.0054952474918704,1.935390560484831,0.1999666720405682,-0.1158156655981616
14,-0.2541005889501399,1.0913999831251024,1.672620304908197,1.901922058797982,0.1999813235869477,-0.0115521877499386
5,-0.0186388457537862,0.2231685223804795,2.0978817428138594,1.3135250843267554,0.199974374605557,0.27057728938993
1,0.077889442219446,0.3680752257496196,1.610973642268453,1.558983144248695,0.1735343496349936,-0.2830476652344361
24,-0.370101649399244,1.936552552477714,1.2811143855240683,1.5214749829513865,0.0001599554479972,-0.2195034841324733
17,-0.2807465814566178,1.2427844088808728,1.6361266798493146,1.8514442029806304,0.1999900461994752,0.0804304109674157
6,0.0622270669249677,0.4636461865395483,2.260617294409548,1.6614867648226062,0.1999377183173993,-0.0553814836852747
41,-0.9390816304502286,1.1148705295798915,0.9713494681366628,1.1390951195001189,-0.1999994807996933,-0.1585708051740778
0,-0.0777777777777776,0.2833333333333333,1.5707963267948966,1.5707963267948966,0.1997182121031883,-0.3612153276465669
18,-0.3500248607616586,1.4520647290555249,1.5655838708069665,1.7002268822098334,0.1403955771116494,0.0128097073877156
6,-0.0318832144891589,0.1888067133173186,2.247596768063337,1.4559551940212647,0.1999920540653598,-0.0682003599487787
33,-0.4422570625910181,1.833463587927025,1.4584737616267542,1.048463334231344,-0.1999998688171428,-0.1495529146216237
0,0.0333333333333334,0.3277777777777778,1.5707963267948966,1.5707963267948966,-0.1997317424188848,0.3180073275846303
35,-0.5691118916114225,1.633743272920489,1.054138229289327,0.8776618488590636,0.2000000097275782,-0.2062409083232542
23,-0.3824045550788086,1.6524452823605196,1.4401522810247285,1.5980803081651658,0.1997863965917866,-0.1856997873376332
4,0.0778514687505758,0.233826770107101,2.132943646111761,1.3720378333352348,0.0084962904524206,0.1304113229957451
22,-0.3435452609077864,1.6299135208289086,1.4515698003259043,1.6298167980662404,0.1999671153448744,-0.1625276276170316
11,-0.0807306478555119,0.7086860187342865,1.9449307757614225,2.1331078368583687,0.1999798493147345,-0.1607171250628387
45,-1.047883016574418,0.8729501154413819,1.24561316619185,1.427713740534176,0.0455853721186418,0.1539186883333362
36,-0.6011327397800728,1.6133775296464568,1.0115914131191115,0.9363333841043268,-0.1999999802561455,0.1106924430863079
1,-0.0999567701170693,0.3080252703753351,1.668604345121656,1.538683903779998,0.0253550023908403,-0.2086999472111541
35,-0.6040254374030393,1.7011410797972943,1.01718141610292,0.899704666628004,-0.1999999896828986,-0.3178072007478827
12,-0.1892709614700903,0.7365777930688941,1.732719556489263,1.9582122716020829,0.1999819874785984,0.0945757136086759
33,-0.4787341182071148,1.7982273543631948,1.3811593568560223,0.9872697764032076,-0.1999833025938236,-0.1925626542460498
6,0.0528025427693364,0.1638779752980877,2.008960391455565,1.3812999123123717,0.2000000099661637,0.0659853235856575
4,0.077762457751502,0.116460637236118,1.916966219493423,1.45189933505874,0.0736035254146207,0.3354079391135158
7,0.0269750870243871,0.3679119832456273,2.3264887491848807,1.8095528420139355,0.1999884318081012,-0.132206549769446
44,-1.0187166599938526,0.8437439667586103,1.3736274591736517,1.3516631218864743,-0.1999999630632613,-0.094054139218632
32,-0.4068027267284166,1.857688082674665,1.5139350714769702,1.5436624332491875,-0.2000000099491523,0.2212529425925575
26,-0.3916355507163641,1.9615014015446968,1.2559317807343344,1.4784655257226398,-0.1999702309066074,-0.295944893948244
36,-0.6319900411576796,1.6287837300525538,0.919397254535232,0.8092093375445296,-0.2000000087622808,-0.2425677310853287
9,-0.0781605670545653,0.5791224745749978,2.041384053477321,2.0040403448521493,0.1999612343358957,-0.2201409139036368
10,-0.1327522647440779,0.5617301860852637,1.8827965940269005,2.030392736865219,0.1999716013761905,-0.127884592998365
49,-1.083732898700363,0.6870169175627655,1.792230942347322,1.1845149003128104,0.2000000097386529,0.7081299801195939
35,-0.6613653879922933,1.5752660686025142,0.8836262613346442,0.8830814764695261,-0.199983859503472,0.0360579730185349
4,-0.0029371277364512,0.1097753410989496,2.061156162121568,1.2559721323026507,0.1374722846928837,0.2825555360056614
47,-1.0657713857528663,0.6892630084540726,1.624615273499165,1.1579675251282897,-0.2000000096586455,0.0818699261747876
14,-0.2558265514765323,1.016530422543355,1.7093975330379347,1.882669060667964,0.1999751906588694,-0.0899826015998044
10,-0.106165459509145,0.5581755108749047,1.9094432788577416,2.0552487736792777,0.1999824533930746,-0.0655911790865337
5,0.0634192143563188,0.3259822776615149,2.2226919156206906,1.5452092853647843,0.1999232576409111,0.111548822728099
24,-0.3335897851314232,1.911307440990745,1.2191315899279456,1.489518912469504,0.1999352955573482,0.0270885951848191
3,-0.0348901134879164,0.0646672815853375,2.0343017439034323,1.1679529086851843,0.0569904606149936,0.1942200937406216
31,-0.3961154987613168,1.8847312315420663,1.5025188560273983,1.558742384394945,-0.2000000099408287,0.2603650035931964
23,-0.3911818745757136,1.7379943556143256,1.3727978887644152,1.560117213160821,0.1336765443162418,-0.1303317147884771
29,-0.3655591039732576,1.9386174841790025,1.4548244523492198,1.1743702538410907,0.011660778820421,0.0971353342381579
27,-0.3469386581131275,2.1926888133115185,1.3832613500442843,1.3400904593120144,-0.2000000095186332,-0.3296234783470177
42,-0.9815803783738624,1.0283279330545705,0.9428323077777836,1.3412482767222098,-0.1910958076634319,0.3838771886198944
0,0.0111111111111112,0.2833333333333333,1.5707963267948966,1.5707963267948966,-0.1997800309462382,0.3619618367486967
5,0.0373252731070514,0.2225635023939873,1.9889006347837903,1.6092102516622555,0.1938922703265419,0.3170473395001703
9,-0.0930446447172045,0.4990127638500015,1.9923084835198264,2.031429550199492,0.1999676916230083,-0.2311059363565384
4,0.0479216519845954,0.2128086659470494,1.950977929928575,1.3534610322991396,-0.0388292195786678,0.320143144546608
36,-0.7111937760312151,1.4845853895179064,0.9266508063909152,0.8929026490090551,-0.1999817867605892,-0.0165336242647358
18,-0.3208681957777113,1.288545188639565,1.5869090045478682,1.6838488153786113,0.200000009970977,0.2260997953336016
32,-0.4412692891235696,1.86057193515094,1.4479080672052245,1.064549808752926,-0.1999999153490236,-0.2616127665809156
27,-0.3096503342504457,2.0702131371725554,1.221156341084514,1.3590185690779122,0.1999686585126873,0.4147432444675982
29,-0.3921217872032404,1.9388377252632591,1.511941866078649,1.1548105115217056,0.1936947085552424,0.0516639023047169
7,-0.014271462492978,0.3063762479560479,2.220605802783046,1.7435563521529298,0.1999226627949324,-0.0419373989833319
7,0.0554617043851565,0.3879826561698587,2.261753567555223,1.896695890194802,0.199953663558536,-0.0676184354638026
1,0.0303782245371431,0.1185432385425129,1.6939233713610946,1.4994729277970285,-0.0519863296001614,0.4197872046491958
29,-0.3623787068049248,1.939183297745674,1.463667963692222,1.1782409113089996,-0.0204480955317012,0.0838555005849094
18,-0.3570489138373395,1.3048352163032269,1.6182127260234864,1.6741699531153635,0.1999497917524481,-0.2983724902682292
24,-0.358256613267333,1.922771642701133,1.2313425047930815,1.547435256396069,0.199915666189603,-0.158463157736328
3,0.0553571809144284,0.19668822530816,1.6319703488287072,1.5478926410806348,0.0253449890617884,0.5192180463982055
4,-0.0852454034035227,0.1977527687597526,2.029398904242788,1.324219505212994,-0.0498691739244878,0.1511230591844629
28,-0.3717559718123621,1.9857070901525995,1.4836901361730437,1.219712161236509,-0.0320731975894035,0.0556433259263775
33,-0.5582795491431806,1.652240352157598,1.0711615989592411,0.8841197343862613,0.1999999854301934,0.0182011117834425
6,0.0641968099737096,0.1948099735561202,2.247954980531011,1.5490810542449782,0.2000000099555349,-0.4441367198534096
3,-0.0551409335379857,0.3764350614603287,1.6352562877025942,1.555884124107362,-0.1012475339173327,0.5086314040537454
25,-0.367420565890666,1.9431962428431049,1.242210456926398,1.482703496563729,0.1996539868827578,-0.1862090251166977
22,-0.3524805695455278,1.61036875866619,1.4221098172154765,1.5733444326788144,0.199965534685114,-0.0846966779565651
9,0.0839410287366689,0.4668060462626572,2.1290227147426943,1.5303154548776,0.2000000099573406,-0.1161814721441709
9,-0.0878529085147579,0.4582737396257623,2.061572686829839,1.4185364115118977,0.2000000099552854,-0.2105624655199312
4,0.0533078387474535,0.1441270703895938,1.922869981327329,1.421284846315862,0.1997399236284443,0.4560716024670988
7,0.0137767916894226,0.3241816413807332,2.2775199897812994,1.645297128138612,0.1999605722429961,-0.0137090630735452
8,-0.040185901179944,0.5056482388547331,2.128759236135755,2.0369135019418247,0.1999567448304677,-0.2908737290555231
9,-0.008491911767276,0.5762844477808248,2.15493726457027,1.9347345034860568,0.1999684095958133,-0.0691153028171201
19,-0.3245315180775691,1.4012157050024108,1.5652185092356543,1.795115525170948,0.200000009938041,0.135866317851622
0,-0.0777777777777776,0.2388888888888888,1.5707963267948966,1.5707963267948966,0.1999070639965726,-0.2955083059516239
2,-0.0397042178525878,0.0723577024178742,1.869669065871511,1.399345422538066,-0.1995373049787294,0.2867236306213273
30,-0.3777957567006431,1.9464316527993224,1.5971024174194297,1.127896880832853,-0.1999496337072399,-0.1327502756200016
23,-0.352842389808118,1.8197855922318704,1.3682891529039192,1.556133137946938,0.1673939168662295,-0.1765907119461232
8,-0.0532768230511444,0.3578662154984642,2.21098176861671,1.879116743749752,0.1999974894795134,-0.3165679044739366
26,-0.3253457798021834,2.126964585399929,1.2680447226865152,1.3553844946864972,-0.0739100350460782,0.2905534881029324
36,-0.6858784063401001,1.5796573513620549,0.8551173629846911,0.7923999898833652,-0.200000009520713,-0.1205808130647353
14,-0.1970569514474034,0.9898685310409095,1.7223220030453543,1.9596348184202224,0.199977425372279,0.0847557681961012
3,-0.0517912286648149,0.0230682675747901,2.016477839150701,1.2277089311974287,0.0590648861990387,0.2366924102108055
13,-0.2552591097687178,0.821078240635112,1.6867264628312109,1.8865224494214143,0.1999785623331772,-0.0417871762873246
0,0.1000000000000001,0.15,1.5707963267948966,1.5707963267948966,0.1999174993829113,-0.2489113344557941
44,-1.0190640727082212,0.8489584066133391,1.1476177952441025,1.3961836784083346,-0.1657893483721421,0.4926276193274264
25,-0.3567382653928966,1.850807794003401,1.299047359326158,1.603017418757832,0.1999290955512702,-0.290307677396464
11,-0.1816053146185554,0.7697604655932149,1.8101234594967703,2.023834825115391,0.1998634882937103,-0.3012563348815839
29,-0.3591832190737174,2.067533854613948,1.240733296671186,1.3359744245353429,0.0018872131096285,0.3845357350111557
10,-0.1291222470066982,0.6260803328157568,2.006270903223429,1.854087790603955,0.1999628275466918,-0.1538527990941042
20,-0.3798521618663672,1.5441010690634291,1.5124354744937758,1.665864293115649,0.1074333745108834,-0.0504783415168317
47,-1.0243833244011649,0.8079459939072607,1.5821368734790533,1.3219562836551593,-0.2000000099632304,0.08629407063928
28,-0.3658833936840058,2.0255439432151814,1.171252886825476,1.3910727165176917,0.199970793185687,0.4476897627536966
21,-0.378999716708707,1.6403685343891523,1.468463678905044,1.6492378407362855,0.1995255618431649,0.1756974727400523
21,-0.3731576778999712,1.7164081309874153,1.372760637652119,1.5701858538832898,0.1504488149865599,0.0691133439794319
15,-0.2663110067311242,1.0295537857813766,1.6399561362948756,1.818207302780027,0.1999907037259302,0.1579561433913337
47,-1.0474675566775498,0.7114063454919153,2.2913384726878743,1.0653589617745087,0.0236905391703681,-0.0985329266512648
10,-0.1192593962673053,0.6622866073553336,1.9308618186649424,2.0542912396087267,0.1999536052151425,-0.2397324608967977
40,-0.826519486408324,1.3781016266149315,0.7157900863693332,0.953462054294692,-0.2000000089870452,-0.0946059993430765
19,-0.3733577854349335,1.6172095353445957,1.4557601931181292,1.6348167826371849,0.0566020279567062,-0.2119734222400781
11,-0.1183071032327205,0.7559201208937039,2.0345513519488323,1.9185656541209144,0.1999548914587986,-0.3354026678093587
42,-0.9429522655296732,1.2535051433335296,0.6836931119349341,1.1007278924106962,-0.200000009938718,0.0405066597706224
17,-0.2375298338377638,1.2331306108891105,1.707712316015039,1.9589871013709823,0.2000000099931463,-0.2045645545851384
25,-0.339878519169663,1.9073607508770072,1.2201443249967436,1.46732927319723,0.1999830810821871,-0.0294295858594796
35,-0.5643857859217246,1.6354640212299223,1.0597191164877753,0.8779884069901893,0.2000000097358346,-0.2131698592344692
1,-0.0777794539982304,0.3275263203060271,1.624346506842647,1.5529087261706704,0.1364181705609254,-0.1773345528581301
10,-0.0227140751118293,0.6181604545395533,2.116014194735561,2.028542946527564,0.1999915427196953,-0.1259178654667678
8,0.0960595647257418,0.4960405910241213,2.1440839134913445,1.7678230122825398,0.1998744376514722,0.0244702956421194
15,-0.3049445185472509,1.1365020916236666,1.654574648537908,1.8227970438304213,0.1999772190549313,-0.0973817792941748
10,-0.1214017884857461,0.6457676540511463,1.890025512376104,2.096849484295474,0.1999844785093988,-0.2074285169453438
11,-0.1705287094755717,0.6702783874772725,1.7941772575166564,2.0056472350800023,0.1999911477821011,-0.0337592915189595
31,-0.4042683189511638,1.9238909754917544,1.4939892174130318,1.1043189300821616,-0.1999848062792391,-0.0984643331382438
4,0.006349978996219,0.1035323447191385,2.1959190229561667,1.3192743403901173,0.1421043956370338,0.1578882925651403
0,0.0555555555555556,0.3277777777777778,1.5707963267948966,1.5707963267948966,0.1453550219856765,-0.2790400847193641
6,0.035902092211236,0.2855593504579828,2.312239248427548,1.7420101287831715,0.1999652757259548,-0.051899814423667
9,0.0191594882645873,0.4929415651187055,2.205323071279798,1.9242616885339567,0.1999948048903816,-0.0902028912166067
23,-0.3807133778198329,1.65216999164321,1.4395299973574025,1.601022560153632,0.1997951258427774,-0.3218815676604135
12,-0.2039880707875473,0.8854911213437722,1.745650173225675,1.916132219782596,0.1999673536624055,0.0676426447349712
4,0.045818715190981,0.1605994888875612,1.99849492410687,1.315110091917394,0.0555678769952849,0.2935251343020494
45,-1.000871483812312,0.888781932587681,1.1280793445792536,1.4024043709440868,-0.0097728790778494,0.4637559862816134
11,-0.2013924365746549,0.645834225654262,1.7974441486657688,1.937573598068975,0.199989176099405,-0.1500596031234857
23,-0.391469228482991,1.7005937288680586,1.4926128471877913,1.619253451918042,0.1998891839798835,-0.1612053516200529
35,-0.6378625714613734,1.566659975397142,0.9574533897128444,0.8806741677406714,-0.1999999994955685,-0.023887510216358
8,0.0203210109397968,0.4875715158510004,2.198211786397968,1.8261060041889217,0.1999652242462666,-0.0218029076320961
9,0.046046398598284,0.4908870142398314,2.051167441816094,1.835093226727584,0.2000000099936611,-0.1674341932110069
14,-0.2884671256117133,1.0729319462119502,1.683278271057878,1.828243764089181,0.1999538540060383,-0.150861863350491
40,-0.7409229103705465,1.4118534802392515,0.9406550834563115,0.9463172129583548,-0.200000009759364,-0.1595939666936646
22,-0.3625856419765644,1.660167918882328,1.487004973465914,1.665737248664569,0.0862444043477202,-0.1652394492576656
2,-0.0069612374306158,0.0684287382309395,1.901083962121282,1.290870892576915,-0.085526353968204,0.2140368057877502
6,-0.1046317338712348,0.2472643681810122,1.93876746396092,1.3888050448062812,0.1810930492026564,0.2385027513936036
22,-0.3475997671023978,1.736071479823298,1.3139358425370364,1.6285149952594578,0.1999383550434731,-0.0595070588975687
18,-0.3630396574568156,1.4932002762115653,1.5116515616562705,1.695448611300213,0.1999192846028432,-0.1913174691084685
20,-0.3790512233876513,1.676998157406531,1.4427896412697176,1.62627736771045,-0.0907112253399061,0.183079136537246
6,-0.0475763606173076,0.387796769308788,2.1983568417516093,1.5336525371915484,0.1334121337282585,0.0984100619622051
45,-1.002109858908927,0.881495617354275,1.149482195326362,1.4038527041844726,0.0184818367951322,0.4383200060049002
29,-0.3682299552250491,1.945050526095027,1.547355287769113,1.137070274303156,0.0523338441416901,-0.0310353483148053
41,-0.959401128368221,1.0711308285679209,0.8728349144246916,1.2305002322325396,-0.1998951593309701,0.3291929666004478
19,-0.3814457671432965,1.456472016282368,1.5122230584409575,1.6441198945388793,0.1997986767903415,-0.1214124879352711
42,-1.0005925531743638,1.080618792680694,0.9476496251907688,1.2909877237631666,-0.2000000029962094,-0.0681147324505237
27,-0.3769107273116245,2.066398848244904,1.2292623604324202,1.4117113249737023,-0.1999997365462658,-0.2544477436048219
48,-1.0524264050225762,0.7153167803169375,1.6379832675721615,1.2014369808352894,-0.2000000099645576,0.2699442584349332
3,0.0559574587971715,0.1359751897869672,2.052218557396208,1.4044867618175498,-0.0311716185084911,0.3028153037216359
15,-0.1967102949623803,1.1924444417617823,1.7886550510909895,2.006264460487645,0.1999680791695136,-0.1576523118837235
31,-0.4187401591271135,1.872439338289116,1.5401915351048912,0.9984587234398452,-0.1936525718470248,-0.4081359688515868
39,-0.8269493643941653,1.4280245725658072,0.7048197845604758,0.8663265651811742,-0.2000000099130652,-0.0561569930167796
39,-0.7893977435680006,1.3836669315810342,0.8547927747156958,0.9691152453270628,-0.1999999867729358,0.1591394607695566
33,-0.4524268739885115,1.7934979097113264,1.4923653351750712,1.0648679762444295,-0.2000000093618416,0.051419499942726
47,-1.0513832647742414,0.7997880100989389,1.3510545390334467,1.4072543632176076,-0.2000000099175751,0.2457683217560821
44,-0.9757392145887528,1.0317707058334442,1.0553148113565731,1.3330924008234764,-0.2000000099530637,0.1693364027607601
23,-0.3815129963092854,1.8500672565061176,1.3410216803338866,1.5676291653371828,-0.0076978875732123,-0.0988247464587212
7,-0.0579255750458404,0.3130934206950962,2.180653875695714,1.913125729244576,0.1659403453588222,-0.2930018508888254
41,-0.921938319391887,1.1698518842245855,0.7043216536429266,1.154047519785396,-0.1999999483308978,0.4413554309684026
1,0.0555173944160369,0.3202784821620784,1.5541764433172087,1.575801505074807,-0.1999334941136009,0.2262664382404448
13,-0.2687633756301248,0.8161569473419802,1.692071273415282,1.8516394636223137,0.1999832305796199,-0.0746698409492266
17,-0.3588584693295885,1.269693795971452,1.619425349929605,1.6965516135728207,0.1999752262000097,-0.1444371219626374
44,-0.961161957874826,1.0944146056632542,0.8039157754417996,1.146669090335759,-0.2000000097288598,0.0357517119793446
26,-0.3385387539668534,1.9618426882107007,1.130033359923635,1.4509231794942774,0.1999937088028378,0.3876495347769162
12,0.0490976431345177,0.7222096304140517,2.065850143381629,1.851908802239062,0.2000000099629761,0.2266308171250916
42,-0.9617420293518052,1.077773331911465,0.8983484588908648,1.1815898104882123,-0.1999999704578334,-0.086831571314284
47,-1.0294025025350708,0.7276727838844878,1.417153094955955,1.365783335364919,-0.1578863075423471,0.6666000342161367
19,-0.3527346560181241,1.5008991970647767,1.5203013057496886,1.7323831031025043,0.1998880035019151,-0.1890786644047733
27,-0.3007197054827136,2.115247818631509,1.257121150442634,1.326828604666468,0.0505974719816032,0.3599533126007663
4,-0.0013098305504227,0.1719996551408866,1.9276952380922177,1.3222512159104542,-0.0072933193375324,0.3101583526760983
17,-0.2993670630461031,1.188794567597749,1.6062378520753722,1.7696057618757848,0.2000000099933652,0.1730542982419957
1,0.078039279417964,0.3030051737209706,1.6573770205166678,1.5456137735535207,-0.1341689200010879,0.0222708306865272
49,-1.100803731542466,0.6041690566739363,1.7947111144517347,0.898140960013708,0.2000000099753323,0.6236347218827208
4,-0.052151673601536,0.1476681631753232,1.9911184246328213,1.2325118562887885,0.0348705256284502,0.2289103977928947
28,-0.3516841693568956,2.07945476668511,1.3542938018052382,1.2963549287435083,-0.0960052964217678,0.1270430909291903
48,-1.0935000710197909,0.64359500009262,1.7828933196750023,1.1271276182914,-0.1279278890481675,0.1691654363674068
0,0.0111111111111112,0.1722222222222222,1.5707963267948966,1.5707963267948966,-0.1999402509556357,0.3794902419739215
2,-0.0341067698198129,0.2665486930122194,1.7364916438844542,1.505466607581359,-0.1916710220447772,0.3642707574367266
33,-0.5175868515067431,1.7394160014202475,1.15001987957383,0.9133725728354974,-0.1999946234796752,-0.116612916915557
7,0.0244001355708497,0.3568910301599683,2.233163201310907,1.801507009281056,0.1999327452853878,-0.0044910442280443
13,-0.1008881096602999,0.962954364706156,1.8949890519168715,2.0463225254449866,0.1999770013030744,-0.0100832616103991
3,0.0777228495144866,0.3190141175578215,1.5620386759426932,1.5726522040665398,-0.1522533034668545,0.639651619079953
39,-0.8275842661768088,1.4231695308732937,0.8406706313279013,0.9407826288100452,-0.1287706918170239,-0.2589624485877038
29,-0.3745325694698243,1.92112006727076,1.4649480367687089,1.125682243817617,0.1124839813598512,0.071332117091286
2,0.0538729965874358,0.3239172987770862,1.869400517144476,1.4473049514881668,-0.1998316869043909,0.1229042867159528
24,-0.3431540068386337,1.8912283921405613,1.181490601101194,1.5032839283694883,0.1999476486730735,0.0949244264107506
12,-0.2489285873425333,0.8008922047538191,1.7230014848199229,1.9082892306378965,0.1999482965502736,-0.0935709785857722
2,-0.0268371560557574,0.0762487911007238,1.9021657715227944,1.309145483555979,-0.0876313284940918,0.2378080004533248
49,-1.0759342949324422,0.6325873162400136,1.596656140932117,1.1819016441233918,0.2000000099340163,1.0034090574762426
29,-0.3868081824338467,2.0211307090798747,1.5446298057821135,1.1852227233587145,-0.0649761784183539,-0.3946574172251338
3,-0.0723957598454639,0.048365182140754,1.9916002015259604,1.2545404481284774,0.1998622552270106,0.3358795224098672
38,-0.7937069549480242,1.3646939391077948,0.8260019133475165,0.8876683281442621,-0.2000000091289571,0.0548497228209587
15,-0.2734068873665606,1.015225035711382,1.627421666928802,1.8027221673737743,0.2000000099932875,0.1797914954528072
38,-0.7923249733945656,1.3796379057318844,0.8521563215788941,0.9678255227810898,-0.1999999145798502,-0.0669827512097528
12,0.0117523263360699,0.8099902290971717,2.134541508802448,1.9763533127134485,0.1999957502992888,-0.0263281214596026
39,-0.8345182977848596,1.3172577953019586,0.8221278126027922,0.9973360302568792,-0.1999999954805228,0.1444358603827533
8,-0.0965045753776821,0.3200235605184746,2.099324462064777,1.4475724975404654,0.2000000099593551,-0.3352689525243997
28,-0.3741540087499363,2.0815083173072537,1.4961428167906146,1.257638895709583,-0.2000000093436521,-0.4396513028175416
21,-0.4045065000668759,1.5943484311709513,1.4967065835979323,1.6242873999630263,0.1998185529175602,0.1362946745127034
5,-0.0109261737149444,0.1387211978592578,2.186700270571981,1.4095365063869534,0.1999001013808194,0.1436267922496069
14,-0.2165558490934863,0.9640459319151587,1.7168992357936244,1.937430197597688,0.1999382348375303,0.043843310324162
20,-0.3666484184792407,1.4612325180336727,1.55299382383493,1.659513371148059,0.1307152744283745,-0.1314447586192155
27,-0.3154389924575491,2.0378138940453474,1.1718353713538985,1.402213360633768,0.1999851847960266,0.4562553062166115
24,-0.4082317361993176,1.7581561461892798,1.4975933591511588,1.580104789052004,0.199999995445712,-0.3850322113148281
16,-0.3093214606936474,1.072173664265765,1.6326616975155217,1.7908705852711009,0.2000000099418577,-0.0645527048568553
26,-0.3682794872201956,1.9425122159016668,1.18151851097611,1.4842573676304929,0.1999656577362281,-0.0588327402342972
47,-1.0418229234617946,0.913620131026694,1.13793379167584,1.4199261358384745,-0.200000009981075,0.3713410099795229
3,-0.0313249142832504,0.1487095959821094,1.9703544760730605,1.2361770754773955,-0.003971441728487,0.0764213731700928
4,-0.1264539742884118,0.0854977221300774,2.0167056372450283,1.1458233131586837,0.0738987486104739,0.1862641123390573
10,-0.1494456583800116,0.5702836274322677,1.8570796186712129,2.0367000185212394,0.1999544780973356,-0.1841655011814478
1,0.0772629892469046,0.3091125174211097,1.490053215124879,1.5895544238991917,0.1134068459755148,-0.2892368467654612
13,-0.0955523455251036,0.8387062756575647,1.9136397624996049,2.0657555742908125,0.2000000099491582,-0.0139025475960607
13,-0.0885588417579704,0.9226681747277408,1.97932373048899,2.083811631274491,0.1999329006971548,-0.2878265861615173
0,0.0555555555555556,0.3277777777777778,1.5707963267948966,1.5707963267948966,0.1453550219856765,-0.2790400847193641
31,-0.4029597942285348,1.90490904524772,1.5518448973330052,1.075870421203484,-0.1999867758676277,-0.2654769555218728
2,0.0544688859408838,0.2464858230523221,1.7234347658839564,1.506459474401459,-0.1197799866814878,0.3662835314474299
8,-0.0513812474068388,0.4233749300005462,2.118941263356481,2.0089987229127635,0.1999838332567466,-0.28421665114584
47,-1.019932842391364,0.8469213451260936,1.1457376378264763,1.3382496031907931,-0.2000000099825985,0.3772268939610799
22,-0.3432776676102452,1.7627026919173892,1.293371284221867,1.580386367060595,0.1999371685090942,-0.0787463491018355
32,-0.4786512160637805,1.7968882670657529,1.3165343693594762,0.9073911167914334,-0.1237142864833943,-0.4034256515089993
20,-0.3299384186367062,1.59647969724968,1.540716049322162,1.7667714774908694,-0.0368660295170781,-0.0412991263189253
0,0.0333333333333334,0.2166666666666666,1.5707963267948966,1.5707963267948966,-0.1997909226200475,0.2462540891719368
30,-0.4034230579911435,1.8339743244690965,1.501425691941057,1.55962938035874,-0.1482128099398789,0.3454563384924379
21,-0.3676771187862517,1.608308917442448,1.458191772052322,1.6447816827549464,0.1291307978006068,-0.1149713098363061
16,-0.332363020053094,1.2563002343397067,1.6239292743292193,1.7689195258488015,0.1999739544540821,-0.1687700610560571
21,-0.3421156817011859,1.551339615800799,1.5268526608732085,1.6251085058215085,0.1999590978078815,-0.0916110533591839
8,-0.0593562783522595,0.4004003544081121,2.176765268895404,1.912642706272664,0.1999048023710423,-0.3310443787925409
9,-0.0903621172824542,0.3923752960403351,2.0543601709094386,1.896561422779499,0.2000000099467229,-0.3661718459154641
49,-1.0990388891056813,0.6166359881212077,1.7765704492736694,0.9157709340542934,0.2000000099679682,0.649797096704845
27,-0.3581250448204811,2.0411896435136097,1.3804575140264372,1.2899197990485098,-0.0619257793947264,0.1314943744129078
12,-0.2367237318316181,0.7232365290634919,1.7079724616428118,1.911197916646384,0.1999877737088016,-0.0359679093403935
0,0.0777777777777779,0.35,1.5707963267948966,1.5707963267948966,0.1440783705221283,-0.4107504781903857
48,-1.0457792009070392,0.7210522389651276,1.595906728662442,1.2677550763670338,-0.2000000099945587,0.311838838906101
7,-0.0139255782833734,0.2827532435479501,2.237205450483833,1.7384266832798394,0.1999923590563369,-0.0856073355355252
23,-0.3801296241429076,1.7365800041983177,1.345809819173937,1.5362985511324478,0.1997059630529647,-0.109909573297649
13,-0.2142860188543894,0.8638828995143794,1.7452455396440367,1.9493708649906327,0.1999760130811887,-0.1011251845204679
27,-0.3068365189381679,2.099150851000059,1.3122798735883574,1.30874373948856,-0.0410355777011417,0.3295848937018345
26,-0.3665631956583932,2.040641030259051,1.2195961224522929,1.435608805814062,0.1999753343547693,-0.1723471737093577
20,-0.3284192960676942,1.5508279716629745,1.5408407236125807,1.6751618450304993,0.1518399410542611,-0.0918391255710945
1,0.0094938276331685,0.271561055285802,1.7088197926667077,1.5061825708059011,-0.0075004865587385,0.2817283106266381
28,-0.3378084872960674,2.0737725179450983,1.3195485256812989,1.3295551548634807,-0.0169706354202835,0.3283153771080464
48,-1.052095242271371,0.7076888291900071,1.6504797938248028,1.2101464845262706,-0.2000000099642144,0.2574477322128848
22,-0.3734033035406066,1.782941300418431,1.3471330339696743,1.5691808351483467,0.1997465412737581,-0.0036293192314617
18,-0.3424790598172848,1.2874158640613056,1.602334619560514,1.7174308090549983,0.2000000099558971,-0.0197481788552531
44,-1.030410204457812,0.9565265855995058,1.087533307322536,1.3858159355719042,-0.2000000095668377,0.0546594733302792
8,0.0089880405943801,0.5479808349423627,2.195408643284116,1.9702511390673525,0.199985527673193,-0.1071482527735944
44,-1.007402119002959,0.912658954399912,1.0833246660911993,1.4077123840780947,-0.2000000021915576,0.559008050163557
27,-0.3518034439513012,2.029662841163223,1.176580482223306,1.4149592640590738,0.1999848115103099,0.2012327714527346
41,-0.9206320895840108,1.1593707195657017,0.8377314815905432,1.1436822163839506,-0.1999999784874351,0.2763110254988569
11,0.0234043789134708,0.7273459045563139,2.1770442920413355,1.9669441769749008,0.199994490249321,-0.0576017872946945
6,0.0515696490695876,0.3434879965347934,2.2791651720788817,1.798309139992179,0.1999569984411147,-0.0347742242655302
28,-0.3339106303506209,2.1134751968849903,1.392596086135771,1.2906728532619782,-0.1998900173562471,0.0628241340921802
32,-0.4746543497759812,1.79944543972402,1.3883698536690812,0.9804309234848642,-0.1999570839753634,-0.3522785555251222
16,-0.2933821433817476,1.182491582752283,1.6414948935296874,1.825510121066124,0.1999720104111391,-0.0426277362062334
10,-0.1058730841961927,0.5284421636330446,1.980436355867658,2.131790131190554,0.2000000099926545,-0.3798213525313047
22,-0.3202711559766734,1.7452560473652072,1.3716676096108298,1.6219198807301205,0.1999441545014171,-0.0909801552741542
17,-0.3236821661368489,1.2533303465688364,1.6150058016180706,1.7579218143542563,0.1999736294284413,0.0119537234786264
4,0.0372332460822519,0.1661907040570703,2.2154530147698264,1.4212600907512338,0.0324133714444116,0.145235663481251
13,-0.2586975897594006,0.7906700885755413,1.7025584066894393,1.8781010448941928,0.2000000099593891,-0.1813746844851337
8,-0.0993518459879653,0.3665789045771605,1.8986610258605816,1.45060570930879,0.1999928946385229,0.2642853594106619
21,-0.3829522258302696,1.6061119335169245,1.4340618262675149,1.6211860140855534,0.1997320729176406,0.0380104311850447
27,-0.2961041562518233,2.1354565436087274,1.4468992436912398,1.2523663584272084,-0.112844841774307,0.1011364367706562
23,-0.3722309446256425,1.856823087033855,1.3364868322995047,1.5662342620522238,0.0259223835372968,-0.1050599178957381
34,-0.591780076523634,1.6523431649360778,1.0572450225991814,0.8592256956675997,-0.1212742289887227,-0.3023927861947302
17,-0.3449551345145854,1.2454712206247267,1.5942310952494636,1.707051476666055,0.1999905189740661,0.0646889672026544
43,-0.838177486312732,1.2902961689889467,0.8001377275821309,0.9326979891952196,-0.2000000099937602,-0.2072788392219388
20,-0.3628269491563635,1.5227482463427804,1.453760798769512,1.6603034955368876,0.0562074069069946,0.0101491282709365
0,0.0555555555555556,0.3055555555555556,1.5707963267948966,1.5707963267948966,0.1093553750127474,-0.2786924059109126
17,-0.3611644171044467,1.2883311319018826,1.5755976746466498,1.7088678725377155,0.1999936377384477,-0.1144738463438855
7,-0.035815055169965,0.3962493987092686,2.1811035061862807,1.987438053743965,0.1799453000594277,-0.275300249539182
1,-0.0131642078942653,0.153984472257617,1.7242660085347037,1.4963491652595444,-0.1999638648338063,0.2812773550475836
9,-0.1026122831393016,0.4893455790549029,1.9375538724151,2.0893501614918915,0.1999632623299055,-0.2450550024320726
4,-0.0550519854992253,0.3579846126640248,1.6376932757583005,1.557258240223144,-0.0874029577170347,0.5200279250703496
15,-0.2874376100540686,1.1225708417430609,1.646601227702186,1.836081130006751,0.1999931191449974,-0.0271463274258819
21,-0.3698979629915868,1.5272559202902103,1.512561542042766,1.6537646186445327,0.1723126933158596,-0.0826804062599742
5,-0.0338589269573543,0.1306608363978889,2.211187237003122,1.3833535364679823,0.1999562325996365,0.0977608200259553
37,-0.7636936366398552,1.4585077764323922,0.8534529467115587,0.8583449911145044,-0.1999998585567334,-0.0854751899705908
5,-0.0557105868596129,0.3751834283192627,2.058110450309353,1.404734088317526,0.128666199251114,0.252180152949741
7,-0.0319490497332073,0.2652059178211875,2.2134965880889474,1.6694173105802994,0.1999990135374022,-0.2317726091857863
21,-0.3944715745776385,1.5980036285081065,1.4796813438322882,1.6394893269559778,0.0870236837323921,-0.0180623062481272
16,-0.2648698203314816,1.1119096522538496,1.6463256339218957,1.8561142214906168,0.2000000099511618,0.1227878614653833
49,-1.0674141728542934,0.7167180266453641,1.6293114247408251,1.2980164988645,0.1199578376345607,0.8614918199190572
6,-0.0932543825021809,0.4098652650812381,2.0833645472910742,1.5547676220970554,0.199903163647426,0.0692985157819363
35,-0.5966453963573319,1.6161208882663998,1.0301904986288886,0.938184396170291,-0.1999999205599026,0.0127831464019774
13,-0.2250020850662611,0.8860437475062417,1.737426788606916,1.934231648446156,0.1999781827392465,-0.1400812488425269
5,-0.1172981803311421,0.3376575115640087,1.7581896903883267,1.284852158923696,-0.161780850139593,0.3285027630486941
0,-0.0555555555555554,0.2833333333333333,1.5707963267948966,1.5707963267948966,-0.1999378520243627,0.4261357562079712
35,-0.6502248191141317,1.64716473093217,0.9404347437110284,0.9081067278000656,-0.1999999208463133,-0.2852318111253437
23,-0.3502971380409266,1.7395018653034504,1.345800899961267,1.582611248751157,0.1999652091507482,-0.1934843586608199
31,-0.4338989653700309,1.951240718109654,1.5090653533723692,1.0438849955347669,-0.1999695554508063,-0.3773464692729709
49,-1.0988509350604128,0.6357090711124306,1.7327282587674002,1.1098896750242035,0.2000000099502646,0.7286996773226757
43,-1.0019927520376954,0.989880972794866,0.8924885607000927,1.2574548480574743,-0.200000006978506,-0.0299421270153782
15,-0.3047281057735549,1.1889845523895322,1.6740864503431876,1.7747268756113437,0.1999920424658822,-0.1450247597405023
15,-0.3049736026972845,1.140570640177862,1.6535111787405352,1.8274127424621416,0.199978753637623,-0.1076027618135774
32,-0.5070988971581197,1.8540683895411767,1.3386259908464293,0.9588589214456068,-0.1999593466024078,-0.2565466915140026
5,-0.0703944449021211,0.4486191459601281,2.1385312053051333,1.5500515251708529,-0.0389874775068933,0.1873393244543878
29,-0.3561419873737924,2.05105769107436,1.2033039266851286,1.3740269209132798,0.0860706052420662,0.4209053660110216
24,-0.401923985724792,1.7935340500714412,1.4950832771745066,1.5772235736023774,0.2000000041518868,-0.565340658899729
19,-0.3070870004507217,1.339197951105168,1.5869651782002787,1.7601858330501328,0.200000009995176,0.109687987995068
4,-0.0062703454674291,0.1058492037621536,2.099083436586298,1.230248188733924,0.122916783453758,0.2474498416191234
12,-0.1983886956588813,0.7402289628664727,1.729049158343349,1.9249484152552387,0.1999802853487697,0.1050645862442552
2,0.0164305173493095,0.0999317281937131,1.8638877424627829,1.3199973606131774,-0.1601766884123425,0.2540945802591789
3,0.0270228315616849,0.1036945449083148,2.028711841502462,1.338457389856989,0.0090556733764186,0.2367977997236607
0,0.1000000000000001,0.2166666666666666,1.5707963267948966,1.5707963267948966,-0.1999327861242799,0.0383678522772438
19,-0.3673737363056489,1.4303664950056736,1.4809564226051015,1.6770145679026147,0.1998292795636731,-0.1549790859586506
31,-0.3836244872747439,1.9717455199490608,1.462998111793075,1.2409339091068357,-0.1999999287767843,0.127783298906623
19,-0.3276681524126685,1.361021624679554,1.5848463448372223,1.6597613770622557,0.2000000099944777,0.2756673861318258
26,-0.358297130777041,2.0082601642802302,1.1770709315922598,1.424202661198274,0.1999372345361895,0.1318584420106721
6,0.0970854009490053,0.223756173892633,1.8219966881674363,1.4570488361356912,0.2000000099565852,0.4054869183310085
38,-0.8379451216977546,1.3062814535359075,0.7513638707485537,0.941994432262392,-0.2000000031381936,0.2057123407398911
38,-0.833447297968226,1.3587163029839993,0.789579971847103,0.9126729919862592,-0.1841900244004557,-0.2561373756638109
24,-0.3470839965206679,1.798041759593211,1.2926104525711877,1.5508184749587397,0.1999897450723376,-0.1903154600128171
43,-1.0051643095085094,0.9818594050779964,0.9024207136270146,1.265063615889944,-0.2000000056301232,-0.0393253589977283
40,-0.7828620814387648,1.3942522521832816,0.8694835040677272,0.9993936214364584,-0.2000000099608137,-0.1204577491014451
2,0.0779009405347558,0.2942557940022169,1.5814338336375098,1.5693962375248232,-0.19979656728682,0.0913457813925667
13,-0.22939374163263,0.865427051665777,1.7689237455513815,1.9872499866018785,0.1999886157150187,-0.1439919815658559
14,-0.1648750212576184,0.9261226174794612,1.794211064526115,2.017895810902812,0.2000000099934849,-0.0094777118970716
5,-0.0226903361821078,0.163942080433725,2.1323369378831725,1.2859947159533598,0.199034091364695,0.138884257887074
19,-0.3547538295670067,1.486575138600524,1.559911553808723,1.7227817438883473,0.199716202887369,-0.0184442423882731
2,0.0974676086016613,0.4037443942166598,1.3164384093529842,1.593231123794535,-0.1563353399273124,0.1089788899378388
8,-0.0331887885902524,0.363406184451351,2.148616244145904,1.960763889544264,0.1999962955083399,-0.1747528089256321
16,-0.3315784205318309,1.1377138725300835,1.6168807921703436,1.734635227754618,0.1999928967841056,-0.0516830656072209
27,-0.3466157097106505,2.100533669106408,1.275805273154054,1.3389688578196817,-0.0187149356362295,0.2188823014375817
5,0.0750672043577186,0.1155105673589305,1.8139611716058592,1.456829142306466,0.1999962274454746,0.386437367823599
12,-0.1907476442974206,0.7134414541109758,1.750916034975324,1.922651142475662,0.2000000099544795,0.1047232252656382
48,-1.03813679916729,0.6928622750209682,1.6161212670293192,1.275006688861252,-0.2000000099451966,0.2903452832436822
26,-0.3567898858884518,2.134826073429418,1.2539071748640875,1.390165414113545,0.1138686720376021,-0.0699565333623944
24,-0.3778848468961954,1.7995824506711366,1.3353661271419863,1.5520739394064142,0.1998988162204989,-0.129718293473105
13,-0.2647722028284964,0.8099255388071714,1.6985961914596237,1.8574033265363563,0.1999946495548573,-0.1060489305846659
7,-0.0298503038352691,0.2605386676271495,2.2002336169269423,1.666621654334097,0.2000000099547051,-0.4622989655276527
22,-0.3828893861585283,1.6646396571859414,1.4322386989977698,1.5991702570929616,0.0801470834950527,-0.1179957523305506
30,-0.3923827219718593,1.9277489055553627,1.5011863681164126,1.1219291888169942,-0.1999621175422724,-0.0634504200956163
45,-1.0813061633010264,0.6630861716450022,1.7526058527317383,1.0507638369762844,0.2000000096175646,-0.2697296377460531
32,-0.4107554228414737,1.8484242994123488,1.5171308434244732,1.541512366958891,-0.2000000099434439,0.2199901009124986
35,-0.5591417167086464,1.6405006110005995,1.2120815637197833,0.891459965287304,0.0088224779733222,-0.393458519693706
16,-0.3070001355674466,1.4505977568799269,1.663205492520636,1.755401421734286,0.1999714037744792,-0.16435479204279
18,-0.3212910519574425,1.3738069243820257,1.5576284351435046,1.7170253051872109,0.1998992228822061,-0.0853932447423484
14,-0.2656325276887928,1.0300979285298315,1.6470479490843155,1.808758111436397,0.1999757608511836,0.1570486803267588
49,-1.0566009012766686,0.69290608441218,1.3866055021670205,1.303610965917379,-0.0732818899043526,1.2521788509444478
35,-0.5646023067135996,1.6379819040167332,1.0627601715412478,0.8801790657941384,0.2000000097282761,-0.212056373708854
17,-0.3287786560512155,1.3103520583152144,1.593843388105891,1.752933895330251,0.1999596377652452,0.0371697510882645
32,-0.4087106961589528,1.8979363536185117,1.5035184817996363,1.1318584595912478,-0.1999300557826809,0.0710408297711874
35,-0.6616482419192448,1.6036147321644278,0.8787475499000887,0.8008943192392292,-0.200000009398202,-0.1208435588766537
0,-0.0111111111111109,0.1722222222222222,1.5707963267948966,1.5707963267948966,-0.1998382639615445,0.3791306568509087
17,-0.3067648315632439,1.187019505607303,1.5979865799334387,1.722509679186469,0.2000000099933582,0.215604037854117
49,-1.0883877538083793,0.6154847690177054,1.6643512356820855,1.1626743910946238,0.2000000099894052,5.127417757000798
4,0.1060689730165676,0.2439028655765937,1.646422726937633,1.5859082415314454,0.1310888506732544,0.577155898158188
15,-0.2925084404207039,1.0932509271455713,1.6507513992538465,1.811428041492636,0.199982596719885,-0.0315846979333418
29,-0.3169695745218033,2.0659575238347734,1.4682242731240134,1.214618162529718,-0.1999851794632204,0.0847332775021396
43,-0.9854511779683128,1.0145262381453752,1.0158780626104722,1.328042396888052,-0.2000000053463775,0.1766065517498785
12,-0.2359329255046915,0.7395361690558926,1.722414347104026,1.9078237035358296,0.1999783662505298,-0.0921711640318631
17,-0.3050882033119537,1.33259770371226,1.6520414761616022,1.7856166380781342,0.1999714893601545,-0.0562740687861744
28,-0.3781007682678389,2.1256051846989585,1.4343302632358412,1.3072424772134277,-0.2000000095706888,-0.3556710583206036
10,-0.1341956278259594,0.5484970278810096,1.8772281828012805,2.046625942482779,0.1999932111677101,-0.1818543503106508
39,-0.8345811652591753,1.3143891685916134,0.7527240114894251,0.9334120187453392,-0.2000000095187882,0.0813675453230755
43,-0.8614061002639171,1.2700166985973331,0.7747699237104992,0.967003900863277,-0.2000000099669929,-0.1811892487492291
25,-0.3384564646165354,1.9372149782167207,1.2186957160618643,1.4279889905028404,0.1999660141093549,0.1015348630052784
16,-0.330268396276393,1.2842665710575845,1.5982816651128957,1.7414119913279138,0.1999705864557524,0.0366632067248018
17,-0.3469271246374482,1.2249015905370733,1.590202123608706,1.7035580983424143,0.1999904704067539,0.0729477926130542
24,-0.3864577451850314,1.8142522159139312,1.3294731872763972,1.536663055832536,0.1997052818900014,-0.1127774084698029
29,-0.351251709778968,1.966576634550003,1.5403971346702914,1.1140524075761324,-0.0995420302014766,0.0259463493438518
41,-0.945624637429396,1.1082578248779944,0.7709821323540549,1.2236715787123769,-0.131337870179602,0.4491482827469054
18,-0.2864700646815983,1.2441026482068442,1.6177718686547615,1.8094219589703984,0.2000000099706822,0.1603659290940541
18,-0.1792933638045297,1.2937511321499278,1.7145709628846983,1.966554708684911,0.2000000099543,0.1800790867449426
1,-0.0776846736882405,0.2961676581760079,1.616764728971992,1.556761911834722,0.1994377208046048,-0.1230209164398941
1,0.0324498401998566,0.2664942186345593,1.6868762681868414,1.5214582464903672,-0.1998952404965117,0.2968730981503207
39,-0.8491348084987029,1.309999210057514,0.7336263169616175,1.0111114681974307,0.2000000098383496,0.0510033186957946
12,-0.2124044774196047,0.757806068983559,1.7115766639497618,1.891042101307975,0.1999200199430918,0.1338824591342871
26,-0.3981104599526297,1.9588609784088464,1.2572575184192996,1.4770064295533782,-0.1999994767685355,-0.3045589593920635
22,-0.3587735136160428,1.668062796562629,1.4926077216946405,1.6609637979567673,0.108183025063071,-0.1726475861676361
24,-0.3480763071125791,1.8522972041330152,1.2327026101436953,1.5328426496637484,0.1999783750035658,0.0178422789942858
22,-0.3752928820177105,1.7056221782121412,1.3953547178482706,1.548112980715718,0.1993441972279119,-0.08416844065448
18,-0.3619822740460361,1.3546872781303465,1.618630009534764,1.6506276513579945,0.1995690380375537,-0.2510167603302043
15,-0.2740514132722406,1.0050242434386103,1.6293320144203047,1.7941496473524163,0.2000000099519698,0.1823361291695651
35,-0.6481457980663035,1.5390548408915177,0.9715698985990624,0.8785110801489591,-0.2000000048563407,-0.1196469550802998
0,-0.0777777777777776,0.3055555555555556,1.5707963267948966,1.5707963267948966,-0.1999339340142471,0.4435297310424763
2,-0.100785750440557,0.2832021077578351,1.4801920215275626,1.587367934794559,0.0481887481130163,-0.172507023165004
5,-0.0052872218892255,0.1519123769487259,2.261468053856168,1.5360055919112412,0.1999611710799243,0.0451261236151756
5,-0.0078120013449363,0.2736465486134053,2.205079020061765,1.4124531315777444,0.1999270438142835,0.2029680054823351
23,-0.3861249107464476,1.6825736365878623,1.4276309023287634,1.5854594126792927,0.199724535457627,-0.1633257680134668
39,-0.835160335519714,1.31176005070504,0.7535569454219679,0.9358677113880772,-0.2000000095182685,0.0908944546671334
24,-0.3645076016106284,1.8449849456928773,1.2461709263466754,1.4592479153170612,0.1999765071884256,0.0650581841936423
28,-0.3652870167944921,2.1218746124935723,1.4244537177172043,1.3015956428980164,-0.2000000095672335,-0.3661624679653396
9,-0.0680759140024587,0.5957887921104634,2.0339442203429083,2.0687907447019827,0.199937592903927,-0.2608730324486567
42,-0.9197771294682692,1.2417695172088663,0.6280447512578381,1.125181688574887,-0.2000000099451948,0.1654115308252002
9,0.0391014684663095,0.4851873534726085,2.24472484464315,1.8579290335366987,0.2000000099569516,-0.435108170299562
11,-0.163615282639467,0.6192680061565013,1.7860238152232508,1.933491133922184,0.2000000099585286,0.120241075820673
39,-0.8595787614406984,1.3391072137121571,0.7048251794847946,1.000409410441006,-0.1999998862570475,-0.0741634997667505
1,0.0556990282016441,0.3343539585347523,1.6986691067602973,1.529930744707504,-0.199963639523475,0.0777919379637399
45,-1.0419944689188236,0.7544532905816727,1.4053244153645377,1.2937033308641348,-0.1999999571944939,-0.0834382958884341
0,-0.0555555555555554,0.2388888888888888,1.5707963267948966,1.5707963267948966,-0.1999401343965987,0.4580140345852546
28,-0.3628917637930259,2.119020101643718,1.4406107376005988,1.3043727123243145,-0.2000000095809971,-0.3627140448614517
41,-0.932167963313065,1.2564655001253475,0.7580423998322825,1.1171747432762449,-0.2000000094009,-0.0371249316879926
6,0.0393175496081668,0.2865332642767989,2.2198500941183905,1.53987542857449,0.1999668258403123,0.1449597851846025
24,-0.3903295278828448,1.8808731509876424,1.3054033229735236,1.5211429795876308,-0.0513649247482361,-0.2081519358688278
4,-0.0463157752652384,0.0686539623221718,2.1011316488173346,1.259994410588742,0.1999772887709121,0.2641347649891785
42,-0.9411060116862252,1.120322787854911,0.7482883083310465,1.2080471977370055,-0.1418494126813872,0.4434977019392398
7,-0.0428137151203818,0.3151221629519222,2.2074846822649525,1.9407814650024515,0.1998918358011863,-0.3556998036508476
10,-0.02165384724947,0.6414935288404042,2.113075309493814,2.0232707642160723,0.1999922624057242,-0.1132548452207571
3,0.0780924523454742,0.3023077842565278,1.5900821006533246,1.5713260775844493,-0.1997834161343003,0.1958859485725381
1,-0.0116298630247632,0.2325731424581128,1.668113694587026,1.5319234369575243,0.0074027675590416,0.3930231486257468
42,-0.9849115382240684,1.015974323001297,0.9698803549211472,1.3370828506821848,-0.1999998290395434,0.2532139677363758
3,0.0784912466313805,0.239927420464211,1.7324430617180209,1.5277491738210154,0.0265569932888655,0.4322571088622646
41,-0.9549827856371168,1.1234888218158463,0.903508853069747,1.259222689752166,-0.199999864612429,0.1382357514718903
32,-0.4550650352880021,1.8305200171754623,1.4315600731210831,0.9528047866214812,-0.1999900792422728,-0.5242428781299696
43,-0.9961295594391084,0.958774263766369,1.1073595350267629,1.362696923408503,-0.199999987368396,0.3375920716475638
48,-1.0402939622992706,0.7580246038567834,1.2502876865353922,1.3482351611949044,-0.2000000099955923,0.6503420636726153
36,-0.593260259434617,1.5989824819857643,1.097131892168198,0.8867350039007026,0.1106262120134512,-0.2790886742380721
8,-0.0976636812102381,0.3694264872080012,2.1374919703457604,1.82080511205897,0.1999500392041013,-0.2969417819838031
9,-0.0918415871277472,0.4423315000652136,2.054325700798307,2.050711140416107,0.2000000099924644,-0.4526967182987396
48,-1.073615615634179,0.666235632649325,1.9577157674965004,0.9415917543055342,0.0328609568572628,0.101504597390588
36,-0.6001695925035646,1.6122776400952157,1.0249222675946097,0.9377955158153995,-0.1999999924854827,0.0988953935894578
4,0.040632468940347,0.1297286858105682,2.05353626042494,1.2290420085750822,0.1060777652917947,0.2315969280618424
41,-0.9445572012511452,1.223495764945747,0.7759206565704684,1.1494513817649947,-0.2000000098622399,-0.0421223844819955
46,-1.0383978505866518,0.8568338264289606,1.0971864825722315,1.3386361255381989,-0.2000000099029144,0.1780138293579708
2,-0.0235618553693348,0.0242605577683254,1.9644513885166983,1.304520878533688,0.0980248226391362,0.2701504366255438
11,-0.185278421918926,0.6233836212753698,1.8095262507584435,2.02613922444312,0.2000000099456222,-0.2984401224050385
6,-0.0285298693948663,0.2013537853324012,2.248872851082359,1.5355439694244943,0.1999576002016137,-0.0245664712473662
39,-0.8512328384289207,1.3948719219702932,0.6793371001866202,0.9087291397732252,-0.2000000098095982,-0.208586776483799
18,-0.3535013209067362,1.403922763394918,1.6001185225930552,1.7820795608375808,0.1986339204854904,-0.1410059975161144
6,-0.0960285914752605,0.3749756142343747,1.9743521018561463,1.5221383633410257,0.0308768622660967,0.2018006068899156
4,-0.0183078972685702,0.1144008202891216,2.144662254550729,1.3043512865322222,0.098124933470554,0.1864747270513042
0,0.0111111111111112,0.1944444444444444,1.5707963267948966,1.5707963267948966,-0.1999403285461828,0.3746942485993789
16,-0.254599113685904,1.1611213746155542,1.715798863457561,1.887143002874624,0.1999691170157071,-0.2162591294926132
45,-1.0019617537481686,0.8813562616188778,1.1368588777866702,1.4027589130913318,0.0202970361279338,0.4446719037911952
8,-0.0526972102157384,0.3962615658792892,2.1522641415384154,2.020026650665381,0.1977306774483926,-0.4454588941182086
11,-0.1295995481946083,0.703911116403023,1.858379409709249,2.0521686455557444,0.1999795629160562,-0.0527489952076055
36,-0.628513062184143,1.5747161887965195,0.951648355522428,0.95018157894831,-0.199999944541934,0.1895954211414115
16,-0.2108240825962867,1.1362761638722312,1.7947207832121932,1.93785552566084,0.2000000099462123,-0.2865936545976754
42,-0.992641618868739,1.0935317986644562,0.9386254856970648,1.2759518417873807,-0.2000000063978395,-0.0674589830334679
29,-0.3692918678060866,2.0566136251086764,1.5284698093917708,1.218503183608688,-0.1999958842798051,-0.418117603580765
4,0.0388275015058875,0.1588107403884256,2.228614986934934,1.448770283341864,0.1317800285468726,-0.2307968857852997
44,-0.9886767358664348,1.0294865050879332,0.8552251076933484,1.2245906927196064,-0.2000000099248886,0.1142598510105322
41,-0.9606175610928523,1.1094592137318533,0.8288042686479515,1.2831751054081055,-0.1999500738060963,0.4141310789945163
9,-0.0830978455025246,0.4910938393249632,1.9861956695702407,2.07696656379213,0.1999656251199109,-0.2249265810146803
15,-0.318325952131914,1.1905945232805044,1.6539916704085211,1.8448565616254613,0.1999915399503396,-0.1320726722514204
32,-0.4644784090774521,1.8051159230109588,1.400786026737462,0.9302273722223748,-0.1760301126355435,-0.5469889768361443
3,0.0788791133818068,0.1780560847355482,1.466024463078206,1.6167913390241535,-0.1988456386827764,0.2984161618457409
5,-0.0275178705432678,0.1723120673332064,2.2266796911743025,1.4924427843250148,0.1999596260788186,0.1005379638048365
4,0.0606223464910498,0.1938163035419236,2.176190049448285,1.4403817148822242,0.019106816889533,0.1375630190442332
16,-0.2635961602622563,1.0749051797312743,1.6423451277103762,1.8311992142740303,0.2000000099451851,0.1637747652343573
16,-0.241834142142973,1.1500896045974422,1.682707605165562,1.9254115200354984,0.1999902208149628,-6.280275166074271e-05
33,-0.4707513995459754,1.7808240686568335,1.3983689612385373,0.9716425028897232,-0.1999999281300603,-0.5108508870840935
12,-0.1644112211351725,0.7631826191121336,1.8036757792022569,1.9798700487414969,0.1999815846793338,0.0164073574292962
47,-1.0571895397932127,0.7048618643489415,1.5357128726926188,1.2111390413751508,-0.2000000098095566,0.1664367711695239
25,-0.3415605290046303,1.865832552081488,1.2655991288509707,1.4730684890858023,0.199984782192193,-0.1041713855898981
23,-0.3478150028553177,1.6911724925627138,1.42089964176086,1.6009130958610671,0.1999815035338256,-0.2245050030922756
14,-0.3122646486476896,1.0220068892588616,1.644472980001245,1.8122245615432,0.1999714119934668,-0.060647247853204
12,-0.1924194206471507,0.7011769288908641,1.7459391886976103,1.9147202235983791,0.2000000099932784,0.1162881308195841
2,-0.0133822423303322,0.2914574066819329,1.790220320949099,1.470195408125334,-0.1991013098595187,0.2459239757420622
28,-0.3400433235116243,2.100537330985674,1.3780611567750154,1.302020906170747,-0.1994790601450531,0.0946056885916258
47,-1.0588962417371983,0.7667927975998529,1.233937687301312,1.3487784994159862,-0.2000000099602845,0.3131495062854505
38,-0.7695256715557217,1.4948918399331532,0.8823774392392973,0.9043761912598628,-0.1999998741733014,-0.2892039111892169
42,-0.9079615466791164,1.163354209412023,0.8432399975743632,1.0745288146797798,-0.1999999860377787,-0.0060206001772406
24,-0.3812499360974219,1.7360625357566823,1.3831714476135115,1.571670271036438,0.1999267919187644,-0.2429985189307932
42,-0.9741793260485728,1.0503276029319442,0.8720320398595671,1.2534387889117844,-0.1999998024351334,0.0889670202343534
10,-0.1230806048292469,0.5863745829046654,1.8932834165778496,2.067576472552094,0.1999722736474385,-0.2022220202169545
5,0.0501573344123507,0.1489182926546247,2.1362658786263804,1.3225856604178476,0.1999597044090515,0.1700372365310721
24,-0.3795553976205323,1.9645720444307289,1.256441512205873,1.4879815686834852,-0.1463600343607231,-0.1652040349904563
2,0.0972697279691898,0.4286497110567437,1.2922945269563622,1.6027049283078298,-0.166747860131596,0.2616493619897611
17,-0.3344522691831251,1.229636766008267,1.5723656574871878,1.7025209770797096,0.1999711777576422,0.1439230481298261
12,-0.1841032177984128,0.7568563445563639,1.7374395663526396,1.971294390618576,0.1999796723644498,0.0840150818246914
21,-0.3844853257074655,1.6097916287758187,1.45959667960671,1.6107804925572242,0.1998569646695308,0.1101418439137404
2,-0.0126087574070341,0.2950366414225664,1.7027517269041876,1.5095431538139232,-0.1154468545180074,0.1658031686760559
7,0.0507753856799475,0.5387774521326266,2.2758347066727023,1.8185803601706223,0.1999591471717192,-0.0724023872857293
31,-0.4644769621151239,1.8892619993184303,1.4376499811795096,0.9656824645181884,-0.1999781389337561,-0.3412813584545731
16,-0.2640187518920586,1.0913680830405232,1.6490443321552617,1.8578267439240048,0.2000000099934268,0.1183394696941524
32,-0.4095788060387674,1.850484253966072,1.515683458247457,1.5436412524938148,-0.2000000099442176,0.220602336228046
27,-0.3465626984604151,2.0759197111977143,1.2058199951795443,1.364588634475964,0.0979289895313281,0.2957351596363126
27,-0.3408799013568293,2.0025527165903627,1.407360498854194,1.2482896040306786,-0.0127418134037521,0.277247155595502
2,0.0777665714167522,0.2478869112428337,1.5676849345352988,1.5716730234535183,-0.1999577801972594,0.1316928744150749
0,0.0333333333333334,0.3277777777777778,1.5707963267948966,1.5707963267948966,-0.1997317424188848,0.3180073275846303
29,-0.3257597068433738,2.0361321579259464,1.4920635121550898,1.1713931319361817,-0.1999754962133332,0.0115396856250254
6,-0.0498173274360696,0.2904403879733639,2.209827476241861,1.6564636512096804,0.1999479140373634,-0.0060388214350776
13,-0.258176548057823,0.9391500932191272,1.7091861153629164,1.8941562382375468,0.1999707610935614,-0.0847387026451668
38,-0.7789678960024987,1.479744702405326,0.8765861439195017,0.9101195575940564,-0.1999999864408592,-0.2864260970808414
35,-0.6260551610853703,1.56278861591791,0.9610435562816004,0.8654677564850611,-0.2000000078435673,-0.1126873041408495
11,-0.0254619757320106,0.6944038085078281,2.145306192845388,2.008745087665302,0.1999872745045054,-0.1802342904103358
21,-0.3776893811488508,1.5344504392994662,1.4255845155810358,1.629329704774422,0.0640004198256568,-0.0115348541460281
44,-0.9321405684890192,1.2438381984543088,0.9530168111112456,1.2531137821080107,-0.2000000099952707,0.2691464124453986
2,0.0015705959266415,0.0366402665444341,1.9609049121525624,1.3331850645491137,-0.0801031908133513,0.2115517898558695
24,-0.3715787724241333,1.8176315646339924,1.2503409150056783,1.5132167530359009,0.1999785398076131,0.0259859652746599
21,-0.3387913310187324,1.514859763712393,1.5444338853147368,1.6345004532649243,0.1998629811062179,-0.0797489712718669
1,0.0099262047493339,0.2587097228350468,1.6966443518784384,1.5148754615149536,-0.199876070069908,0.2934251082458852
28,-0.3361622128809818,2.132905304281125,1.3316252020843204,1.3066782859826889,-0.1983324610115217,0.1312202641549807
22,-0.352015952865561,1.5273991954422728,1.453283936777387,1.5963606544501916,0.1999896023085754,0.0443005636923908
18,-0.3392543589886712,1.2960993002017156,1.6553462822074778,1.6912748103268689,0.2000000099504151,-0.2197205782132189
10,-0.1369841225257505,0.4866383080848822,1.9365506740894656,1.94435873001093,0.2000000099931935,-0.2854421241603948
35,-0.550323095100667,1.6806483527438822,1.1418706523862223,0.9363499977096272,-0.1999999951234914,-0.0372278629075728
24,-0.3829972823660763,1.824163794674432,1.3223531703141074,1.541470046860827,0.1999317313432119,-0.1201146453283557
16,-0.3317322698556708,1.0867252849988709,1.6665623570468764,1.800756519134738,0.2000000099930162,-0.23076348986474
28,-0.358353478284223,2.0761616903062867,1.2153053256359438,1.3613334770178356,0.1604327045940251,0.3078484307936497
26,-0.3237314008271267,2.143656375054485,1.2679650178786854,1.373264323004801,-0.1983446889033707,0.3094665886132106
28,-0.3425867363877828,2.123133613085856,1.3333573630687336,1.3194188688497457,-0.1999708251694724,0.0225050810707056
13,-0.2056665486576318,0.8505021816350818,1.7306460317612775,1.9846679434557053,0.1999787354265238,-0.0300855143800657
13,-0.2157057023591432,0.7639388629602184,1.7220267402615883,1.911096306579304,0.200000009968588,0.0866298770581565
0,0.0555555555555556,0.1722222222222222,1.5707963267948966,1.5707963267948966,0.1991419824164819,-0.1458217832139876
29,-0.3504808737963068,1.9587251259832792,1.3019750053670744,1.6258784941368631,0.200000009508565,-0.2143889612304041
9,-0.0655127156509111,0.4915452473607555,2.0440939451244216,2.074617244850583,0.1999605135334727,-0.3178647368472856
3,0.1013992024553704,0.3448757739752227,1.4231192079512427,1.6326436279909744,-0.1998063147632398,0.4466070379727807
14,-0.2951464176143196,0.8705138476512512,1.6947127963092663,1.865786416403112,0.2000000099457172,-0.2487232119794689
16,-0.3298873840482353,1.207398612275964,1.631917935856853,1.7680391136802076,0.199964714477004,-0.2419163683872257
26,-0.3506523204674499,2.0694250908325778,1.241157510378633,1.3615911012669972,0.1282170439337532,0.1850462725145339
9,-0.0425273485835785,0.5869392034278447,2.093160181367073,2.088206758285581,0.1999595745358226,-0.3080686597460516
16,-0.2750983634091238,1.1451896476132446,1.6319088163462023,1.8302880851118093,0.1999689823323025,0.1315356464703891
10,0.050247674257968,0.588206771179048,2.026306495457278,1.839543477265401,0.200000009993815,0.129545815416511
47,-1.0348533338676258,0.7648177946870109,1.3755501742151122,1.303182337543925,-0.2000000099961114,0.2969467749608694
31,-0.3713668179912738,1.9914573882995303,1.4041306162860732,1.2770375934012166,-0.1999999553162655,0.2096183223203511
3,0.0998547061465189,0.3640499883894744,1.5647237310793738,1.5691871075487414,0.1129464664561784,0.5857877240612718
1,0.0769623392352611,0.072430740701797,1.6038675324141138,1.5515483302437338,0.164984330833699,0.0074686376219867
31,-0.3556453778012872,1.9874194694382228,1.4446815187719206,1.1066565738265457,-0.19999987436164,-0.0645473616801114
22,-0.3843331129343069,1.5996265181755007,1.5036193254080157,1.6646835091054093,0.1999266953390606,-0.1383207614199227
37,-0.7575943908251066,1.4284286459401474,0.8491144693132977,0.9021098930828644,-0.1999843021818533,0.0054448615239437
23,-0.3507670562047263,1.7302769962260431,1.34968434745935,1.5513206373285489,0.1999905527860531,-0.1285457717815505
20,-0.3700008543439653,1.604563966525853,1.465986014404569,1.6634925026960647,0.0711904804486034,0.0307287689657728
39,-0.8873759467860257,1.3466552536244716,0.6567845242705683,0.969595552662074,0.0531898582392152,-0.197926820273544
34,-0.5133676188422499,1.7609735065589696,1.1085352497783043,0.8430933867097091,0.2000000098386152,-0.2998968580322872
16,-0.2849004091018295,1.1346988177424266,1.622534860917602,1.7814487837282766,0.1999701806320779,0.1814407369805784
39,-0.8392922137373507,1.3049899537033742,0.7485606047001223,0.9436643930449654,-0.2000000095434911,0.1213561233020881
38,-0.8116128013197919,1.3574937002102438,0.8108547879990677,0.9417381638043396,-0.1999884937356403,0.0422578678132522
12,-0.2130076774324635,0.7265645842247076,1.7712600092079978,1.992849129248108,0.1999933006652865,-0.1749528445986165
46,-1.0330430660520356,0.7126708187580133,1.4861250753190856,1.3329348545449198,0.2000000052284283,0.1155846130845708
0,0.0777777777777779,0.1722222222222222,1.5707963267948966,1.5707963267948966,-0.1998398960524347,0.0661424112394177
41,-0.9113652776954936,1.1945771998182102,0.6988349753108363,1.1191634472497063,-0.1999999761641406,0.3883515119607859
48,-1.0534917868989393,0.702817675869316,1.5486133425172903,1.2063271376209106,-0.2000000099944324,0.4639148721448104
2,-0.1003623930079156,0.2812170385269802,1.5126567492869238,1.5845252690534104,0.0717467523633122,-0.1490376950983838
40,-0.9100885580681712,1.2386765003535845,0.6857228051058408,1.146381603772738,-0.199999889683213,0.2025629289288081
18,-0.2419228128778924,1.437045159613679,1.7215483571079115,1.9180454478015367,0.1998966809717872,-0.3898756526307367
19,-0.3767300720696727,1.5145769886265816,1.5294133211162428,1.6785320131356225,0.1999669592003925,-0.1617539851325588
45,-1.0208961038500657,0.8291380097980834,1.2679481702166546,1.4167256844285396,-0.1082251327635966,0.4635399225167415
25,-0.3854352955580001,1.8358611075771456,1.293942512073789,1.528837751860176,0.1999742216784504,-0.1884134661918848
23,-0.4009653234918002,1.7658880654448397,1.4939908227559666,1.5923885644882287,0.2000000004301978,-0.4123606423798173
46,-1.0670331912027864,0.6903547512968756,1.61811615067092,1.1614314097331075,-0.2000000097420152,-0.0793205217329299
29,-0.3857204200034532,2.0556892708244674,1.5394426929440836,1.2038097306441344,-0.1762764089132554,-0.5065918121953845
22,-0.3850365699430448,1.6209512192904971,1.4690371649947505,1.6361733788517066,0.1999683962391806,-0.0281546612928638
10,-0.145656090790213,0.5854940732663885,1.834762162589703,2.0602632141878856,0.1999870414231724,-0.1226325455093221
36,-0.6859165817700921,1.5794915643247345,0.8573540868845324,0.7964917195415628,-0.2000000095376786,-0.119212266157925
34,-0.5595910359371464,1.645508702283556,1.199815901988421,0.8948062175749083,-0.0424785502723992,-0.3921375344135222
35,-0.6403068058627572,1.6113470029974684,1.018587128402339,0.8258478786792125,0.0093995871034929,-0.2881470311002516
17,-0.3506891510656899,1.3566295847047172,1.5754163722184042,1.7332733768347774,0.1999634205592909,-0.1191111713725164
43,-0.9621291475351796,1.0589438560821791,0.8412877703693251,1.2771045644908012,-0.0132906061169927,0.3686181875661934
37,-0.7487945358434571,1.4255899776855137,0.8824965814736228,0.8711252098642115,-0.2000000083055882,0.0308112923196651
34,-0.5629484204502262,1.67467643179368,1.0627203410703654,0.8895212107997204,-0.1999757445947758,-0.1884105399523139
5,-0.0126435649162499,0.1321162156020614,2.2576577002790312,1.3276117050556675,0.1999618683243423,0.0563470717722464
17,-0.3527546760646829,1.2839249741430925,1.6273320550706725,1.7302729218940338,0.1999753859178482,-0.1666221436682618
3,-0.0343762439883619,0.0430590012443869,2.0245509008553366,1.1821115229666104,0.0382024494467641,0.1636138704562461
1,0.0555449246081014,0.3370858298713493,1.5636510784414153,1.5730318129653196,-0.1999409044288978,0.2424916525490072
0,-0.0555555555555554,0.2611111111111111,1.5707963267948966,1.5707963267948966,0.1991717570528255,-0.1320690587486732
20,-0.3777631750587847,1.554129740644245,1.4147666810373898,1.621925407968329,-0.0183834765721732,0.0171529299483025
0,-0.0777777777777776,0.3277777777777778,1.5707963267948966,1.5707963267948966,-0.178447500269946,0.1018413723937474
23,-0.3501262420610549,1.7434391909827138,1.3949863771584372,1.6792125924671444,0.1998774694570015,-0.1726146481026684
4,-0.0820969179759853,0.0799547071014558,1.989095584550176,1.1675592779919557,0.1770391454303364,0.3089113435731509
9,-0.0954814953779964,0.5523113742800684,2.163899189328768,1.726158759944974,0.1999591127931493,-0.1679476116835615
47,-1.0372501027708632,0.7553673357384296,1.4079749649998288,1.295157804712157,-0.2000000099500611,0.2827340290908031
14,-0.228895763391182,0.9425559861416964,1.7064960219418306,1.952318721191324,0.1999824032332691,-0.0632689520624521
18,-0.3415849743043156,1.3133499466362577,1.6319866702220684,1.7052273891099248,0.1999561937976037,-0.3089885444634924
25,-0.3675626555347365,1.903368089548234,1.2615522208893015,1.4700855887954067,0.199980345603749,-0.158789041560103
23,-0.3776154289597609,1.72908787879731,1.4043026366277402,1.559340893692744,0.1993336430207613,-0.3647195785157875
5,-0.016704273611121,0.1646716317792572,2.2024223739889006,1.3159743494457,0.1998615874823356,0.0725133792124584
8,0.0840019168366087,0.4581747363624587,2.1597238379207,1.6037126968569846,0.1999775577613421,-0.0953612054619153
13,-0.2316029572882949,0.8709533540186273,1.7494496489551403,1.9131935029654925,0.199976923958192,-0.14828054512722
47,-1.0353462278497916,0.7549546029124204,1.560323699190287,1.341653357100552,-0.2000000099556441,0.2021171386620539
2,0.0552191388862766,0.2519234275022525,1.8615679378297667,1.466849212430666,-0.1627715753374683,0.1597142930603423
2,-0.0008793727557354,0.2110994321187483,1.8646686358367228,1.3548074374920045,-0.1996073220198866,0.0543155444842851
3,-0.0211106294139943,0.0669971314324306,2.0528228590872626,1.3015899316789232,0.0303877158302902,0.2346855676911836
33,-0.528472728210747,1.6880384094014902,1.1357383812454085,0.8965053301468199,0.1099335857050592,-0.3095878942324146
37,-0.7654833806403145,1.4927706239820806,0.7892382788148264,0.8193880024349469,-0.2000000098290424,-0.1430133039404953
21,-0.3824691614024992,1.6505757962653418,1.4120358089592795,1.6020547493591806,0.1816652640572701,0.0481411835011473
21,-0.4048573438505445,1.5884426655327704,1.4961050572481494,1.6138145876172654,0.0986064710997239,-0.0662387179392454
48,-1.0663232485483949,0.680307388853266,2.0265350444850068,0.969839258783164,0.0351921093526116,0.0690355062876944
6,-0.0073191375718459,0.217294408847235,2.2366345646467547,1.6382414521898834,0.1999318692390418,-0.0108064931147019
17,-0.315456098209483,1.1449752250156562,1.5933224456992487,1.7230508492019143,0.2000000099637681,0.191778558133858
0,-0.0333333333333332,0.2388888888888888,1.5707963267948966,1.5707963267948966,-0.065248876132601,0.1252489774661425
0,-0.0777777777777776,0.35,1.5707963267948966,1.5707963267948966,0.1994508462489837,-0.3960369384433966
32,-0.4719586600120356,1.8122480046680844,1.433574350810197,0.9439823654404174,-0.1778293357897835,-0.3151779078653957
18,-0.3446968511064022,1.39343964535697,1.5686982786890606,1.7302487428225708,0.1997333827127153,-0.2546727071844568
35,-0.6211191424297973,1.568691665320609,0.97411418432859,0.8632983425159168,0.2000000087914274,-0.0266178630220424
17,-0.3684132393751189,1.3936519838128978,1.5856000492956976,1.7336194995892902,0.1999483553056783,-0.1201562217491135
1,0.099542215822327,0.139032077306819,1.5893419003275326,1.5600010028620743,-0.1998461192891534,0.0182200911956064
12,-0.1861556723370539,0.8340070399584565,1.770903774597917,1.9921246423254653,0.1999791594860069,-0.0457594139600328
42,-0.8781509470394536,1.2209856133843524,0.9710309213766104,1.100425029822237,-0.2000000099574361,-0.0834939779207119
42,-0.9354390584809849,1.1991267501753111,0.7109093504603139,1.155478077365664,-0.2000000089908118,0.0929291480210312
29,-0.3853106407094827,1.9436703316351296,1.3157576835390667,1.5698066351973925,0.200000009804082,0.0379940281754422
10,-0.082417953144481,0.736992133629379,1.9271342151142177,2.127948598589046,0.1999749082300976,-0.0872003297787278
30,-0.3796523231815233,1.913436094285168,1.476442297050033,1.0457349801789415,0.0895487499774416,0.1493958670910599
37,-0.7420556374282502,1.4591539886933016,0.8711527626258242,0.9822488326988684,-0.1999999058114782,0.0634822258884156
46,-1.0185595965810013,0.7828299106237945,1.331723083802734,1.3914849612589646,0.0022983811857988,0.4933104617802653
30,-0.372964662324477,1.9861455783801751,1.4931056096297146,1.2009300025933558,-0.1999671594226408,0.0538882749616715
9,-0.0682218598302624,0.4378695327548915,2.0617701346662383,1.9079630847798608,0.2000000099503018,-0.3578410555138837
34,-0.579858654540536,1.6459589663260754,1.0307694851097209,0.8929094740052969,-0.1999780160309508,-0.1505540705558683
23,-0.3753354123627971,1.7089442360944358,1.4069254482772688,1.5982437733804886,0.1782905317402917,-0.3110360554647569
25,-0.339613150981544,1.925730416112457,1.231839106478963,1.4285737328000148,0.1999724170966794,0.0453257912360561
3,-0.0125869490473155,0.1570557261703734,1.986010746159825,1.1991068493886177,0.037905923492212,0.0698671739537524
14,-0.2501439221074368,1.0226647319551925,1.715883513042007,1.8961286383756704,0.1999699405605789,-0.0912386915326428
15,-0.3075591453552162,1.0536974227502538,1.6490076119687895,1.8028701882984828,0.1999880551091136,-0.0709005317670674
21,-0.3618777838536915,1.5752717000075689,1.4254466901209693,1.5746092861518706,0.1999464329415255,0.0084812283451462
24,-0.3768209340193601,1.9307370283135203,1.2719021710243563,1.4972517683493385,0.0096616728279678,-0.198584349361797
21,-0.3817151489223665,1.6249101766918654,1.4528000290181975,1.618970035285531,0.0626394539220683,-0.0732726845803592
49,-1.0593912247996078,0.6809009355280546,1.4104546504702906,1.2920012180571805,-0.0171918526681837,1.2068566705828585
9,-0.0951275377998052,0.4765949218291804,1.9759688908841948,2.080967161937653,0.1999900920822071,-0.2775896408709077
24,-0.3496225977675899,1.760876718196472,1.346410841741834,1.5781433979312869,0.1999831967206138,-0.2309280034938161
21,-0.3721735601440606,1.7543179575954666,1.3647079626705985,1.5759690274357694,0.1423601872850547,0.0378763521922316
16,-0.2690327432031405,1.1326513015211814,1.6375910798695426,1.818706039561422,0.1999960137574235,0.1615671712337819
14,-0.2712834189550088,1.032986988377842,1.6875917064633708,1.88897154171354,0.199969594890316,-0.1097586161840167
42,-0.9128003637924144,1.2258002904677752,0.6837478041782017,1.1956841079270593,-0.2000000099586163,0.370226836069159
31,-0.4031983336757107,1.858230791834282,1.5067130318519215,1.5536071428073843,-0.2000000099387347,0.2666405234301539
12,-0.2173069008681338,0.7631061978040111,1.721380197503839,1.950366155494043,0.1999735609200533,-0.0097627652243711
34,-0.5576032280631714,1.6942480627085208,1.1525708903013605,0.9509889205354684,-0.1999992764550492,-0.1770468042335373
29,-0.3607759794558924,2.038598608090185,1.3748059506204466,1.2915150045648354,-0.125869734136596,0.2579638493120438
13,-0.2558213958600697,0.8961207959287879,1.7075656792756655,1.9097132574334024,0.1999738694771648,-0.0836962708270196
29,-0.392090283336279,1.9387777844879963,1.512249627211366,1.1549009692871606,0.1937549376869392,0.0517503016720497
14,-0.2578804802480528,1.026585774534742,1.6623125272479395,1.8368115674670424,0.1999687380914489,0.1211992247077391
48,-1.0549447882897276,0.7013603522373238,1.5604666108873229,1.2022861770021107,-0.2000000099943763,0.4291260050971331
0,-0.0999999999999998,0.1722222222222222,1.5707963267948966,1.5707963267948966,0.0400688561458656,0.0219498097944995
21,-0.3543832722736244,1.535793419608382,1.4508695370194058,1.7089065169723023,0.1999319941479256,-0.1321112171550973
20,-0.2731126555524192,1.530940501639993,1.6514923265811543,1.8721194196425897,0.1062752636429824,-0.1601988756580125
1,0.0333028953552993,0.2953681358836792,1.5879516648736338,1.5646847941582107,-0.1047948359211933,0.3984884489305803
38,-0.7453941847953142,1.540356990854974,0.9066721881416182,0.898692534581498,-0.2000000073713687,-0.3056251815426606
4,-0.0736699026447146,0.1466009972753776,1.9891138459232192,1.2408279635009098,0.0187480736045608,0.1897578760957362
13,-0.2725656470396167,0.8407663089677069,1.690721639492784,1.858462262950589,0.1999722065136266,-0.0735999856002704
11,-0.2053705382612982,0.6673356785772869,1.7364930930223803,1.986639126815955,0.1999670603656634,-0.0557552003427449
26,-0.3497603333353491,2.0776235915554544,1.2423359351840355,1.3586462181810692,0.1167674192014526,0.1810202984122687
48,-1.0759580961272313,0.6794955837800356,2.075738572576318,1.161517566522127,-0.200000009926503,-0.1086596902473407
24,-0.3436168367715125,1.7864962351822742,1.3109068321671824,1.5252911421773043,0.1999802233874922,-0.192922798322717
29,-0.3709004647425626,2.110076756528541,1.4338509226825575,1.3015314361750274,-0.2000000093703431,-0.2928537003688473
0,0.1000000000000001,0.1722222222222222,1.5707963267948966,1.5707963267948966,0.1997793340465271,-0.3401533708222552
2,-0.0422174584425041,0.0823367424723552,1.855469227829252,1.3840660701200147,-0.1501542550706511,0.3159775749463562
14,-0.3046185173580905,0.9681761761596028,1.6557300510492663,1.8125268847034863,0.1999891611576318,-0.0491150868629056
46,-1.0420939285025008,0.6822678844351819,1.7819586219873766,1.1901211997907424,-0.2000000096444691,-0.071806625222603
34,-0.5472559852778609,1.685087006648573,1.1404918591168265,0.9368202507833508,-0.1999991804652096,-0.1621071062762135
25,-0.3428027001621168,1.9039094425918377,1.1696483391013484,1.4822610456144911,0.199977520590829,0.1109257509649129
22,-0.3774772042425922,1.595075249739786,1.48296885583899,1.6042366177142346,0.1997727453650463,-0.3343305642809965
28,-0.3382278535508384,2.122018306654136,1.350107123204742,1.3137301270924353,-0.1998858805561269,0.0357666894441876
35,-0.6259119180848175,1.6137302119030172,0.9198826065773942,0.8813705132052825,-0.1996712274676532,0.1400073101058679
4,0.0761381981663766,0.169701171044437,2.138427154221807,1.3495173529783822,0.0260385836196238,0.1489355783139084
22,-0.3688217764276166,1.859524750183328,1.2624385255065302,1.4998568032834578,0.1025223148761646,0.0223736299976742
21,-0.3741724271812442,1.5822902034544803,1.493715469786201,1.6572855221475653,0.1030999151112863,-0.0737467989984831
7,0.0365441023773169,0.2763541785307095,2.292077167951737,1.6343837877809904,0.2000000099932209,-0.4927849327254587
28,-0.3568096889735587,2.140510735675978,1.4400182599809508,1.3055622011772448,-0.2000000096179215,-0.3417300782682947
23,-0.3731359527769936,1.6432807103647422,1.4235742429355254,1.6678574591433222,0.1999394110253221,-0.4023899920514575
31,-0.399291947893126,1.9157922530932008,1.54768961128657,1.08408216572704,-0.1999865170658203,-0.2012774918037073
49,-1.0587914835508567,0.6835233178781327,1.406274319687162,1.295398098444417,-0.0293828302129853,1.2144625313466662
18,-0.3018593718153972,1.3605220888336689,1.594629251458917,1.747110476178217,0.1999833474727797,-0.1054568603678307
34,-0.5255660811007802,1.7434589907653082,1.1366567509856562,0.8487138132618756,0.0314313755177833,-0.3548780764279867
20,-0.374526671854052,1.598976426801098,1.4161815802243094,1.636773315351961,0.0778674540884093,0.0518420555323388
3,-0.0344430024974532,0.1529957215860123,2.005710997679506,1.1911652980629204,0.0263628437238896,0.050408479696271
32,-0.393062671952928,1.894368402781603,1.5009499425676207,1.5582809580327035,-0.2000000099488679,0.2126560057132115
5,0.0538494847174459,0.3077710273131286,2.1033335250278085,1.37511044148767,0.1714453883570209,0.2685646441162164
13,-0.2158120197234819,0.9925803031972732,1.7502962062743048,1.963899066547736,0.1999575725510876,-0.1898389983032622
34,-0.5953937549546824,1.5981623051904674,1.0782221584257226,0.8844295825409271,0.196313190307608,-0.2453666450730419
30,-0.4412508169114917,1.9398563089124263,1.5047766352680068,1.041262321985223,-0.1999518104189525,-0.4129539318831018
28,-0.333001485095288,2.027672261006377,1.4764083373036725,1.164639936333215,-0.0991482594663847,-0.0059861395682948
40,-0.8749544286927345,1.2605719465855696,0.7116674157467227,1.0185860591012033,-0.1999999385407897,0.2028102973025405
10,-0.1282720037941148,0.6153762390626392,1.8631032491710524,2.03731144166776,0.1999581899005788,-0.0330617153850089
19,-0.333121871612327,1.3912303726587032,1.5287699932840209,1.6804031151343597,0.2000000099375988,0.3706881267878959
6,0.0348687154021552,0.2115047801112105,2.2740691090610365,1.4445701412614231,0.1999952378364864,-0.1034780233265146
4,-0.0427761511097538,0.2064888426373369,2.004494414725576,1.3115194212287158,-0.058446697534651,0.1480441274890904
0,-0.0555555555555554,0.3277777777777778,1.5707963267948966,1.5707963267948966,0.0275446500877321,-0.1597308552689293
40,-0.9030116116412,1.2031241600788125,0.8052863656219582,1.0923786152410893,-0.1999962199749599,0.1831790720155491
14,-0.2435710512425159,0.8955025870570342,1.664950960376535,1.854958996646637,0.2000000099576746,0.156729460496359
33,-0.502481806498442,1.7205585868508169,1.4005892975863556,0.9525056031043696,-0.1854975038227789,-0.5343434334453482
31,-0.4691776189526311,1.796338824516149,1.3690688955273966,0.9720007499054236,-0.199988805978105,-0.4512305965839331
13,-0.2352258619687929,0.7429735598626418,1.7457279535618166,1.897127336777816,0.2000000099795643,-0.2099941343618093
12,-0.1853419056120754,0.8272615553089511,1.8311161231777155,1.939275446698168,0.199988972927471,-0.1719937858284359
31,-0.3852838260835637,1.892199670329301,1.485414263853107,1.1232015554766834,0.2000000098409849,0.2848980616841604
37,-0.7243030558638699,1.4467407828592949,0.9075682247665268,0.8563396917855066,-0.200000009314881,-0.1055497267761078
47,-1.041532713382158,0.7392918148278147,1.567861821232336,1.2795977032693124,-0.2000000098180305,0.1216096402828837
16,-0.3379713347850815,1.2124621716481532,1.62212306732801,1.7491372554972031,0.1999567773260692,-0.1995271261168134
21,-0.3861894959034341,1.6181907471760524,1.4565462479975562,1.6067661891328897,0.0277768123884494,-0.07416525222584
49,-1.0844760681454295,0.6486377582017356,1.8228115989503009,0.9519397778446588,0.2000000099684676,0.5629309327161857
11,-0.168801646923377,0.6693840679764844,1.8363272781160216,1.9821328377226333,0.1999877766339353,-0.1696846474555299
45,-1.0367734987775965,0.9160646544762656,1.1321076537158827,1.4129077014971494,-0.1412783810287109,0.4137546083642657
35,-0.6138211614796947,1.587077634273033,0.9931433359768728,0.8656893336106443,0.2000000089431756,-0.0774768943830614
9,-0.0919779175104253,0.4904441973133476,2.076930129030023,1.822022980975256,0.1999907262530748,-0.1010171012584351
48,-1.0312977384185704,0.7196926277546617,1.442960144081388,1.3526653637756203,-0.2000000099534982,0.4588548336467557
49,-1.063703429755627,0.6807242153993524,2.0279181777176003,0.971970785586409,0.200000009901518,0.4636877834076504
28,-0.3345826279066242,2.132494984101568,1.356665406746588,1.3038669029215513,-0.1999744588341146,0.0097817011529015
9,-0.0423759295004195,0.4783364781176325,2.139985047540617,2.0396363192603992,0.1999881748906302,-0.4017043057892014
10,-0.0955040827688609,0.5579597392384803,1.949276820817266,2.055536585103133,0.1999950052666423,-0.1294201914248749
47,-1.0587041941960322,0.6854514805469187,1.4039480547097067,1.298422311840744,0.0126557654281744,0.4749976810992324
43,-0.9774010524310418,1.0042386915215795,0.9618839035418372,1.2888139203610869,-0.199999955360832,0.3699161729141824
41,-0.8422465796380536,1.3127689752396006,0.7067187757727892,1.1259511892958591,-0.2000000099183662,0.4828439373796676
1,0.0543746737973615,0.1091196252877864,1.718706504502569,1.507177666972262,-0.1999455019376919,0.1694810500028077
40,-0.9213317394593438,1.2156641379473596,0.7523268828243153,1.178229626727629,-0.1999998927121332,0.3023639404908638
38,-0.8529076310544172,1.4061366814660332,0.661269181468759,0.9031668039040452,-0.2000000099075504,-0.1865208756264367
38,-0.85213256728916,1.3949558115183225,0.6774422312763075,0.9097052349617608,-0.1999999941834034,-0.2088766321683979
18,-0.3348095413823483,1.3346124667824115,1.6492046516725756,1.721225237559064,0.1998134001811788,-0.2240221660356426
34,-0.5725140816771894,1.6310392653325871,1.0435896115985257,0.8809173549100142,0.200000009643586,-0.1957318289617222
22,-0.3872990735470417,1.6597050186993094,1.4366526241090636,1.5852873065690332,0.0904400600001553,-0.1202196948788053
36,-0.651461540962311,1.562964606602867,0.9693555986072012,0.8818340480595254,-0.1999999167089483,-0.2051050784517967
29,-0.3834663264150462,2.067200465561471,1.5188742513444762,1.226279338457782,-0.2000000093009497,-0.4160562244828359
45,-1.0272487786361222,0.9007198216214145,1.008977866792355,1.3238038338677995,-0.1222742274094935,0.3282153415656959
19,-0.3476455207976561,1.395156189715251,1.5820414210346083,1.7064066949826049,0.2000000099932274,0.105009074395851
21,-0.3438749428353194,1.5791465624693215,1.496165775754724,1.6227020341913645,0.1998897237286141,-0.0527464861281197
0,-0.0555555555555554,0.2611111111111111,1.5707963267948966,1.5707963267948966,0.1991717570528255,-0.1320690587486732
0,-0.0333333333333332,0.1944444444444444,1.5707963267948966,1.5707963267948966,0.1587521130006082,0.0376993850135428
23,-0.3410220918982188,1.820626853293236,1.25840932975081,1.564978794217485,0.1999536799221638,0.0214569670886211
15,-0.1043032445498132,1.1430599348898005,1.8531194115665297,2.0614145994286925,0.1999854976397002,0.0778211240105546
3,0.0508711488898466,0.3017315117356481,1.7999229196349065,1.4454551279679122,-0.1005664055012229,0.3011112129917254
24,-0.3675073477018485,1.847398156474913,1.2800453153677749,1.4947412664894195,0.1998829944944775,-0.0220160028747588
21,-0.3840808891818422,1.601358595733571,1.4399486976352076,1.6198172479136692,0.1997970994608274,0.034345586309821
21,-0.3788911290972401,1.6530707439084524,1.3666305180620273,1.5555002052174138,0.1982092197901167,0.022017262777529
31,-0.4255300770446231,1.8809622824257983,1.482077300957249,1.0094075455218536,-0.1999741329730805,-0.271828190387589
22,-0.385869305594096,1.8054252661083845,1.3614842082050185,1.5722179572485722,0.1161542162537831,0.0714673138539655
39,-0.9080336474781168,1.3181643765267306,0.658008256056581,1.0130456279954831,-0.1999999950957232,-0.157142224779617
33,-0.5666554280117904,1.672023016710318,1.113127444931541,0.9028650425548532,-0.1999865775715647,-0.1360031800284039
46,-0.9978675334398616,0.9988464982658694,0.8667367371406893,1.241199205207678,-0.2000000099906846,0.2849759378283602
36,-0.7187117380241462,1.5393085105741309,0.8382308418538909,0.8069921033220597,-0.2000000097120045,-0.1318776443325703
15,-0.2431181140373668,1.0401699383136749,1.6677666390922408,1.8704830150798832,0.1999891568763358,0.1236175975511803
20,-0.3866082218563607,1.543853203581089,1.488269374766622,1.6203517642243643,0.0512769692393717,-0.0187302652732387
23,-0.381168713508798,1.6831256675695356,1.4263629289951665,1.5940855979701918,0.1993449156510515,-0.3830759020629846
26,-0.3361603276126377,1.972259432624328,1.122885768362556,1.4394579471778843,0.1999696012772535,0.401490121663317
21,-0.3838451988882601,1.6393807596689247,1.4981738115337233,1.6530767185820048,0.1173423299255873,-0.0762348380913101
28,-0.3569172428949853,2.059305019808671,1.2163015166905264,1.3593508601815183,0.0960092826781784,0.4071604829751017
29,-0.3484903016874612,2.089945095090418,1.3566801837321858,1.3106471647177025,-0.1999823797633258,0.1878364300156224
24,-0.3854634341910443,1.836353950272984,1.335084774592195,1.5456680929418731,0.1546523516977098,-0.1845109448647671
32,-0.4318124459994867,1.8210530765962265,1.402662978568349,0.9956605984586404,-0.2000000097274641,-0.0271672650001293
22,-0.3791785087330526,1.5660183804749994,1.4139018663866665,1.6256156669777433,0.1999377364045103,-0.1059537422271857
41,-0.9827528481812768,1.1633606248989683,0.766522497930799,1.2332163341266564,-0.2000000087723678,0.0089925043942835
11,-0.2037237385419347,0.8557991081155135,1.7451899583127837,1.899492141900753,0.1999858918357249,0.0974150535773219
20,-0.3573852794643136,1.4673261997552287,1.557145902016435,1.681666235280467,0.1341634809885944,-0.1030229912420107
14,-0.3063166996285659,1.022283390481677,1.6609229517704165,1.7759958749705949,0.1999894263791061,-0.0698507662835679
43,-0.98259644345142,0.984966490640316,0.9851659453150372,1.301990549457832,-0.1999998665812987,0.3875931377970221
26,-0.3235811716249923,2.017681821641306,1.1792075196888785,1.3951167469444312,0.1999320990498492,0.4084340491632701
45,-1.0031737187431389,0.87440615702523,1.148356613763843,1.404136836437825,0.048063688275144,0.42835469623923
20,-0.3767129249943408,1.5391720951994836,1.489224155494247,1.650139240927092,0.06780824555155,-0.0393644036774323
27,-0.3172931549304011,2.022844609297624,1.5566548458169858,1.1824572396434676,-0.1775885651096226,0.0360493294164684
2,-0.0074641396705509,0.0866286846358196,1.893352762856756,1.291033811363382,0.063940232544804,0.2979944696840276
12,-0.1859120779239244,0.7343482243076729,1.748548642792974,1.9486581592066423,0.199994660435501,0.0881151188648008
0,-0.0111111111111109,0.2166666666666666,1.5707963267948966,1.5707963267948966,-0.1998195127796614,0.3687586467419798
46,-1.0403111479822231,0.7324099717081868,1.4909454300864589,1.335815585649314,0.152078659474504,0.1021858596787025
13,-0.1976018854695002,0.8071964405878751,1.7479944388058524,1.954615267438216,0.2000000099604459,0.0565395172240766
29,-0.3420943781101553,2.002160497348552,1.408334874608789,1.2410915492040808,-0.1999918305335817,0.1565384548921148
17,-0.3298500710677017,1.3160186519591688,1.6079412611631445,1.744890415676063,0.1999594086028826,0.0126842585953446
21,-0.3759793229129882,1.4994911323490618,1.52115618909267,1.6404503216409887,0.1994981834509908,-0.0260327738982527
23,-0.3529150767888638,1.613080273698219,1.4195435280588011,1.566053837995729,0.199992352888952,-0.2587507472324699
46,-1.0366958640430142,0.7442482191672724,1.424758838938581,1.3716882567647413,0.1557228539877479,0.2050359012455495
13,-0.2564559941654722,0.914448755582736,1.7060111174967627,1.90667167764901,0.1999511108469025,-0.0804149597607351
41,-0.9014724517069608,1.1955367793912923,0.8456933601435761,1.1083609417226057,-0.1999999867836135,0.2311158296710464
6,-0.0081754334661507,0.2551741472580578,2.2225596132268297,1.5674367555294637,0.1999651562830799,0.0596612939178177
29,-0.3546374541941528,1.960234504770944,1.447992612668548,1.1780342727827688,0.1939420385136711,0.2704048084128526
9,0.0873758738326666,0.5939250348147208,2.094078326286014,1.7979670354369222,0.1999610885870255,0.1543126604903658
47,-1.0807520614532444,0.682417845294848,1.6087289797749855,1.2675678206565868,0.0284311128712531,0.0923883651790277
45,-1.0238240342235077,0.8148951590526434,1.2210821593788008,1.3536203402875784,-0.199999615919744,0.2652768480775701
23,-0.3843759624577837,1.7827176483632932,1.3363339538362364,1.5413189405083538,0.1998630345170764,-0.0677690607717163
37,-0.7558170375214708,1.4443208906334457,0.8972581088011766,0.8649328479782765,-0.1999995708915991,-0.1957477140859008
2,-0.0149133763051495,0.2917980932095739,1.848762915530477,1.4324280784205197,-0.0727348696648352,0.179745831169594
41,-0.8855333621211193,1.3000165986039731,0.6429102013650159,1.0307001854025573,-0.2000000099438203,-0.0081277157512075
9,0.1082822387265237,0.545529766389761,1.905032237121139,1.4959898094248814,0.2000000099583438,0.4214249292615111
11,-0.17939874375664,0.6756252362137739,1.818319727727447,1.9554693192652997,0.1999667834059886,-0.0933290920494891
8,-0.0491311550334852,0.3300341126157265,2.167652619132076,1.844871240153788,0.200000009955125,-0.4577028091399401
14,-0.2949517141103939,0.9466109269802871,1.6908903765168528,1.8377348948041408,0.1999760014338281,-0.0723487520649736
35,-0.6068920118879201,1.7102295409857746,1.0243141959097724,0.9073454835222238,-0.199999847953414,-0.3193720836497243
23,-0.3489831897876652,1.727855529552796,1.359237068393503,1.5819987789682517,0.199977978703664,-0.127616350588253
29,-0.3698284523789882,2.018004781754864,1.3506600084390978,1.2992057460789144,-0.0192350504611458,0.2872877020210883
11,-0.0724564875105381,0.6958385250059662,1.97390373895434,2.0741929165419903,0.1999930598868123,-0.0849723225301205
29,-0.342675168002751,2.000409498955701,1.4255225035038332,1.2127087765897344,-0.1999819531901532,0.1156848190544095
33,-0.5294316966742475,1.7091484950707572,1.1449777512487511,0.9061513700256169,-0.1999747831694062,-0.2672368022530218
0,0.0111111111111112,0.2388888888888888,1.5707963267948966,1.5707963267948966,-0.1998291862253509,0.3998157720713477
42,-0.9166234880341404,1.2748608798997474,0.7678660164263587,1.0888129540929354,-0.2000000099415098,-0.0456348901858388
24,-0.4053376756922167,1.768492876584619,1.496279270448957,1.5795995089150383,0.2000000082510949,-0.4358632230359098
16,-0.3392897499439467,1.087169030629868,1.659942173459802,1.783485070231837,0.2000000099930075,-0.2279495541630016
14,-0.1297252955742275,0.9557214574389672,1.9454008973986687,1.99152052931216,0.2000000099932105,-0.3450063484164832
33,-0.5196425217913697,1.7217705413034403,1.0843306857602275,0.9418525318174688,-0.1999831752080391,0.0091513830353495
1,0.1000610416794163,0.1969751347957566,1.6987904171135764,1.528748321630432,0.1996377467604645,-0.3038775633439294
18,-0.2405977768136024,1.2818186416824155,1.6542751910772662,1.8768228670791327,0.2000000099529876,0.1784986466121548
13,-0.1196652890736155,0.8449538213494583,1.9293905115362744,2.0798060453781955,0.2000000099928649,-0.3529126634636794
22,-0.3795886712763563,1.612082006113705,1.4645989398148398,1.6161778368329514,0.1993236162984641,-0.1565562331492906
0,0.1000000000000001,0.2833333333333333,1.5707963267948966,1.5707963267948966,0.12651627597895,-0.3828280666923332
30,-0.4050257418297806,1.9112624513610288,1.4980491558697562,1.14305653104725,-0.1999733729449895,-0.0553443689678425
6,0.0783409836204326,0.4416769240308943,1.6603876511242728,1.5471954811888224,-0.0851201131022359,0.1664791282623416
16,-0.2145208488783626,1.1577526566228251,1.7004691719061142,1.9815764863576144,0.1999749809983855,0.024825335115907
16,-0.2889699474123249,1.0638624403246584,1.6151738623764853,1.7561763620204536,0.2000000099514923,0.2066615084250321
20,-0.3767803578612534,1.5635425537814258,1.4537853161480765,1.649936677514788,0.0406841872891187,-0.0065366738146218
31,-0.3835458665455065,1.9737764849858168,1.3786527412619929,1.274226734230261,0.0686993058573748,0.3027521659130064
48,-1.0789950653570426,0.7038406191770683,1.6805813843992097,1.2557360979243388,-0.2000000099775242,0.2200345851820255
15,-0.3039947054294192,0.9578838215136336,1.614610848077808,1.77124398422609,0.200000009950727,0.1335473031507407
17,-0.3527066609257676,1.1605297729032698,1.620622799792562,1.791347660404213,0.2000000099637456,-0.1620258045495758
0,0.0777777777777779,0.1722222222222222,1.5707963267948966,1.5707963267948966,-0.1998398960524347,0.0661424112394177
48,-1.0502808193134678,0.8523757994997535,1.2972796643760542,1.420429432160059,-0.2000000099733719,0.59657477932336
5,0.0135025945177476,0.161855424687375,2.283175633349691,1.4219344148298814,0.1999642833254132,0.0656951429008773
15,-0.2746416877170128,1.156359160492624,1.631964181610618,1.7945166903462244,0.1999788403113919,0.178189076688264
27,-0.3246252756384613,2.049411031251106,1.2032452757146697,1.363868635526258,0.1999565255051069,0.423166796883925
10,-0.1681715476586814,0.649265918363727,1.8103680856380229,2.0370081887380764,0.1999847107643916,-0.1524545292692338
25,-0.3321446184911105,1.9341643058859708,1.2042667726662497,1.4685325993266944,0.1999806075959073,0.0355830963988851
19,-0.3718992840956897,1.503240169273485,1.4929153128203492,1.671755908974975,0.1982113872092157,-0.2431433718429759
7,0.1075502601892295,0.2811402099493651,2.157067396738801,1.5542875164073302,0.2000000099561013,-0.2819834744900503
28,-0.3360614100135747,2.072598190883916,1.459472497705356,1.2936570387165274,-0.1999878048575324,-0.0297981247062216
43,-0.9577254158773304,1.1869249734570926,0.819690947481666,1.1834811633816085,-0.2000000099417825,0.0425157272084656
25,-0.3384246656346837,1.9243108411882413,1.219016664722238,1.4453868658739364,0.1999738596776985,0.0393750143342876
22,-0.3490696954225539,1.7297282243245755,1.3510419550028183,1.5854126901559635,0.1999713552975551,-0.0621240161291253
47,-1.050781102314467,0.79671577961178,1.3769317092981677,1.3921873743946795,-0.2000000099385472,0.2201430972322181
6,0.0380178616305034,0.1864066366448936,2.2436981397357325,1.418210934734748,0.2000000099572125,-0.43962054015014
39,-0.7859135082708433,1.3760466163163532,0.8298410261657576,0.8784771252112626,-0.2000000095841512,-0.0935578439072954
27,-0.3079035902678791,2.073882962237505,1.2283638874676566,1.357731143041128,0.1999648628001333,0.4106612308671862
26,-0.324823978165307,1.9944807138775889,1.2013109559800963,1.4058134743168595,0.1999908711254824,0.3248271244985917
12,-0.1801372116789,0.9109132575260952,1.7238623629817384,2.042876590818382,0.1999683565875969,0.0413277096142354
48,-1.0877238502594406,0.6462194491444015,1.853806597241436,0.9203587733443928,0.0311136974209082,0.1214985816103046
26,-0.3348327532232864,2.093187797769968,1.3842840949681143,1.3228749299425664,-0.1997089056799057,0.1183115507881158
33,-0.5176865487237183,1.7409201736781053,1.257183832177196,0.942124251150986,-0.1999867772817427,-0.2658268320177921
4,-0.049085502452261,0.11315831399677,2.074570291736398,1.2220290964414446,0.199676789412205,0.2940087596066086
19,-0.3705186862743251,1.6205233671488142,1.4566071602192263,1.651674966369947,0.0445104745352251,-0.2412484504697643
6,0.0118040984099259,0.2427935373095093,2.3063676759453244,1.7470425851746758,0.1999408502454043,-0.1024847808087112
29,-0.3178047462291445,2.066703744486597,1.4624494361367564,1.2165878756721145,-0.1999853075015052,0.0987205714710189
37,-0.7259977260935407,1.5649635755964506,0.958281890549932,0.9155049938424386,-0.199999987685416,-0.3123229339103209
29,-0.3763860375743503,1.9903163216433195,1.4462329494443278,1.2447877981286397,0.0865555303341993,0.1044925003222119
31,-0.4172457878228829,1.9848967263460893,1.550467805066381,1.108856240114604,-0.1999999905259941,-0.4932531588616329
20,-0.3723519782697756,1.570791336461815,1.4797669249263148,1.662140130127832,0.0404901356470323,-0.0361060949200644
23,-0.3696969954940021,1.852350644823869,1.3046733536839854,1.4726108772094666,0.1826640990951696,-0.0463427237302691
31,-0.4037856091914635,1.939148971357457,1.4841441298511366,1.1599784749089983,-0.1999997017736358,-0.0241371488339074
16,-0.335064966364763,1.2129931630815851,1.6255644159999232,1.7572268177892172,0.1999870365330153,-0.2150110525264343
45,-1.034468880782115,0.7872420859575578,1.268190142759357,1.3466832076204107,-0.1999999931743377,0.0595866220823402
23,-0.4112086292994805,1.70440486892848,1.4945163811233382,1.5784585250639336,0.1999864128484365,-0.1476607611622625
33,-0.5068830415813741,1.7679063666135486,1.1385844285276274,0.8541639329771255,0.0621130848518273,-0.3484945633686652
26,-0.3770457476334395,1.8853619339262413,1.211424034797535,1.4474666200701618,0.1999896234986481,-0.0228664992899621
28,-0.3470452006668228,2.121048357484878,1.3306730958309512,1.311828781512982,-0.1998142785948762,0.0324043906444703
34,-0.5706803648927555,1.6625395946336017,1.1023074926784735,0.8683198077891013,-0.0348661409523109,-0.3236617572556208
1,0.0070327607269947,0.1324656726063048,1.781302438178335,1.4561778440138806,-0.1999083423677153,0.2523246492238182
28,-0.3028017408345799,2.1175292506938987,1.4537932584669928,1.2460878071331316,-0.1999853543348942,0.0819399000093322
43,-0.9589134936166884,1.1199311179210083,0.9142071587111688,1.2413713492786609,-0.2000000073302048,0.0397836312034469
9,-0.1321919236800127,0.4773637018043843,1.882002258649032,2.0308093103363363,0.1999670243258016,-0.121161081209752
17,-0.3494229438607971,1.290860986812865,1.608064022907291,1.7231607430775862,0.1999848573432783,-0.0701460359647783
35,-0.5944544212938535,1.6431046267413805,0.930316246433922,0.901790950389294,-0.1999999163417595,0.0618839191717405
31,-0.384988271272126,1.9771434548275864,1.2472115168955664,1.4717116913966204,0.2000000099362743,0.1226488863544535
20,-0.3763804781318529,1.6472974394706532,1.3979133377459387,1.6146237985215084,-0.0558026992096606,0.1123217675437508
5,0.0636548357442437,0.2140178048834569,2.272246823706899,1.6192246763233542,0.1999424384918422,0.0795062805634642
3,0.080147459942887,0.1879252731341796,1.9827918718245368,1.4641252976565071,0.1998124058327828,0.3260979812539481
16,-0.2895918396496008,1.069306635678049,1.6160079027202467,1.752315156224283,0.2000000099436137,0.2067881345149811
16,-0.3378726444218249,1.1583572531877495,1.6346930480238535,1.8123048987642625,0.1999590796442137,-0.2389801952198832
22,-0.2858906799949153,1.6790796333195246,1.4560645158079009,1.7209824491915768,0.1999897113773392,-0.2717717492018479
41,-0.8457821616405938,1.3134857776678677,0.7047201167294312,1.1318104706239478,-0.2000000099037293,0.490710918718785
15,-0.2770316439148353,1.0613106096834326,1.6644010485735814,1.860207238865596,0.1999876859271672,-0.0864783190178666
48,-1.031991095596963,0.7170017249763793,1.4577184627440314,1.3443895802050148,-0.200000009954235,0.4432364501017964
48,-1.0927004593852023,0.6235117751122845,2.218604733296905,1.0404475165687477,0.0297591915057868,0.1353738861787969
32,-0.4680723713477215,1.7931732009430137,1.316863599403724,0.9347840863023638,-0.1999555115911002,-0.4756548979094673
0,0.1000000000000001,0.2611111111111111,1.5707963267948966,1.5707963267948966,0.1479827513570052,-0.2135011802767808
32,-0.4606733710821871,1.928529524250348,1.487908081212316,1.0330856948402982,-0.1999999271345646,-0.5525863030976511
15,-0.3130042355716305,1.0023080599671188,1.642168150690756,1.770801380299012,0.1999912501121933,-0.1292232010482158
13,-0.2459897199158178,0.898543859796235,1.6786523775875746,1.9231179446570368,0.1999886690146965,-0.013070055030826
10,0.0126089855349112,0.6049486631412025,2.187968520949351,1.9306900128809663,0.1999868593394092,-0.0853246562079276
31,-0.4040322196215489,1.857197788534623,1.507742271819387,1.5529459682661917,-0.2000000099407423,0.2662897772911137
11,-0.1635396256480652,0.6384963821546381,1.8704085508969168,2.071230144721187,0.1999979770924753,-0.324391649223621
0,0.0111111111111112,0.2611111111111111,1.5707963267948966,1.5707963267948966,-0.1999281040476795,0.3843946861724482
21,-0.3587288201261266,1.5877427805394944,1.4256716156986098,1.5847453488831331,0.1998235255557374,-0.1774865284512361
27,-0.307686695267399,2.078200414760418,1.2335201847043376,1.35245375603795,0.1999597226525973,0.4037351789817975
31,-0.4072758406984017,1.8505331153918363,1.5116646187987666,1.547567055333403,-0.2000000099432562,0.2660722150601171
4,-0.1007932769502734,0.4029339523415218,1.5896126857287731,1.4612821018498106,-0.1184750553600355,0.3809604565451031
47,-1.055170552688954,0.7041545260470463,1.5402562106635909,1.2097004052092102,-0.2000000098055078,0.1634903616926215
4,-0.0581726224937173,0.1674692088030174,2.061809458830629,1.3673979968989918,-0.0011726793211442,0.1800979383597652
6,-0.0264921481813737,0.1776146175552043,2.2938731322672705,1.6013893645526949,0.1999974883154106,-0.2126816100133832
26,-0.3765012096620921,1.9614081852712093,1.5147364596512656,1.1856019079788938,-0.0477558925525898,0.0328117392424215
32,-0.4498348484437512,1.8437660033333247,1.4670180542849418,0.975903227480622,-0.1999824590006349,-0.3382691713706452
10,-0.1605034235039246,0.5842695495571855,1.8447656976666789,2.009624727186812,0.1999557777193593,-0.1734947657840031
24,-0.3571677771944704,1.813138447151441,1.2791849974935114,1.6017275620913032,0.1999829075597771,-0.0851493928710477
20,-0.375974242280176,1.6051803870282602,1.4178186478700976,1.631728446211406,0.1269317275637967,0.1102104030686013
0,0.1000000000000001,0.1944444444444444,1.5707963267948966,1.5707963267948966,0.1985157296788187,-0.2420414008807337
20,-0.336430156823382,1.5320380172120174,1.5384612130608897,1.654353150148367,0.1381380619381684,-0.0827560251763888
40,-0.8902626337772285,1.2293182604485813,0.8303366391989142,1.0797273290303335,-0.1999999006885867,0.1753708166900003
7,-0.0348064383600964,0.3536525450572674,2.205219314494405,1.899980309385851,0.1998803495085423,-0.2149636407798661
26,-0.3320201607212501,1.9901755632514304,1.142105070003543,1.4089252486412356,0.1999790085326217,0.4047422748880436
42,-0.911987727380024,1.189633818498427,0.6860476257887225,1.1153917696883926,-0.1999999559177282,0.3509683150544543
6,0.017213819386004,0.2742201916634194,2.285405353703771,1.524299716659564,0.1999615548598046,0.0596983182205767
43,-0.9626173462107204,1.0573294976829302,0.8452945771303515,1.2792694397172524,-0.0062556847459104,0.3656500516396751
9,-0.1079941814481422,0.515272869315077,2.010608238228832,1.8685891276862163,0.1999900068532825,-0.0797321420779399
28,-0.3586226763869843,1.9991808861192768,1.444787648255088,1.2543927695376766,-0.0167133094896934,0.220421058468315
37,-0.730077532163046,1.4369020520169051,0.9213524060931544,0.9415086832137076,0.2000000099644713,0.0565207992897938
7,0.0788042987920216,0.4579013633984913,1.723833487429891,1.5319968941875326,0.0370376659235565,0.2837925860521819
24,-0.3441990512286172,1.8629269574559555,1.223911785581384,1.5397894607450389,0.199977291888094,0.0200236430910601
12,-0.051514380850769,0.9179778919444292,2.0605637627330164,2.082927870229558,0.1601754170290816,-0.1598052439662156
2,0.0777487269968393,0.2903640864847023,1.5698728273299078,1.570589324369364,-0.1999446578526459,0.1071259387629716
6,-0.0062669502590615,0.2256604920164597,2.243865550556455,1.6525763693625912,0.1999330950415499,0.0042693225834267
8,0.0190991837771481,0.4827378334671591,2.251304251202617,1.8448847006700029,0.1999635798220501,-0.0943257003305956
33,-0.4980624297381933,1.769278444580544,1.2758274635400184,0.8954782477812805,-0.1499027519568983,-0.4803740682232634
26,-0.3801462343771942,1.901546302848077,1.1865700958904366,1.514593363934879,0.1999833147901646,-0.1068605411365344
48,-1.059745558430058,0.7550693274393198,1.5093178200211863,1.359576564167056,-0.2000000099732115,0.3892983078260689
1,0.1001258477900459,0.1761792887762829,1.60331862146524,1.5617924607191225,0.1990960887680215,-0.254329458972301
31,-0.3985896020973615,1.910974012596622,1.4595139055189232,1.2007304776045211,-0.1999972805834698,0.0791373425338299
0,-0.0555555555555554,0.3277777777777778,1.5707963267948966,1.5707963267948966,0.0275446500877321,-0.1597308552689293
19,-0.3859057313523452,1.4616402737499383,1.538507760563169,1.693127205140083,0.1999632247042952,-0.0964535549374893
16,-0.2506783885758833,1.1491506690759246,1.6764478030612049,1.9127825010250368,0.1999712780406937,-0.0806422464237799
9,-0.1079914879826557,0.5202178452875602,1.963134498396192,2.000032322408168,0.1999606257153368,-0.1622299399967196
0,0.0111111111111112,0.2166666666666666,1.5707963267948966,1.5707963267948966,-0.1998444228098383,0.4071323335861257
35,-0.6267861372325341,1.600191920379732,0.9712480726328234,0.9162168028620096,-0.1999967119990196,0.1144856139501433
37,-0.7267282760261606,1.4787010574750898,0.8842455440738383,0.9494955701902634,-0.1999999161287973,0.0179769996030592
0,0.0777777777777779,0.2611111111111111,1.5707963267948966,1.5707963267948966,0.1715896042367034,-0.3450117782613353
48,-1.085057709903129,0.6151502206360999,1.8344012024488787,1.04035636713616,0.0290511502566377,0.1421865037914576
17,-0.332779706219919,1.2216708594093684,1.5986919563255575,1.7387333199471875,0.1999910295994427,0.0683073185746025
4,-0.0077320498717373,0.0929471424520072,2.20902514556912,1.427216290256633,0.1785281764791245,0.1499529310761028
14,-0.070588905976588,0.9516916652181208,2.006546718129192,2.067012685284072,0.2000000099631108,-0.1601189759321897
23,-0.3721710952859037,1.7508125633365792,1.289817810572123,1.5335449715115594,0.199948259958467,-0.0404110982573335
31,-0.4074130096451176,1.9215034853768087,1.530733343948203,1.0946126847110689,-0.1999849963306555,-0.1448012947934382
1,0.008020567638264,0.0960289332966272,1.751780734458242,1.47641123317054,-0.053705678162091,0.3805020070633849
16,-0.3196486404946678,1.1356345678522295,1.6094910992668952,1.7738083067531405,0.1999929323391949,-0.0210453395839846
1,-0.0333940764820414,0.2324992281319379,1.626879827180181,1.5512904609356977,-0.1998017243483943,0.3799780097269127
0,0.0555555555555556,0.2833333333333333,1.5707963267948966,1.5707963267948966,0.1425646116915318,-0.2481519194466702
41,-0.9565161988818518,1.0736935386790143,0.8830728652563433,1.2290310015214772,-0.1645372753924877,0.3241197770148274
39,-0.8368827343140544,1.3074512959770237,0.7525321888413767,0.9395167558805688,-0.2000000095283017,0.1033459355020612
20,-0.3475077537391721,1.6093639521813836,1.2121494185186523,1.717753960770764,0.1998817080435168,-0.0389245107659788
44,-1.0028694474867574,1.1060681076923948,0.9053065600481373,1.298436767853782,-0.2000000099403034,0.2247709784499902
3,0.0534398638753446,0.1845906010626077,1.9104810715522456,1.4305487066152458,-0.1637359631623973,0.2861103777453893
13,-0.2807925619252543,0.975603286570586,1.670452688881431,1.8379586463739608,0.1999463197778771,-0.2020628237634776
34,-0.5964801777552843,1.704665352716827,1.027535208561693,0.8968201872110666,-0.1999946613771925,-0.0555589522428257
3,-0.0798139354188662,0.23327527982979,1.657065458533765,1.5230757864805264,0.0117098122609368,0.4278556779492407
31,-0.4151601425323235,1.8185874989868,1.5118078934636454,1.5544090590797353,-0.1000502410470724,0.2689795881181691
32,-0.408709771350206,1.8948849040208144,1.4007354053345065,0.9956699966375993,-0.1999296823009159,-0.2129569924269658
22,-0.3809623451725611,1.583266677047731,1.4749035807934143,1.6188105968164783,0.1703695775993594,-0.1912131680981554
7,-0.0552751577110607,0.3584578732787091,1.693658118196998,1.5295732445358377,0.1996260772103766,0.5003057455998091
31,-0.4209878970934794,1.894457919168316,1.487626121440206,1.1023260028300248,-0.1999925023917788,-0.0750383791590715
28,-0.3391796414380379,2.003143480516595,1.413410754003797,1.247425413325728,0.0050693300478649,0.2161550804091207
31,-0.4321070880358198,1.837872905822524,1.485014249631439,1.0684038214746767,-0.1999876500150806,-0.2093012471339607
25,-0.3604774268955496,1.9144643100902192,1.2704631694015982,1.464451404857961,0.1999087705319004,-0.1603010713446772
7,-0.0175462643128355,0.3553188009887888,2.2349169375982623,1.7937553276154377,0.1999422892615501,-0.0944004133073054
24,-0.3777825118307482,1.8234756640501133,1.3228029972550015,1.542576498450252,0.1999310416328103,-0.1100275417064048
36,-0.6694581480178584,1.5445540206213388,0.925269761183534,0.9181434377203784,-0.1999999151644662,-0.1183182990532478
44,-0.984524143831344,1.0312490377716803,0.916181434869196,1.347803857174361,-0.20000000993848,0.3117305691058952
17,-0.2462713600901609,1.2305786784664063,1.6514239559133554,1.9160192634602888,0.2000000099532368,0.1176668025535877
5,-0.0321507493522058,0.125474880795005,2.2390446151283125,1.3846288269043423,0.1999466512459949,0.075801586423458
18,-0.3676476668964473,1.433209818325338,1.533454974242721,1.6879859987694663,0.1998714101279314,-0.1166539193819522
17,-0.3107920586638527,1.205062097240124,1.5984860445049147,1.6991369850160594,0.2000000099934013,0.2220458348160677
24,-0.349183428004938,1.7750794640423213,1.3253905783083777,1.567453777051523,0.1999848256720864,-0.1952290642573106
0,0.0333333333333334,0.3277777777777778,1.5707963267948966,1.5707963267948966,-0.1997317424188848,0.3180073275846303
43,-0.872889504697276,1.407567457698846,0.9855401358243564,1.1611753114486247,-0.2000000099976219,0.1301351120828894
12,-0.2055672774553004,0.7358778110670948,1.771571152904306,1.993325919658721,0.1999869066319941,-0.1287076949616173
35,-0.601270521179889,1.6227406561816802,0.923424791334093,0.910051116545633,-0.199999917224656,0.1206333939940592
39,-0.8377244122665989,1.411377570795503,0.6931315074351172,0.8866450797453107,-0.2000000099079633,-0.0704564009562896
4,0.0063589937308276,0.2402016830639459,2.118523703017507,1.3245012581936282,0.192020524808439,0.194412747121961
10,-0.1176392256758249,0.6858173072965557,1.924529449143682,2.072831407455313,0.1999894785632385,-0.2341625478064088
2,-0.100109480741047,0.2974807119684702,1.5699386345830302,1.569070314516777,0.1830070119183928,-0.3289630796744867
27,-0.3286303896195677,2.1312569819373097,1.271512078263914,1.3389233845658648,-0.1107985923398822,0.2917673199834352
41,-0.9718368173855584,1.0729920344523751,0.8232430266824107,1.1775471454898123,0.1999999820867701,-0.1906864953025119
32,-0.4976322183894459,1.728331901792491,1.2073234925654273,0.9172376676593346,-0.0601155482112861,-0.3753954913388652
48,-1.0783819441341107,0.6398993706775243,1.5630681561913828,1.211655773014895,-0.1761666519457174,0.3708690703667013
38,-0.76997897196192,1.4132846768729728,0.8905853711949119,0.9054180252145104,-0.1999999111845703,-0.2067894163619542
30,-0.3238997672965121,1.9850775329357369,1.2243349301305155,1.4084840733671058,0.2000000098855348,0.434957953431854
15,-0.3045052613026921,1.1201612318353726,1.6543298802014927,1.8265414544887373,0.1999802353967481,-0.0972890466847393
23,-0.4092750274544244,1.7003935764451248,1.4928415166821818,1.5718624979956326,0.1838470827178318,-0.1538028308965694
33,-0.5094014331271562,1.7645453954392212,1.1344386460867266,0.85456470337777,0.057797427326419,-0.3458452344584201
42,-0.9679649143838752,1.0507958253755063,0.951889575795998,1.2006956427434825,-0.1999999468748243,-0.0930075523235707
47,-1.0403739846316005,0.6885294364984873,1.727110837646995,1.221273690434095,-0.2000000091748831,0.1131986863362336
19,-0.3927919658598309,1.6322332692019128,1.4976276578989367,1.6462857944276912,0.1273682686581414,-0.0839176612725603
4,-0.0039956364944475,0.1077564009979488,2.073149868347917,1.2271639816969555,0.1202815276312369,0.2738523824705991
13,-0.2577372653901862,0.863933427458488,1.707928923019443,1.8887150641247723,0.1999610339464781,-0.0834897528545264
35,-0.6275940514666507,1.6349526121651332,0.9249782721188406,0.8095548703672122,-0.2000000068826117,-0.2059570737497424
13,-0.1739674145687423,0.8896186250199637,1.805107315131698,2.0172416370742883,0.199976259846265,-0.1743648554434403
25,-0.3484150353801792,1.849002388373112,1.2505299235370495,1.5334828158600369,0.1999830318626357,-0.172770695162908
22,-0.390790547405046,1.6467980328987375,1.454757117727075,1.6270195076119438,0.1146610729707437,-0.1305831187442051
4,0.0477716831345969,0.3143674250277253,2.002189406254564,1.3285457561830216,0.0533244761947312,0.2230632620479288
4,0.0108651860415891,0.0882163135364681,2.185135007896696,1.392906289665869,0.1800432040952362,0.1761035858802093
40,-0.7869335864193332,1.3841722682581938,0.8521133522179465,0.9041201929863922,-0.2000000096904501,0.0481710194590427
4,0.0522114015182827,0.1385169125665364,2.1412688668404702,1.3362742414737574,0.1881964578164699,0.2705000604903577
19,-0.3561713404457429,1.5753886031507822,1.3949086164978124,1.71094727551035,0.1772545950092457,-0.2496040809427639
47,-1.0515917156211982,0.7974003766252071,1.3832098292794566,1.3899842587089628,-0.2000000099383956,0.2137059271022645
2,0.0245990573959426,0.126674770906136,1.879648433127676,1.3752895197400643,-0.0219893037611382,0.2808498935040079
21,-0.3423784052475552,1.5523394853723875,1.520612129071031,1.6273567054629106,0.1999623799391531,-0.0620995865788109
14,-0.2275683566110457,0.9602701007810968,1.687419411787067,1.896869947853402,0.199966212637987,0.0148193563635911
7,-0.0251909071299462,0.328742009397038,2.2257200414922576,1.837883974674755,0.19996963618477,-0.1457889019582972
22,-0.3800576495342684,1.761858014410129,1.3723907927658896,1.5741896549743983,0.0684162405155718,-0.0429730745162923
6,0.0126807714277897,0.2165590499853092,2.3365682857718806,1.7390206577569125,0.1999344301402161,-0.1225093514657622
17,-0.3068492276461465,1.1917171339268822,1.5986374328520636,1.7212622835888942,0.2000000099933622,0.2153037047632094
7,-0.0981147595340034,0.4213447072995185,1.5881981580194573,1.5406435047696263,0.1139962412357422,0.5057893208822898
19,-0.368720055756698,1.518990474092087,1.471283764639173,1.6788320808248205,0.1995273481858118,-0.1947991722429817
12,-0.0104092335188926,0.8685228184208134,2.1755302550796385,2.030128545764758,0.1999764376831447,-0.2022118064247609
35,-0.6171928523130322,1.57247685001539,0.9838140020754677,0.8628642811532582,0.2000000092986825,-0.0560083549119335
19,-0.3573043754372407,1.4713121397363034,1.525908407815967,1.7217195046477674,0.1999651317993973,-0.1630213766964397
33,-0.5119064900267281,1.817200706466143,1.2376797320928912,0.915776901540134,-0.1998693981947853,-0.2385444967890836
21,-0.3708224071632264,1.5629151962015524,1.458555751876487,1.643789861618004,0.123738815873718,-0.1356803249740418
24,-0.330249247838066,1.957077977556132,1.2672676328283463,1.4324599326916418,0.1999040406720443,-0.012249473225783
29,-0.3531668948869768,2.0842092348493675,1.3464255529132227,1.30852842465984,-0.1999689166431512,0.2522103760507208
3,0.019264003566669,0.1325087535416272,1.961051226654325,1.2921431142534503,-0.0146596839857945,0.2426350454238718
15,-0.2741825682580058,1.0054190276742052,1.6264209757235388,1.798906315235929,0.2000000099932859,0.1828522375736807
30,-0.3378893046200129,2.028053892787164,1.4487161161985735,1.1632220745830553,-0.1999999060232793,0.0037830143160898
43,-0.9390698842416269,1.127843273750581,0.7367217625167708,1.2021236389780534,-0.2000000099471437,0.2560655639282086
31,-0.4068895052287622,1.937617971321264,1.4768324671920876,1.1594036253641478,-0.199965619659165,0.0015306319805612
21,-0.3611296147036487,1.578191116038022,1.4255970633265118,1.6859752244166508,0.1941689854181909,-0.2204143409476412
8,-0.0737385435797598,0.4939714086074143,2.1723350160171497,1.4809729593402874,0.1999417943698515,0.0184984125320427
32,-0.4013904708285025,1.9379460651986675,1.461929646381412,1.1987714683172992,-0.1999999292656287,0.0908554152291132
22,-0.3801958258277176,1.5898002755966862,1.4726981046285967,1.6193583394547677,0.1094460876871319,-0.332279315056607
10,-0.1207792255628274,0.5371764845616377,1.9393411512163024,2.138477593674739,0.2000000099927265,-0.3577042223650276
12,0.0252119502111437,0.8827009043174497,2.149892979362283,1.9883029111436232,0.1999931067679556,-0.0223353001792737
11,-0.1536877113622145,0.6132647466962107,1.846667450913463,1.9225832807246297,0.2000000099932884,0.0483148960505999
46,-1.0425920854159847,0.7383835243420276,1.33956297614005,1.3551946950720246,0.091886896306866,0.3631014625212406
10,-0.1573495952752638,0.5590735871674453,1.871269622980817,1.9884891504488635,0.1999715946728684,-0.1932359438476274
38,-0.8097279838293915,1.3532645785202873,0.8400259847429137,0.9756303706630424,-0.1999831718619421,0.1179401817121599
2,-0.0274919816570798,0.0355272445073949,1.931566090383802,1.2857616580438185,0.1458126043776481,0.2923599434089862
26,-0.3696641549225696,1.985669868997011,1.4866051143643002,1.2205511076477111,-0.0751951259334173,0.07189230267174
18,-0.3341822464092221,1.3772261137484991,1.6019593412664277,1.7356057586748697,0.1993344539897543,-0.1887688329894501
22,-0.3846241407970375,1.6965441121499796,1.3938674452391009,1.5808402204322325,0.1079573131968985,-0.1941472862457188
7,-0.0210092366674686,0.2968661630936007,2.2217085594919066,1.8263480198056203,0.1999726557713321,-0.1204071743605218
25,-0.3805129561896551,1.820913478881448,1.3213999244060854,1.5342636669842766,0.1999438818594198,-0.269717182736303
46,-1.038005257111426,0.7367342060475359,1.4001081198757426,1.381539522323561,0.1869885454864217,0.2692286935418331
37,-0.6349618802446267,1.5667371399929826,0.9475985067572932,0.9518142533201548,-0.1999999901667572,0.1946669233606181
5,0.0174162137426692,0.1510660110332854,2.2775397533792265,1.6058386188266411,0.1999133200200228,0.0113216395702127
32,-0.411580324039501,1.8468255733461327,1.517836812013064,1.5409842999757255,-0.2000000099390068,0.2196758617914208
19,-0.3541258658805916,1.4503451265254963,1.5195934560010622,1.7030857797455696,0.1999453255534841,-0.1804182974587801
44,-1.0036603406040256,0.9269318749010762,1.2492590457349708,1.3771265920731313,-0.1999999737556773,0.0373782489633676
48,-1.0390531155192435,0.7446305331971307,1.4399844697352986,1.2836561714173813,-0.2000000099945865,0.5816656682420177
17,-0.3544881939176692,1.3172300956887106,1.556881421661279,1.6871214250937752,0.1999635792310394,0.0813140203755181
21,-0.3674250643934115,1.7544179083905886,1.3313167432259791,1.536887570057584,0.1848860957284367,0.0621964768124473
24,-0.3589577880201272,1.9422531614960867,1.2815019918188506,1.4320879851502832,0.1988038201306395,-0.1124098217430049
22,-0.3480765479038187,1.6552705862777748,1.429492720463548,1.6096822610242716,0.1999220349018992,-0.1730152281481879
31,-0.4215811430259113,1.8819361062372,1.5311283757099945,1.0144506466144567,-0.199888424500793,-0.3699311170623437
29,-0.3608519821712721,1.9810885519377672,1.4556117259309604,1.2289426937039631,-0.0672564477390667,0.1431398151490668
2,0.0320120452375147,0.1532082121676007,1.7586155096676688,1.49168820265071,-0.1998081314049541,0.3246881614965431
23,-0.3721477071786312,1.7490733377550542,1.324678665112593,1.5533186403578445,0.1998112114680932,-0.0892666994896357
43,-0.9912587076327998,0.991059158022128,0.8549326732337228,1.3145075142420697,-0.1999999806817663,0.3337753752919619
43,-1.022114638544322,1.02619892610312,0.9827678176250796,1.361666686947511,-0.2000000065148294,0.052372668836179
0,-0.0555555555555554,0.3277777777777778,1.5707963267948966,1.5707963267948966,0.0275446500877321,-0.1597308552689293
13,-0.2115889670902152,0.8458007474129878,1.7261879737115031,1.9690192903611847,0.1999767493807845,-0.0259001499367354
16,-0.3283808191455409,1.218099479250587,1.6140643219139914,1.744987370079826,0.1999659038052942,-0.0283818879316401
29,-0.3598560641556503,1.983640977731176,1.5049412297692637,1.193441903799643,-0.0535165328457028,0.0488914627882699
47,-1.003340642743919,0.9167266195214884,0.976360079893146,1.3285208617403628,-0.200000009987194,0.4414699149394245
3,0.0501482874147985,0.1648607535679422,1.886190922060285,1.4025694688503931,-0.0445261383428678,0.3809581303573344
30,-0.3822395236786691,1.9633775830826057,1.2543690289047102,1.4796339227954571,0.2000000099319772,0.1510743966211321
23,-0.3498617814439762,1.7448461688212584,1.340073217698608,1.584887213648048,0.199970708973643,-0.0937697474657447
1,-0.014824737826608,0.2149233117181795,1.7437645951893668,1.4738657125149932,-0.199917908145107,0.2209998525500542
29,-0.3597141244388696,1.9696005939680497,1.5198487947371344,1.181580592021718,-0.0477007592877704,0.0379629887785294
11,-0.0348105201560871,0.6308806918633394,2.0664665336397032,2.03164385125462,0.2000000099557828,-0.2671249344829289
27,-0.3329470270960137,2.037729332117738,1.4748947183277945,1.269096505914106,-0.0990319855050778,0.1969666221042019
4,-0.0180603839481461,0.2348936428395382,2.122171447673116,1.3071201096964835,0.1998598600682158,0.1731099065712517
8,0.0006611063648547,0.4281701146074279,2.202087459215198,1.916016042666284,0.1999713858886635,-0.1041899258144822
20,-0.3605977590233225,1.5704744558155268,1.438392339052595,1.6965972861488885,0.0260038767672722,0.0249472482484408
13,-0.2771587264036154,0.9232530962722614,1.66524643106527,1.854540598615986,0.1999277749636964,-0.0551393894230845
38,-0.6504420092863022,1.5357634784836938,0.988225252428327,0.9402415143921452,-0.2000000099641211,-0.2479238918128746
39,-0.7886948343727042,1.384573281633252,0.8544084961202483,0.9670314776294956,-0.1999999832735593,0.1567221778176307
2,0.0554692542451856,0.2537255903754468,1.5864580134537558,1.5644043174795417,-0.1995211139704928,0.180826296639791
29,-0.3686425796171358,1.9982124115833109,1.4577020376737435,1.2194264584321088,0.0179461144589322,0.0631327764437665
1,0.0780227388676661,0.162435358757456,1.6927128444102149,1.533402158117737,0.1733658867721241,-0.2082091750199722
33,-0.5007181478513661,1.7135470697479862,1.2128852243211607,0.9109935759195148,0.0654742551930431,-0.3684225732851977
31,-0.4111321562572048,1.8415013257456008,1.451534112044845,1.0235274374761352,-0.2000000094876932,0.0393771032999156
1,0.0064106407542037,0.0664271977527608,1.7483764747765402,1.4636690624430024,-0.1998849459001628,0.3780783401101851
30,-0.3968406554823333,2.0234953315186126,1.543024950721536,1.1794352664417778,-0.1999875848342255,-0.329601671980977
46,-1.0243919614293993,0.8171267245617172,1.334583328309759,1.3949685539462988,-0.1580731528585114,0.4868373942981976
29,-0.3098609155021765,2.082445570281303,1.4574372666564326,1.2380728760753672,-0.1999837202246308,0.1225659357830678
1,-0.1000040990413911,0.3045607928212807,1.5957599627461772,1.5624190928912547,0.126246428774895,-0.3607168375386826
16,-0.3332496151235564,1.1227636779345895,1.6381921293821673,1.813957018467348,0.1999692923238658,-0.1970080385874345
1,-0.0555280150841511,0.308394079873074,1.628278457620416,1.5519879622695048,-0.1996763258055543,0.3917797814062625
1,0.0779527107665617,0.2157934349106677,1.6248619454589228,1.555273504314766,-0.1998876228629914,0.0695904711565529
3,0.078466430488125,0.3187676648189984,1.501552307596547,1.6011470402191783,-0.1996276877186262,0.2515355346986153
41,-0.9539372043222638,1.0841131697339048,0.8651910285141806,1.216137753765717,-0.1998814583962715,0.3155772946992337
2,-0.0331076657899844,0.2189846603064615,1.687741638222013,1.5349046621140925,-0.0810971717146298,0.4241779166684508
27,-0.3132307479902899,2.081850989044938,1.2391419606891017,1.3232521342393295,0.0999135746024506,0.3739365207399709
16,-0.3371502995482843,1.120488123422695,1.63607265899447,1.8202296470827903,0.1999719658394141,-0.1116411920787001
28,-0.3037298429053456,2.106519462636803,1.464316771426473,1.2400378425517835,-0.1999579292097169,0.0777552949571186
10,-0.1916462146653311,0.5600839683182437,1.8025314931037315,1.965989575672508,0.1999852070052575,-0.1450265469818535
3,0.0784670773977579,0.1992162763130343,1.892210395136152,1.470455625643875,0.0857689911145239,0.3726037601026415
26,-0.3340740163621297,1.9809834261007992,1.1297941180553774,1.4238471204734404,0.1999642313364997,0.4046304316284299
20,-0.3658511733414387,1.583307001202768,1.50663668761519,1.6846570742115683,0.0384379340041625,0.001200059334802
27,-0.3570367772726897,2.064947484541092,1.2114745872702937,1.3726828124001305,0.1879974045748697,0.1338810453712695
3,-0.0284617748449332,0.2099334017720347,1.9131823088201303,1.2849309535404982,0.054324237431808,0.2243703596822425
37,-0.7241707884337208,1.457182808572301,0.9036417799678188,0.8633636157149521,-0.200000005591571,-0.0405600253152658
10,-0.1126473404739659,0.4772584215118848,1.984109436222587,1.94355915845515,0.2000000099636086,-0.3242472709289116
11,-0.0280577314213565,0.7014357581377356,2.1413358562305373,1.9827781103387216,0.1999904093221881,-0.1570884859716322
10,-0.0927876568980501,0.5019151249255224,2.027451933422361,1.9672323204673536,0.2000000099528973,-0.3563589165504029
29,-0.3562169600627197,1.950981426184474,1.4561708840217928,1.1768328274195583,0.1999388797933114,0.3231160842503022
8,0.0795147435509997,0.4254848115512905,1.8503257195141651,1.4741398174095262,0.200000009955016,0.4284845232648847
45,-1.0137577023823514,1.0066269639476983,1.022068672874246,1.3388937035703097,-0.2000000099107646,0.3266474827677331
18,-0.3642701815381219,1.5559304238580642,1.4902729774501662,1.682693505840673,0.0982958311230458,-0.2672904945641493
6,-0.0040514421081785,0.1698957185294866,2.3492112020638327,1.4981774318115353,0.2000000099468993,-0.5648786190993587
18,-0.3082294470780533,1.3248250203455598,1.5946424762394766,1.729744067015917,0.2000000099692398,0.2101216153832128
0,0.1000000000000001,0.15,1.5707963267948966,1.5707963267948966,0.1999174993829113,-0.2489113344557941
26,-0.3679664639877119,1.9941856409398857,1.1440325985339026,1.4387564803358848,0.1999070429555862,0.1207337352587148
45,-1.0241407346448093,0.8098532395232103,1.2276315512743334,1.3544787285571185,0.0724194568126834,0.0892797633760155
8,-0.0797727077933763,0.4334787351136452,2.1761655612462407,1.7629827647718972,0.1999515984565304,-0.1709121213690985
0,0.0111111111111112,0.2611111111111111,1.5707963267948966,1.5707963267948966,-0.1999281040476798,0.3843946861745352
24,-0.3785648837952996,1.7819740957499468,1.3494156869736056,1.5642195491580144,0.1999164973143267,-0.1591600123865609
18,-0.3707850234388762,1.2390729586514198,1.6016533123936991,1.757045714550778,0.2000000099929499,-0.1561526390141672
36,-0.6775495502207489,1.5079700126889586,0.9640612127867084,0.9297516969009866,-0.1999877200973659,0.1085053459936674
15,-0.3053870315301853,1.1086567494081474,1.6542007262494902,1.821540160763166,0.1999556316689306,-0.0811120323686677
15,-0.2333662103426426,1.113545050335507,1.6819851035859923,1.906388750397056,0.1999865410123497,0.0991282090330285
8,-0.0778356232085987,0.3934167606744481,2.0812563161042075,2.030317331431125,0.1998126548403167,-0.3734920987818812
20,-0.3756928745375863,1.559069694701662,1.4821410226312022,1.6495324264000475,0.0503951392239279,-0.0466025978350513
32,-0.4586500084141116,1.8037437585586864,1.4353576461460928,1.017541476004021,-0.1999974437357903,-0.2170285171240417
11,-0.1585070035287875,0.6164385349555318,1.8076157654311995,1.9420794713440623,0.2000000099932671,0.0878314527650327
0,0.0111111111111112,0.3277777777777778,1.5707963267948966,1.5707963267948966,-0.1997446137441849,0.4020960407179578
9,0.0354050409183822,0.5187371365555924,2.2439689161863665,1.8763974702022583,0.1999753802944938,-0.060441444787353
8,-0.0266353286431503,0.4938361997259148,2.241708337928904,1.867673545444656,0.1999600766237287,-0.2072247349561907
1,0.0326515242201008,0.2285193698495156,1.6810718337681632,1.5256600975388874,-0.1998518172473348,0.3417118495986339
15,-0.3099151614274669,1.0637656856703115,1.6702517243709902,1.798391531156822,0.1999624897098232,-0.0878031607893066
32,-0.4619171777682844,1.7958596678875074,1.280626001828585,0.9496798796743304,-0.1999687169591741,-0.3976064936795423
32,-0.5107069476510372,1.7451738432834412,1.2515729861941676,0.938207271260954,-0.1999890993791013,-0.2414642917964052
37,-0.7884343709531662,1.4212047867897548,0.8335385416433607,0.9004345341251655,-0.1998806965807069,-0.1790855943038073
19,-0.2759018460681509,1.421062311157876,1.5912733423199992,1.8015740752264648,0.2000000099412657,0.3102976385889824
43,-0.9982112637305356,0.9556316339468224,0.9339700067494774,1.3380872339532572,-0.1999997522627971,0.2745952796899895
0,0.0111111111111112,0.1722222222222222,1.5707963267948966,1.5707963267948966,-0.1999402509556365,0.3794902419806801
10,-0.1128673664393277,0.5929935136813272,1.9179818714645247,2.070739397898543,0.1999882995105715,-0.2217472131849692
11,-0.1592259086946307,0.6636379566322579,1.8165534297612047,2.0131051761598693,0.1999809423563797,-0.0453142587756253
31,-0.43357013065729,1.9450079831685467,1.506911934414182,1.0388713295712475,-0.1999677885534652,-0.4014984174863546
5,-0.0491704781450303,0.1702911368297234,2.183156416812216,1.4800094510571535,0.0955816724618875,0.1233514407020103
28,-0.3427090331832684,2.114764466390424,1.3051667484131195,1.3249630956857967,-0.1579254250693285,0.2074677162469838
22,-0.3792741899513794,1.7790602094678414,1.3340181755509717,1.5451662645657902,0.199079529129045,-0.0081693925638889
17,-0.3523452303205619,1.3145276373356294,1.6002247715976576,1.722083408639502,0.1999619684507865,-0.0220906303198337
9,-0.1019102393052344,0.4682679828517818,1.9574091444399693,2.08800950058578,0.1999789370479455,-0.2620105177091257
18,-0.3445844177807653,1.267489248929545,1.6003710749235491,1.7115705922522717,0.200000009965736,-0.0101418739385749
7,-0.0984565875108671,0.2868921493562967,2.139462144174848,1.7017643170160626,0.1999105516956159,-0.1039827101955513
31,-0.3809355284725734,1.9757016618665224,1.3795898939159257,1.2828818642360342,0.0558492631966183,0.3166864445902869
2,0.0227207392927679,0.1630811435777035,1.879860476651464,1.3588046192333585,-0.1995387988105812,0.138652251082729
25,-0.3426587963138905,1.910568632557892,1.16047149250773,1.4754416779321535,0.1999889716773617,0.1523526408651607
25,-0.3448809364573404,1.9506097259233728,1.286919573774322,1.3995931606665215,0.1999500659736871,-0.0479419516807769
27,-0.3203330323633614,2.0404762746953526,1.1774624148991446,1.3790657909134971,0.1999781011308314,0.4444359212262109
30,-0.4021145219019793,2.004316813925428,1.565350898602281,1.1261864750457036,-0.199957902798169,-0.2004777032296941
13,-0.1760286379024694,0.929475398369486,1.7534700679269175,1.98708534086404,0.1999777237411287,0.054006977640914
10,-0.1543000955732517,0.5826130225365959,1.8145248937096927,2.058838698264149,0.1999568207110494,-0.1122559691176796
1,0.0310633365693204,0.2651896837659684,1.741216586032186,1.4880783763921064,-0.1999408552299382,0.2300419000850327
34,-0.6514811835540835,1.6391124387256153,0.9386725696411472,0.905576676573434,-0.1999187591927862,-0.1793169305182159
35,-0.5925543368709427,1.6469004138008845,1.100483871125851,0.905340033891976,-0.1999999167178803,-0.3313820867674634
25,-0.367934509334782,1.9707431270339424,1.1814464843508343,1.4478189153121714,0.1998826222812754,0.0322343159520144
8,-0.0287954006544186,0.3222619969498673,2.340882518389497,1.6791807046731733,0.2000000099606752,-0.5529665172218371
38,-0.8306354833690516,1.323557604189397,0.8246481689300875,0.9940802163254124,-0.1999975384440913,0.1413366724020838
8,-0.0597102515448918,0.5014490280153446,2.1222970272090773,1.8961188197551289,0.1999644790632384,-0.1378950039615496
47,-1.029639242833765,0.7266276826834195,1.4203374805536608,1.364792813083153,-0.1539161935316946,0.6622312453015441
3,0.1004725343924227,0.431899830050002,1.6685233945634703,1.5450845211696544,0.1508594984823139,0.5272079156684838
28,-0.3472353827771134,2.042597304653297,1.4280084806417852,1.271181872285663,-0.0681864037237678,0.2185468678209938
3,0.0477042242247448,0.1892616487043867,1.8641224401679377,1.3883509250929127,-0.1817900586977605,0.351703423812568
18,-0.3350550735607647,1.2470870921563004,1.5684834207084517,1.6783199302096738,0.2000000099706242,0.2219451187032224
4,-0.0588970706470844,0.1786929067352418,2.0535272220757346,1.3550335361872865,-0.0334521032147689,0.1767685911861412
14,-0.2870239393995347,0.953965064876392,1.6472907254826183,1.8368869898370863,0.1999689411677335,-0.0285223234915258
4,0.0392568113017728,0.1464244186309468,2.1733935187247138,1.4737836743264363,0.1999375834773769,0.2524252001027589
9,0.0325278719272366,0.4721842899658346,2.2032302478936057,1.8875172613438251,0.2000000099563855,-0.415339610738186
36,-0.6858735072854735,1.4946479403360542,0.9662319915976862,0.9346219684714692,-0.1999902997139823,0.1086843038009665
3,0.0541091442008855,0.1381592577072799,2.0181501964714865,1.393572382146666,0.0213228143464281,0.3449934601572976
17,-0.3262928958373101,1.2154663887645434,1.6038730842133546,1.7504187167287366,0.1999707863735836,0.0562271720174273
22,-0.3499121391529942,1.6449633389609244,1.4105231883612015,1.589093523060358,0.1999728000369591,-0.113186654241531
40,-0.9226903226576194,1.159273170515495,0.8238113457944731,1.1387312577148878,-0.1999797212667158,0.2432007339053951
22,-0.400143768811692,1.741369176215951,1.493446116396461,1.5991987594528525,0.1115623910429797,-0.0947114042397263
36,-0.6565479794943111,1.6349488878374827,0.9379473152246812,0.9043085317521586,-0.1999998955085088,-0.2348322203789907
42,-0.9805048047959586,1.0270272225714872,1.0868294983596465,1.3057152834846666,-0.1999997027938451,-0.0035680371128283
10,-0.0798802748287731,0.6109477745561205,2.029769589253936,2.01242742323469,0.199954989230893,-0.2057635069741449
0,-0.0999999999999998,0.35,1.5707963267948966,1.5707963267948966,0.1861652483164012,-0.4493625833132407
4,0.0325122992913092,0.0865845702509714,2.157726855078016,1.3675764273931863,0.1999666414581155,0.2558445580423131
11,-0.1736529491042726,0.6881450135367206,1.7965703745426445,2.026717234509714,0.1999677527506727,-0.143918020488666
14,-0.2839151903410778,0.9966430003252508,1.672781334319387,1.8555141084030744,0.1999279269409802,-0.0608136660922963
14,-0.2203652476111376,0.9321691313721446,1.693749495842729,1.9123184549476864,0.1999880661177348,0.1099742681686267
30,-0.3704148483932932,1.9327160523413536,1.4551413590696196,1.1468577046259214,-0.1999981945101315,-0.0038009134916967
38,-0.8584030777381685,1.313293329226513,0.8099631694758685,0.9737274596682624,-0.1935913014866788,-0.2024585673025687
23,-0.357697597816546,1.7402283170584256,1.332667746641908,1.5159772160845395,0.1999678423494905,-0.0906187068404615
46,-1.011108226417459,1.0141729936732988,1.2128268173069767,1.3809351733560866,-0.2000000099782782,0.1071268033507143
18,-0.3527443910766984,1.3469576013498317,1.6129893697355575,1.686894011010639,0.1997564874997603,-0.1208428237595381
12,-0.1899251901155093,0.7590850452203954,1.7735708015424505,2.005739278135514,0.1999774773939719,-0.1590592035071454
11,-0.1814080563295896,0.6751026275911849,1.834544407126926,1.9521776580048569,0.1999692657518145,-0.1669238891316575
43,-0.8876876436776742,1.3019970305001802,0.7915288784066234,1.0313182424461036,-0.2000000099950065,0.0624430466350587
47,-0.9892904856056124,1.0033467129107134,1.165532306828771,1.4144201110442336,-0.2000000099828381,0.3076080898798654
23,-0.3812492051127011,1.8164108156197576,1.3140266175058226,1.5240526074231509,0.1997845253854338,-0.0446723736330668
24,-0.3819133795492807,1.766198900723451,1.362340291091476,1.5638580171379504,0.1998274424384057,-0.2019088605209194
18,-0.3640535893967826,1.4605125702918669,1.5572340684619288,1.6634606734728368,0.1769943293832782,-0.4019053192095732
45,-0.975910683809563,0.9613035816097772,1.1345973489455523,1.2720008926516648,-0.2000000099660404,-0.0154491516304911
41,-0.9412461473835216,1.101462142581661,0.8362441892412047,1.138242874889686,-0.1999998665456167,0.046904957849903
25,-0.3430262221681645,2.0020643362886728,1.498888668664966,1.1986305519133802,-0.1299686430956977,0.0934878710270287
17,-0.3512272607872017,1.2849799453995183,1.5926317340370757,1.730201299719588,0.1999691563037131,-0.0045277817956947
31,-0.4119089470705762,1.89303770897305,1.522264945822094,1.0531877191620664,-0.1999354445433411,-0.2192232171971885
32,-0.4595416835936994,1.8234014405480192,1.29067146504787,0.8895751959605931,-0.0786287324071347,-0.4721169068495459
2,0.0776303391072583,0.3600216934720122,1.564263361566935,1.5707221682777437,0.1953379266081141,-0.1914596317613639
22,-0.3777390972851548,1.56068577997436,1.4381741757319784,1.6323924105783063,0.1998792697060409,-0.1514359517110458
42,-0.9686519067337516,1.0729604068794358,0.8515550653126578,1.2439949236013033,-0.1999997895120186,0.1017088897094074
9,-0.0779395778654517,0.4144163590280973,2.072768052169357,1.9440255222786824,0.2000000099522221,-0.3901814201500032
28,-0.3673405100936178,1.9540598719148643,1.4855653616276123,1.0552087408752224,0.0125279582524726,-0.081349014057223
7,-0.0156659976444926,0.3716503474716778,2.242276889332805,1.7750630706194497,0.1999863805517082,-0.0812964940404069
28,-0.3541926596038967,2.062910243405916,1.3816520339485745,1.303328077641126,-0.1392298935159761,0.0686979640694222
36,-0.622556618206345,1.5807395301156828,0.956086647757564,0.9468283349539728,-0.1999999815809695,0.1785195437395319
39,-0.7931570677557886,1.378568049690302,0.8541129073735814,0.9738222996693664,-0.1999999845541333,0.1631763113826253
49,-1.0518701693756929,0.7985787316397522,1.4009507867184023,1.3883344017882036,-0.1355484005121943,1.2178480612282798
10,-0.085115237804415,0.6238254802846043,1.9378870323830808,2.126693808649013,0.1999610602793782,-0.1539059857888983
15,-0.2610419518679514,1.127868403278863,1.6860189944039208,1.8708014687794168,0.1999777001404312,-0.0587162765303678
20,-0.2877192183995729,1.5763800723760095,1.6026921282198767,1.846876365950736,0.0695617610637634,-0.1484581132528861
21,-0.3723930094900466,1.4755538900392131,1.57708145272391,1.6459891940147184,0.0295577055564819,-0.1822491851677094
37,-0.6222339322148788,1.6456139092223268,0.9174021715906004,0.8033546002667937,-0.2000000099463176,-0.2995787227878917
18,-0.3802883984921931,1.3406487630164516,1.5735073583808283,1.7067324574372813,0.1999365009042161,-0.0698915130715879
20,-0.3507749723190674,1.4839741328668914,1.4732282544162612,1.6339682762745953,0.2000000096068635,-0.5565306969854448
34,-0.5358207589921778,1.6802905763156069,1.262431944781218,0.9049535444125298,-0.09058130014141,-0.4417654528790567
19,-0.2802645078420332,1.418330258836322,1.59352368216219,1.860547889625374,0.2000000099934978,0.1894436774721819
23,-0.4021996583067765,1.7457560545180966,1.494104745858584,1.5853744385385975,0.2000000079845534,-0.274046715822323
40,-0.7882841824438996,1.3721452275697816,0.8306464302029948,0.8820446678661827,-0.200000009960581,-0.1823435935696166
37,-0.635750220796969,1.602773366126833,1.0171124275742214,0.8313374033330154,-0.1993002546868217,-0.3426454485000632
17,-0.3084959745124408,1.2992817394628178,1.5967919389393668,1.7263622679168718,0.1999905389872208,0.0879215335984488
3,0.0782622356590688,0.3687970326621604,1.7450394491341452,1.5194350217017585,-0.1999685451324918,0.2601122644940453
24,-0.3479236808004409,1.776906008289931,1.3300632248308997,1.5693371348345673,0.1999846236932285,-0.1962633185641535
49,-1.0858861207050667,0.6132347197808529,1.8637968460705616,1.0221974338040236,0.2000000099689719,0.4809604441594042
41,-0.922096821746587,1.2727159017475531,0.7561189951982836,1.093772770751349,-0.2000000089735837,-0.0515464949391495
15,-0.1317761883149794,1.1287387702586953,1.8998529511180264,2.072983830496274,0.1999929761005232,-0.2294206818412866
21,-0.3349954264595757,1.620877665996686,1.438686062642608,1.611988285099115,0.1999537042202651,-0.0039166294525337
29,-0.3614191849063506,1.965682266360277,1.4609892340984685,1.0669905960131607,0.0219952303796134,-0.1804691191799627
2,0.0260212608649887,0.0905833401603203,1.9058348844435555,1.377444747222461,0.0327389971887653,0.2088659867587671
35,-0.6699987951504831,1.6023366949597244,0.8617243031647543,0.7885364525727132,-0.2000000095492164,-0.1898477723260469
32,-0.4088679244660919,1.9067134277743647,1.4903112883355956,1.1370623399722692,-0.199999931335236,-0.0334019951453765
30,-0.4399917844559238,1.9673974367105296,1.3573337151345353,1.5525938108718582,-0.2000000095215834,0.137865054021507
35,-0.6461373775325252,1.672050018186524,0.9545416581120828,0.91262436442292,-0.1998937506849764,0.0307389634797649
41,-0.9166556539002472,1.1772911187520207,0.7020344781365733,1.1337550092508408,-0.1999999667977131,0.4129306265381078
49,-1.086736207695347,0.6430097623229886,1.782918344222969,0.9703861008854586,0.2000000099671024,0.6268014755238176
5,0.0598486844142898,0.2421451144874987,2.185867746421371,1.4301958859448338,0.1998388283295885,0.2114243713189998
45,-1.0440164277319797,0.7470900750043765,1.4309065947916846,1.2886292649445643,0.1999999552654018,-0.1249098783136285
4,0.1055348611206621,0.4813740337417069,2.045962610342775,1.5518840524113946,0.1999843850282867,0.0381913415430032
25,-0.3701512075325484,1.8265602668358916,1.3153781640019755,1.55053178210959,0.1999521946007606,-0.2681059544940804
20,-0.3688278985388775,1.486203079230611,1.507897817590509,1.6736101531413246,0.0682734069722649,0.0080836458953232
25,-0.3613683862298694,1.9062263832852824,1.2598955797457911,1.4543872212637117,0.199936513421932,-0.1011680625602995
35,-0.633099551530795,1.566897668019536,0.9564127075162272,0.9442760758254254,-0.1999978449532883,0.1705493994233385
22,-0.3726672050043693,1.6060736162650628,1.4620704213765006,1.6333761478425546,0.1873236399530281,-0.2693863376648111
7,-0.0308313344896907,0.2571783651706952,2.195654996731553,1.6939020607658075,0.200000009993105,-0.4637585956137682
47,-1.0466280058859183,0.7713334558984948,1.2283548658093042,1.359611178323032,-0.2000000099107762,0.320282101972502
41,-0.9677218812517796,1.2028680840908577,0.7200865606453757,1.1782869071811937,-0.2000000089959219,-0.0105793000725293
8,-0.0779378017062975,0.4441070453024143,2.086400349685226,1.956217355004616,0.1999030894546683,-0.2669026337728741
30,-0.365682343494266,2.034938914258964,1.3620372722533087,1.2976079297928982,-0.1999999261969899,0.2587736399882729
22,-0.3781685185218265,1.652314565468382,1.5201045571561913,1.6110431713729556,0.0355466439205622,-0.1770201376241228
28,-0.3644585127104725,2.029466764014712,1.169544649371181,1.3947148433774603,0.1999968213267278,0.4497764426169718
49,-1.0674192235409057,0.7556899827475421,1.4836662309851985,1.3636059680052155,-0.1036559166069936,1.0474334328373935
4,0.0541731068395891,0.1256652861736742,2.017591306069169,1.395342406037537,0.0651238453522471,0.2426853823749108
34,-0.5826135944043365,1.655044778842046,1.0641153486785688,0.869350834166394,-0.131332890091314,-0.2944962825634484
48,-1.0644029674013766,0.6771335410556168,1.6415642270775814,1.1556993311837374,-0.2000000099571999,0.2700124443921767
6,-0.0333935807156602,0.2620775147755154,2.25437626341847,1.747688776373458,0.1998951706147515,-0.1167647853895043
46,-1.0335473495625225,0.9665284151504708,1.0505601661887507,1.4005024844835865,-0.2000000098573684,0.3032098018436631
30,-0.3810716050509056,1.895633147577248,1.4801339964058735,1.1039076313480811,0.2000000097292383,0.0339454328958379
9,-0.1479804581311879,0.5309094346499127,1.8590669641878943,2.0188025812227863,0.1999720095838224,-0.1636609728444608
47,-1.0037345686932495,0.982267420693055,0.8916802192714552,1.2572817243598198,-0.2000000099890124,0.5695399962377817
20,-0.3678170222929817,1.6237317042431798,1.4530894542720656,1.6419498105582062,0.1994931719068434,0.1188422870746399
6,0.030049712947017,0.2981983882498934,2.339114401848187,1.7571140611673095,0.1999493126504974,-0.0825115022352977
25,-0.3441161478969075,1.8737943250965592,1.2623302871969084,1.4554490364222463,0.1999842292271894,-0.0917445500411645
1,-0.0776580073931302,0.3550952727697233,1.7047227630999426,1.5275494083613583,-0.0428631690650063,-0.1883168660351001
37,-0.6982483226722205,1.5864914145644349,0.942586594322,0.8841403038730538,-0.1999998888151765,-0.3092620143409857
39,-0.7801481118034154,1.3648895224095174,0.928448793539081,0.9551246464239186,-0.1999999812838565,0.0795099981543321
38,-0.7708920591099832,1.4471253036628686,0.8869304831888448,0.8301788331377623,-0.2000000093667516,-0.3023002250688697
24,-0.3237160917051426,1.876302537896275,1.2460042583432536,1.5440920884982323,0.1999505355131248,-0.0304544230236878
24,-0.38537019188221,1.8200918476839936,1.350048922994409,1.5617159194356485,0.1998354444254626,-0.1733351694666945
32,-0.410414457139822,1.8465172305204245,1.4791078167643883,1.04585326398331,-0.2000000085341756,0.0153022105941126
11,-0.2111468754527193,0.7424232907411223,1.7660776945438723,1.982732046984384,0.199939840157462,-0.3016821679409965
19,-0.3698684188617249,1.4700360484418182,1.5127439397063591,1.6781032313654587,0.199918068329945,-0.2042140888636111
15,-0.2863400970053867,1.0009553944902811,1.65464070166019,1.8406902924537976,0.2000000099932032,-0.0934139952172473
13,-0.2556628895195431,0.8069358462241407,1.735928271957908,1.9568530787015217,0.2000000099607272,-0.2663248068241406
5,-0.0283616371051874,0.2741847025081132,2.207843900718961,1.4366666464176143,0.1995940842331494,0.1493274274344008
24,-0.3981111404269093,1.784875318743517,1.49252889218298,1.5841695645296137,0.2000000039853004,-0.508782739339614
27,-0.3292791967398853,2.1385814619110564,1.243559438863132,1.345761165193608,-0.0840114367503285,0.3070285595437276
5,-0.0286234798507843,0.3133300527706819,2.1690987358477454,1.454686179611903,0.0232656079502555,0.161121825013716
43,-1.033699049414399,0.9274383472584712,1.117429916807685,1.4025373724887713,-0.1999999451462263,-0.0349134079486324
30,-0.376885811905935,1.991868002925885,1.4843969644049633,1.210850898366665,-0.1999788680777647,0.0195790236396198
33,-0.5553464036751325,1.663175146043965,0.9801243218269686,0.9112500509636576,-0.1999999975530354,0.0283141505161619
19,-0.3581686068173433,1.426141986294393,1.5995501872328184,1.6832155599067715,0.1998058717698873,-0.1460086332223543
12,-0.1862842482372595,0.741433818952373,1.7705930406835415,1.97702575108143,0.1999796485447816,-0.0053864633752502
23,-0.4083708606571549,1.7031276420402848,1.4926653141763548,1.5734323321646382,0.1998554766827618,-0.1563991142746532
0,0.0555555555555556,0.2388888888888888,1.5707963267948966,1.5707963267948966,0.1998516155651503,-0.1585819396226601
34,-0.5639079349512488,1.7019290391097968,1.051406824090753,0.8240818558542745,0.2000000096335018,-0.0088258319707698
2,0.1013794855636909,0.2515004401270397,1.705702425041471,1.551897264782356,0.1998431664054443,-0.1552281744701791
34,-0.5687546848084426,1.6662235485880557,1.1045589566236234,0.8697535363320484,-0.061557546164683,-0.3307768202632747
31,-0.3565031456832875,1.976548616484576,1.4912307123329978,1.0841879209775518,-0.1999999137935719,-0.2142496065201036
30,-0.3606324113039327,2.0385028147419133,1.3743299106743674,1.2913158266112543,-0.1999999213680593,0.2439181293083378
21,-0.3346605242415995,1.5209103060429867,1.4808129193868975,1.6792869702342736,0.1999481962960605,0.0126166141265902
4,-0.0462643047110075,0.1056463345107175,2.0788522858903584,1.2396933504849306,0.1260368876742217,0.2507147373030797
0,-0.0999999999999998,0.3055555555555556,1.5707963267948966,1.5707963267948966,0.0265806366378914,-0.1149725398624993
4,-0.0212015003865386,0.1017648664889169,2.1462614546206336,1.2670991699506835,0.1999738854431495,0.2242895778048897
30,-0.3707955163070309,2.0063122006843925,1.4859790364311731,1.221495588173051,-0.1999822404062693,0.0895086150340593
47,-1.0176322776453424,0.8455192005353414,1.193819643059049,1.3453275709617474,-0.2000000099823234,0.3451722237757015
37,-0.6579337916909677,1.5255494849451958,0.908191324272428,0.8686509398545232,-0.2000000082400835,0.0458302062422368
39,-0.8279081615629404,1.338231531744943,0.7944413082600756,0.9670021218551532,-0.1999999937518567,0.1078305562242156
27,-0.3588708133071241,2.0269521266015547,1.1746837506678445,1.4049067821304857,0.1999714137539745,0.1980437987506687
1,0.0987706206814974,0.250515546850868,1.4463406595664896,1.587370059789566,-0.1999121596714841,0.139309274299535
4,-0.0011265044588418,0.1510801130923438,2.1345494846489768,1.2432382920689504,0.0539838789873479,0.1350685739190852
16,-0.3522885964620101,1.1041771364047812,1.6160617033627371,1.7747573214321155,0.1999776109063651,-0.1431697541872922
9,-0.0788638998378547,0.4597161739442202,2.1218928741898875,1.964100962967111,0.1999861692050497,-0.4178694661018033
14,-0.2868930393517214,0.9159631395912056,1.6980646858599524,1.858275633042538,0.1999848585144862,-0.0776501198004085
3,0.0994672805357905,0.3013198399743383,1.4944209727135045,1.585307770814294,-0.1998412316806086,0.2124623707707051
33,-0.4631498347652645,1.8165895895659827,1.2664050283518176,0.8821333935351389,-0.0432596731911806,-0.4461517395482365
47,-1.0553189836816714,0.7020037633403217,1.5554629630085568,1.2038148374774642,-0.2000000097892179,0.1510793164570072
9,-0.0932855809841025,0.4682478109246251,2.051072568693433,1.5699736575915275,0.1999927290025066,0.0958308734711153
35,-0.6819279780844648,1.58395759505679,0.860877757021461,0.7977662133231371,-0.2000000099265891,-0.1228812063240999
25,-0.3852487415534293,1.9482228352650568,1.2630085284498076,1.4881283865746255,-0.1455225761789345,-0.2701610770925866
17,-0.3332833021727536,1.1985825387139093,1.574152142801557,1.699441248752187,0.2000000099526055,0.1917136099626924
47,-1.0380577711430907,0.7722877672618444,1.2247677157309391,1.3573175128891026,-0.2000000099287141,0.6210894943215907
9,-0.0745706039660311,0.4955132005232565,2.001514793434416,2.0382798297571667,0.1999778174427671,-0.1143478996645072
28,-0.2920787334437447,2.134518602513387,1.4506760547545294,1.274228597870888,-0.1999639498032703,0.1654485552370696
27,-0.3566648103031984,2.036510621848785,1.1832235539939742,1.3945622730232328,0.1999178778255078,0.2167121587943148
34,-0.5721824406552735,1.6639801289857123,1.0945240492608883,0.9006728412597782,-0.1999828990113812,-0.0865366601001753
24,-0.3719130575132675,1.8079116366916912,1.3086221013973691,1.5165706264958436,0.1999265223160226,-0.070793768363619
0,-0.0555555555555554,0.1722222222222222,1.5707963267948966,1.5707963267948966,-0.199791428702467,0.3691810615972527
33,-0.4439860479176634,1.8388906700113377,1.457321004071508,1.072366353968193,-0.1999738717168398,-0.0048179871255063
48,-1.0246973101206271,0.8088689187490755,2.285084039964948,1.5420705789306934,0.1395239266317906,-0.9989164035758932
48,-1.0695400846827048,0.7124553556756827,1.6349010849979262,1.2895928734404325,-0.2000000099764953,0.2651518453113956
15,-0.3108784631577302,1.2186548314562646,1.6293279166009764,1.7824955813643804,0.1999910949194896,-0.0129573772917262
16,-0.3216383764595137,1.0551722165906088,1.5915771993484835,1.730162686379468,0.2000000099522115,0.1640536750070226
1,0.0998539708163998,0.3258945663494699,1.545617272206817,1.5769171181697068,0.1579212326701098,-0.2601464776688751
29,-0.3194816741504901,2.0087991132843923,1.207479470470224,1.4015589661015155,0.2000000024689013,0.3980886514192461
15,-0.295296483434489,1.0654542581050983,1.687411549561892,1.9107860691679253,0.1999922483025056,-0.0986972473635703
36,-0.6225434555713342,1.5705288686911794,0.9759832705047468,0.8634220745613054,0.2000000081599629,-0.0483907882992082
15,-0.3113620042283673,1.1400520882539558,1.6456151037153344,1.8057676894271235,0.1999791745265465,-0.1046325652379295
2,0.0528884173263014,0.1656317232404444,1.729920552172933,1.488436869012695,-0.0357317995628813,0.4359194991572733
6,0.0104299954454121,0.2116352912422101,2.332509272792612,1.7724186508024429,0.1999467450029983,-0.1562018232896237
25,-0.4197877805000867,1.8294940525548269,1.3406205485251288,1.5432431086572678,-0.0128496577623439,-0.3581925224880198
46,-1.0628419668706968,0.771636435558774,1.4633717882123332,1.3868830306269788,-0.20000000911099,0.1468130059584385
8,0.0080434267144623,0.4169029942032513,2.214919083812509,1.7548572989909632,0.1999753893173831,-0.0335877397661115
25,-0.34212341531434,1.972698185512648,1.1997299390521388,1.4373600578431769,0.1999413502576439,0.1552467779175007
45,-0.9507191387237784,1.0752607191783643,0.8349525267865996,1.15754968061583,-0.2000000099925727,0.0640478945782764
34,-0.6288559892845605,1.635875327284937,0.908425853648458,0.8019973442433888,-0.2000000060266456,-0.0563274479245178
13,-0.2231704323363134,0.8303286909273272,1.7362425113704545,1.9385427911866964,0.1999788245754274,-0.102738158353163
22,-0.3614702727917832,1.84497476240278,1.3624149816322029,1.4780790201402694,0.1848031610589006,-0.0200262889860208
31,-0.3911457727538969,1.8994659301130907,1.4997684257712702,1.5574694230301172,-0.2000000099432267,0.2573699898241331
8,-0.0081330597917281,0.359053341651485,2.3435810814288,1.7024424022741378,0.2000000099591187,-0.5456025171396547
41,-0.9168349422349256,1.3147842912451195,0.6393982889738421,1.031854124381774,-0.200000009955026,-0.0014142618806508
0,-0.0999999999999998,0.2611111111111111,1.5707963267948966,1.5707963267948966,0.1996598627721466,-0.4514429695096493
31,-0.4098404935262313,1.891006332345752,1.4957408861955788,1.0520136314295203,-0.1999336886197403,-0.1833290152935237
3,0.0172946284930909,0.1544883950262523,2.0224903086808066,1.2499924839528074,0.0234340280042793,0.0878143561260586
0,-0.0555555555555554,0.2611111111111111,1.5707963267948966,1.5707963267948966,0.1991717570533394,-0.1320690587300043
27,-0.3089939161662711,2.1054880329583705,1.3869871060040335,1.2854546906290678,-0.136492142034253,0.2012243290711936
41,-0.9133906768997122,1.306498043034091,0.6631258847799639,1.0252857689522412,-0.2000000099557133,-0.0301294733733474
17,-0.3463647629184205,1.3148751568213588,1.5935740983721356,1.7444611805645998,0.1999568396688877,-0.0110646768138455
12,-0.1855046485063475,0.7085420137252476,1.7548020864513258,1.936916158182168,0.2000000099548564,0.1014561641695712
36,-0.6968237181645658,1.4809249858243785,0.918655685209904,0.8803853326793449,-0.2000000072157817,0.0596189042533885
31,-0.435906256033471,1.854748496801496,1.2900978262212617,0.904137510519001,-0.0844205419338631,-0.3927047075856057
17,-0.3452468523446179,1.231582850013469,1.574971914600503,1.7134294772130343,0.1999704092784521,0.115255416850354
8,-0.0449901586432454,0.4264941068005653,2.118010097244058,2.072200833207155,0.1997994065055655,-0.4116603943416863
37,-0.7359339231452907,1.4573431776958117,0.8874858366933207,0.928644755315832,-0.1999999056081221,-0.1898992152003526
1,0.0998690665306087,0.3718601999736048,1.5488284091141562,1.5760689294586114,0.1487622383694226,-0.3230287937649836
41,-0.9356707892106164,1.1594478902657894,0.9695077731220076,1.204960597553135,-0.199999891778497,0.0634366450413854
19,-0.3518296866130757,1.426082091759313,1.580854141214166,1.7223597968461943,0.1998931953821513,-0.1831724902565858
43,-1.0000761809924104,0.935058787268096,0.9617272177777504,1.348718143671353,-0.199999939689147,0.5264079793024059
45,-1.0062458175718336,0.9171187323968558,0.9979386171933752,1.3366455520245069,-0.2000000077709904,0.2812559019722432
38,-0.8322913131730312,1.3861853056612476,0.6756500609444607,1.001241739772424,0.1997600714458643,0.2332170022279581
35,-0.5883651307838277,1.6496167294206363,1.0882773912188153,0.9019913063647528,-0.199999918639203,-0.2885941499351328
47,-1.0143566906232615,0.8079346693422828,1.297092174240623,1.3995896253579307,-0.1970888443286908,0.2881457198542145
31,-0.3949404834250189,1.9357073560298024,1.4038037723538022,1.2447346958435883,0.128517980643205,0.2996509720396012
3,-0.0061309593613144,0.0348971580504392,2.073086039223943,1.214814652066598,0.0574666449654952,0.2297316740859049
45,-0.9891580517468168,0.9406597910676928,1.1261639924229123,1.2748867978309164,-0.2000000099485782,0.0113545924422609
17,-0.3510309499306822,1.302639044203033,1.6217753226545195,1.7287375036927048,0.1999859114872361,-0.1211446781453514
10,0.0840116581569867,0.5868862006640463,2.1870601112630705,1.6487435745633383,0.2000000099674932,-0.2231344553574004
35,-0.6299855124755825,1.581802623746999,0.9312842813555238,0.9038056242524548,-0.1999847651637482,0.1073927074265588
15,-0.3091688006418894,1.1058720380053777,1.668665231266294,1.7984690241508814,0.1999517275428605,-0.0918255656910537
49,-1.0449788157689006,0.6740978027512142,1.8350394452598435,1.153764735253508,0.2000000099927908,4.786041337852962
18,-0.3701681922053222,1.2620721137498954,1.598303017267261,1.7562502988191253,0.2000000099929515,-0.1449118072292015
14,-0.2384255924736054,0.909469027890117,1.6714960942652564,1.871811971215945,0.2000000099685994,0.1451335766870521
42,-0.9684987117104508,1.0660193969030405,0.9547519841558638,1.2375181074781638,-0.1999996994867496,-0.0193955320151706
19,-0.3704949629342622,1.5266697816226429,1.4669979932394366,1.6717490290371682,0.1994443755710841,-0.2088395132329622
47,-1.0294958605614073,0.7881916424974708,1.5759925186984374,1.3089728241810603,-0.2000000099619753,0.0903903078313387
25,-0.3584631175863355,1.894043699033378,1.2646355340864996,1.571496396457863,0.199950493185484,-0.2592644538714196
9,-0.0968330787403858,0.4896098211950395,2.0112430794991334,2.009015328884576,0.1999559431460001,-0.3080281744032653
40,-0.9179789237882076,1.3126493212463457,0.6404097760703902,1.0352929222502267,-0.2000000094068896,-0.0470669727346687
32,-0.4069088390860069,1.7655303054458658,1.4682329344239573,1.6457485629677997,-0.2000000093366611,0.3299992035750037
33,-0.4849503527438399,1.7455641935053086,1.2663707892086844,0.9226564998977916,-0.200000004569891,0.0104724093480846
30,-0.38100618841958,1.987387819661864,1.437869724878345,1.2493764159823175,-0.1996194711138086,0.1825394894113358
41,-0.7822902331803622,1.357089993087767,0.9397198195245604,0.958787504034525,-0.200000009970611,0.0801332931947278
22,-0.4099554335913088,1.6018832788670048,1.4786551604655127,1.6388891203909015,0.1541261996011021,-0.1519605774920097
11,-0.1701660092216666,0.7026054943604175,1.7966476837780814,1.9982744274023347,0.1999722589523343,-0.0249729953272993
11,-0.1812277646460743,0.7112809300623499,1.7777753780272345,2.024715593363596,0.1999857697937695,-0.1329016784995419
30,-0.3815187062064352,1.99438147104904,1.4558523959156613,1.233084512277984,-0.199776237621139,0.1296358887495793
7,0.0381759785879643,0.3832327761473459,2.2978522973742823,1.87943753207232,0.1999695410824843,-0.1189091669862111
40,-0.907138125740174,1.2276766211479302,0.6855346870498241,1.1461163641520744,-0.199999919482245,0.3093976192293266
21,-0.3491660412046016,1.547661577376131,1.4510312425580365,1.6109145570404315,0.1999828807194326,0.0316988803924599
48,-1.0676891481369442,0.7115754064287902,1.4981831471112113,1.3415497498542277,-0.2000000099488738,0.4051677864087288
6,-0.0771302901877873,0.1779544458747828,2.199307927811831,1.479566821090864,0.1999909373264784,0.003154639354119
29,-0.3620464654590768,1.940143082462482,1.4589760238912444,1.16910909426134,-0.0187236986024586,0.0778720237014694
16,-0.2939297106687764,1.0903495362346645,1.6442963677134852,1.8255702940597915,0.2000000099932547,-0.0672788038000913
23,-0.334025830385679,1.6331358104159837,1.4794375440713503,1.7542067011194051,0.1999816711474414,-0.3848687689994409
19,-0.3197392519973602,1.5100983751806467,1.6132616634157042,1.8266427032950845,0.1947283045398089,-0.2181374842606309
2,0.0297845916875922,0.2979384825618379,1.8989323238518576,1.41559835953454,0.1997920936220607,0.4725404825994121
8,0.0068071548618968,0.492216847357989,2.237103416645203,1.999027075002036,0.1999622782868158,-0.2124045670967432
48,-1.0530588560582084,0.7010797982180165,1.5614913581546883,1.201802641232982,-0.2000000099629482,0.4305812283911565
24,-0.3374152487517876,1.822997126456977,1.3394727940347533,1.6765166582901836,0.1999883752842345,-0.3418611872166626
27,-0.3224985796501164,2.1574576636870426,1.253236982655576,1.3380017341732493,-0.0911935239830827,0.2787182069603902
29,-0.3666518025155648,2.006044072702942,1.4668646723194665,1.2187965287501985,-0.0028266976635042,0.0413635979148972
38,-0.8212800537379407,1.434238446682731,0.7164172726359705,0.8613411892052251,-0.2000000099812493,-0.1823134080604017
35,-0.6619922162079143,1.574889798959748,1.0226110969534858,0.8143191092971892,0.1999999792270814,-0.2560016752370322
31,-0.3871035702055325,1.965596454488158,1.3738612803306918,1.274751548874836,-0.1999999536702719,0.2305701759345959
21,-0.3672732825395893,1.5453688610248186,1.4633690183181498,1.6443065127104315,0.1999638022199989,0.0390147596237122
16,-0.1704938921932994,1.1502891429971904,1.8247989313633104,2.002427950060139,0.2000000099938458,-0.212867432567951
12,-0.2025203120073923,0.7186559650388052,1.7343660304930548,1.888668300770105,0.1999977101542039,0.1288025870869465
47,-1.031258340766446,0.7199019246130925,1.4385555247452595,1.3529563710843346,-0.1272885542084454,0.6365122031338528
44,-1.015004175573936,0.8681999230958212,1.21094380548924,1.3593519452961806,-0.2000000000861207,0.0379115462668105
19,-0.3718117794871166,1.4603166387123694,1.514337443807397,1.6771090161316866,0.1994491794386374,-0.1969038109277124
29,-0.36162076403961,1.963681412890124,1.4474134417858462,1.1461903172447423,-0.01120332937724,0.00558758428686
19,-0.3685998972354739,1.422399447557022,1.5657306844976286,1.6564027501521326,0.1996750616466627,-0.2264527232428472
15,-0.2522069001903001,1.092343992278781,1.6538161570813994,1.8561904177843016,0.199977001976869,0.1499920499143474
44,-0.983198828898214,0.9798249591998708,0.972150874384914,1.351218931866399,0.0085570908700523,0.409901860619534
0,0.1000000000000001,0.2166666666666666,1.5707963267948966,1.5707963267948966,-0.1999327861242799,0.0383678522772438
18,-0.3528087128434201,1.3757937083217922,1.5666472847249846,1.7167014570662278,0.1995985557084285,-0.1336827575362679
5,0.0555437225592623,0.2330787510436371,1.593987920382295,1.562910091122543,0.0592462358043147,0.6117533745157431
10,-0.1107664456357335,0.5023909363778611,1.9955631094661097,1.9419817909850203,0.2000000099539629,-0.3073808995005489
2,-0.0777802829052098,0.2617131388982909,1.6085612262275557,1.5581693691971077,-0.1669094250471577,0.4359203985567851
29,-0.345753325154065,2.004085144695132,1.5577287511954472,1.2216517656164338,-0.1999500263313649,0.0901013619666949
21,-0.3743330210637432,1.574145266618795,1.476603222140346,1.6346583632641918,0.0013127345576684,-0.0524406378850308
33,-0.4872627244018954,1.7651620663420204,1.3566415729608874,0.9620700436670392,-0.2000000080758992,-0.037388085171317
9,-0.1162207260184548,0.7130310098227238,2.072284867116485,1.984861460310716,0.1721244959342171,-0.3334561545147499
22,-0.4068409520834732,1.6258572705979335,1.4937125528838973,1.5927883730810968,0.199888845779168,-0.0902637757320287
28,-0.3486133031873339,2.141095653788934,1.4263192425158362,1.3110882274854505,-0.2000000097432355,-0.3308221823461169
36,-0.6341098730196947,1.566670345926383,0.9481763477113584,0.954271191835159,-0.1999999953855852,0.1976254441129517
8,0.0544134935273478,0.4337827278450373,2.2085185095781936,1.8278461394891048,0.1999766381462135,0.0036652981479879
5,0.0412421530826439,0.2053184488116083,2.235202440121446,1.5764923287157162,0.1997474895536458,0.0824556820779668
15,-0.3234537682097335,1.0381314705018336,1.625960928598356,1.7534398313728463,0.1999900152330379,-0.064818872097477
24,-0.3838791098379601,1.803727457954252,1.3429848300900795,1.5451174847343645,0.199759154286476,-0.1331504209930362
24,-0.3589652128235216,1.8647093338843823,1.288232577094112,1.5927439422638223,0.1998645878052094,-0.1564804765049938
20,-0.3432056008893682,1.5470873212825678,1.5025774835723062,1.7062349323456685,0.0727342238413082,-0.038984752495769
15,-0.2948864445310702,0.917282921653252,1.6557520116355755,1.8128936738202683,0.2000000099969149,-0.1096826728700951
37,-0.7255511007087058,1.4440357171953238,0.9109969149020056,0.856812137657153,-0.2000000098744013,-0.1208996241070606
30,-0.3832218951092042,2.044494271577549,1.5353533076730113,1.1960530826296212,-0.1999962605229086,-0.3540673380222105
36,-0.6838390771403267,1.5784766850113596,0.8642354841020445,0.8041519502912475,-0.2000000096593955,-0.1443749720173215
4,-0.0653950130517964,0.0667465809532555,2.0577098923411707,1.2838198910939782,0.1377463863290301,0.2399852465247698
39,-0.8412313675648424,1.303820058928231,0.8656511489212235,1.0257480958710783,-0.1999999262943078,0.1494529247369094
4,-0.0021382199622392,0.1574580987952693,2.125111729898725,1.2450373079433972,0.0481956311965763,0.1578903427193502
2,-0.0456511087724447,0.0149794144429521,1.8875548402455191,1.3419008805267791,0.0281444410400895,0.3620869702852005
22,-0.3331794091430484,1.6067903952314944,1.4902374828842024,1.6597393410984609,0.1999863088072927,-0.1643516236052384
27,-0.3508506480454108,2.084837887287449,1.2371094609287123,1.355639053676465,0.0965467901124924,0.2136055398905755
3,-0.005405955312445,0.0517734475159829,2.005605817833219,1.2563344076825156,0.1998764440035235,0.3166637321968349
6,0.0112184874505406,0.2182201509995683,2.2705498869207243,1.7267868945150304,0.1999748327276755,-0.0264077900876118
13,-0.2193886782510412,0.8249757098058744,1.6963470066573958,1.900399415790854,0.1999884681467335,0.1252799886169175
24,-0.35109379421526,1.8958833440653675,1.3310585567014457,1.546995694320328,0.1406161728826443,-0.2850376090187765
11,-0.0676047096052399,0.7302075355726139,1.9915321628239493,2.064960307993432,0.199958465339065,-0.0978741717505232
40,-0.8958777032545266,1.228899459084163,0.9030330155854034,1.1165772855766047,-0.1999999034856422,0.0938355486156647
43,-0.8731208638702955,1.252873933109678,0.8163424938702392,0.9605477292008134,-0.2000000099755371,-0.2086898949677549
8,-0.0656279424337836,0.4360320487763647,2.169392264413425,1.908891659200844,0.1998674085171475,-0.353808897549731
45,-0.9915254291569064,0.947991529919045,1.1395405229124025,1.3052159708793802,-0.200000009919318,0.0420387237944746
25,-0.3643242735002537,1.8715081570131653,1.279829226182995,1.4506630132357372,0.1999514799288947,-0.1097024754944817
7,-0.0269009837191641,0.3923580359748341,2.202519324668918,1.9573538645621944,0.1999415886442016,-0.2176630393549593
0,-0.0999999999999998,0.2833333333333333,1.5707963267948966,1.5707963267948966,-0.0185437709080849,-0.0478810031579265
27,-0.3159332000458794,2.135204082720141,1.347370382077438,1.3289203039325956,-0.1977306674566591,0.2137416567509055
42,-0.9044815676266588,1.1880583620205376,0.852211651453052,1.1183406862091716,-0.1999999720263507,0.2011824078943472
21,-0.3038263992054825,1.6306368348881923,1.489971318342958,1.7910204793387496,0.1999220951434083,-0.1946055551927282
12,-0.0318248409863218,0.6938459065545122,2.095454397672091,2.067571472046548,0.200000009981076,-0.3927625104449095
28,-0.3716110986229181,2.130218188052256,1.2811052771892886,1.3692717023641192,-0.2000000083925602,-0.0019098286740934
18,-0.3567437606716224,1.330018093013376,1.6325996230256803,1.6665648424513706,0.1998510379268566,-0.3032864008411583
47,-1.0409887987442776,0.7538462857299213,1.2589661675181727,1.3459490034866912,-0.2000000098783481,0.6621098746221267
21,-0.3769638814913301,1.6136496497210722,1.425744985291038,1.6247132303097354,0.1782619677585306,-0.0679194839714227
42,-0.9406330116610928,1.1208464442764716,0.7443399178471903,1.205427572280935,-0.1454043618703229,0.4448008449224234
30,-0.3919825580836599,1.9445210951654384,1.3939443128791194,1.2583290804677785,-0.1999622168400409,0.1956766825323767
8,0.1015792384334019,0.3700909793797869,2.2103986675527434,1.714522612287111,0.2000000099719526,-0.3544197757646096
17,-0.3609453346077963,1.4843429273334474,1.515759808072124,1.6939667163466572,0.1997705410514043,-0.0615636624696366
2,-0.0778820455187838,0.1941604641990699,1.553818934657846,1.5748164733814984,-0.1999360227524851,0.4096479523185575
6,0.0426497485090101,0.179022682456508,2.315037124851022,1.54829557725675,0.2000000099560249,-0.5136694450880082
44,-1.0025180901014417,0.9871936300104204,0.8942359602686505,1.2581132558830692,-0.2000000081610826,0.0871501215603934
32,-0.4153200756383903,1.875596148080244,1.421601883196507,1.21274740072305,-0.1999999861413281,0.1172824024960323
46,-1.0557577257975803,0.7887368469150134,1.447727263965879,1.389850255648713,-0.2000000084958747,0.2897945339674057
5,0.014301769416208,0.2206893130545846,2.299617332467113,1.723093362710749,0.1999146985977766,-0.0544336894829955
40,-0.903749319183679,1.1713349477698518,0.8437903160837035,1.0668764336720606,-0.1999998997191868,0.0943003035291475
20,-0.3391512238402386,1.486815503082908,1.543942050137792,1.6390687467652714,0.200000009670235,-0.6199268277928625
40,-0.8192157452399229,1.4402424400900378,0.7162410142507891,0.8581305293577253,-0.2000000099705658,-0.2113048541395644
44,-1.021124886696048,0.984935027056184,1.0497911358859875,1.358867767542033,-0.2000000076493633,0.1052819374852758
17,-0.3248264066934023,1.5491984438700177,1.581028096499241,1.740183382301092,0.1998957626504596,-0.220028424293432
46,-1.0383442107334435,0.7525494211632786,1.4186405456301312,1.293388964849762,-0.2000000086640554,0.2350211367069921
17,-0.2863622856783236,1.181708650302169,1.6196952211346964,1.781812220642663,0.2000000099636726,0.1802207285961067
15,-0.3168755829710285,1.0132590687407783,1.6351447289744618,1.7658387864983685,0.1999832817567848,-0.0804055061283249
36,-0.595476482221312,1.6201557075143913,1.0145890387382843,0.9327289838729956,-0.1999999923886657,0.1012678062868234
39,-0.8439727910644966,1.298061000418928,0.877000353025378,1.036916070144339,-0.1999999274426079,0.158581324539453
36,-0.680978398232296,1.5843866750894944,0.8623293685403208,0.7987469441537265,-0.2000000085311583,0.0152481591370745
32,-0.4062529264655407,1.891475294258152,1.4316060366716723,0.964609356111816,-0.1999999050580319,-0.5562158188173241
40,-0.8940680842912684,1.2941671751621484,0.7175182495223246,0.9687093601447408,0.0608171706518391,-0.2103723291997601
49,-1.1006592788617573,0.6037559501850092,1.7926408312848143,0.9015843271487216,0.2000000099753554,0.629500715936464
2,-0.0173292880816661,0.1470861493137186,1.846937791505132,1.4107916585156424,-0.1997329591543,0.2119847904916168
27,-0.3231644181428846,2.053185664048452,1.4639729159560542,1.2645561192474584,-0.1073887368101967,0.1568281794827527
18,-0.2723773663536475,1.27005535399997,1.628025964894567,1.8278754522945229,0.2000000099512283,0.1696876924441978
19,-0.3870245306577319,1.4006025636879529,1.5639295587923865,1.7115469588973613,0.199951185579216,-0.0116960568327871
24,-0.3824621348750047,1.8197279174150087,1.3289445536818842,1.5438746937175143,0.1998436055174095,-0.127868651722028
27,-0.3275839601826897,2.100412081621787,1.313181606205692,1.336709579613865,-0.0894247949641079,0.3001628247653853
0,0.0777777777777779,0.1722222222222222,1.5707963267948966,1.5707963267948966,-0.1998398960525328,0.0661424112384353
46,-0.9963561973930412,1.0030283596732108,0.8575791763749461,1.2357249372787436,-0.2000000099994043,0.2895547180384565
27,-0.3615898308288316,2.0643991987466928,1.201940664150987,1.3710389748976968,0.1860812941861812,0.1183406003644606
5,0.0135246336607729,0.1967902631094444,2.234244124093328,1.4586148902789495,0.1994181922984496,0.1588756304480172
13,-0.2492885593584253,0.9015692619370732,1.7155801291253905,1.921023131908339,0.1999254288687578,-0.218246367831585
4,-0.1021253357849762,0.3234776895073834,1.531984576084886,1.5323007810051976,0.04581724575976,0.4892680657723409
29,-0.3667756111011952,1.992872663304608,1.524051532604375,1.2126305485886526,0.0019892047516771,0.0086952586874001
46,-1.0561332319436592,0.7935414898114149,1.444609304019485,1.3923284906490945,-0.2000000087206405,0.2613780370417043
29,-0.3792119427741803,1.9903934005441064,1.4661718728628497,1.2223006737980606,0.1031330156453665,0.0113177315251885
3,0.0513793064093639,0.2526515618648249,1.8374004075911383,1.432744994396471,-0.1995635643286862,0.2747728008674305
0,-0.0555555555555554,0.2833333333333333,1.5707963267948966,1.5707963267948966,-0.1999378520243627,0.4261357562079712
18,-0.3176076194891863,1.2599289220069116,1.5899264449861388,1.6905959984347088,0.2000000099729695,0.2245977045960673
2,-0.1027708822588894,0.2801016430897375,1.3160532797363145,1.5862024142034503,0.1431743962836514,-0.1034517518573041
35,-0.6229648534273982,1.5652875026789144,0.967120942720447,0.8644754339257642,-0.2000000056644567,-0.1470373774845096
34,-0.4629553535698099,1.7725612314369288,1.4951992082085948,1.0549162943178163,-0.2000000009241654,-0.2281240280095816
40,-0.8773918840826369,1.355007809227278,0.6686380999770503,0.9569102420945962,-0.2000000087134588,-0.1293320412897686
20,-0.3320375337022971,1.6100423103023265,1.5335554490473609,1.7620538987682128,-0.0705530729012734,-0.0106972252082428
1,-0.0777608459153267,0.2078183390865528,1.578866140046392,1.5683426750765188,-0.1998700988931927,0.4261003351909033
4,0.0368883779532563,0.0951139128423963,2.213404283919606,1.4452024298621784,0.1666599187033163,0.1489782958879523
8,0.1043295105945282,0.4465555258647503,2.034285265081797,1.6019671288418529,0.1999965736999666,0.064529509378284
24,-0.3487825868307708,1.7868378643931664,1.3036845895138125,1.5335800824978996,0.1999957705853222,-0.2688574133205342
47,-1.0586868645551557,0.7955828149105357,1.3635683740165572,1.4191072727320442,-0.200000009926317,0.2488384986157328
27,-0.3627940253966876,2.1009938034659617,1.463336874791656,1.2806154981114153,-0.2000000092154077,-0.488327706668004
14,-0.1733292308389193,0.9678830530393696,1.8012790449849565,2.031201046873478,0.1999936117781043,-0.1464823552166974
17,-0.3335203880566882,1.2513664247756733,1.6417438993838172,1.7477131790153502,0.199975083852052,-0.1312688586592499
38,-0.78554947966588,1.3882931608161686,0.8490073914316039,0.949995921233181,-0.1999999092686738,-0.1094953172663685
23,-0.3559780399628736,1.7251340519319065,1.3480907465007643,1.5294692463862312,0.199976560792555,-0.1162722679900239
25,-0.3783306191060249,1.9508951635398104,1.296242700019155,1.5728763401139192,-0.1999978599826879,-0.3907485277690127
10,-0.0997114246977765,0.5490027930659853,2.074859661110912,2.0037082400624326,0.200000009992449,-0.4615466809187102
37,-0.7657640587764152,1.490741317460782,0.7907544123616557,0.8202043599161911,-0.2000000099603458,-0.1540728787427295
8,-0.0686296478271486,0.3161537139858827,2.2076111371305327,1.8511915820716849,0.2000000099541852,-0.5111508236638552
13,-0.2282534745479236,0.8206606664280354,1.68583640555409,1.874521629337016,0.1999886075457275,0.1432496176220264
1,0.0089642176338078,0.2875163064328693,1.7320914129402976,1.4925977406132196,0.199783991199827,0.5456458528851161
8,-0.0549213787611177,0.3247113359358327,2.1298629055407385,1.8644566617825276,0.2000000099930882,-0.4370198671137
8,-0.0003764845895484,0.3870047822694679,2.22908524150518,1.821250837016228,0.1999699877526094,-0.0889989032371474
5,0.0147718827418436,0.2633056108036464,2.216447324552808,1.4655344569597657,0.1999399054973359,0.1825217675824125
1,0.0779660056159728,0.1593054057218892,1.6931048045542578,1.5324481969071408,0.1379399459750645,-0.1127702508603307
24,-0.3829893360253175,1.815737009871268,1.3332464108851294,1.5482382737225675,0.1998939623488282,-0.1312140008737728
44,-1.0055385310760736,0.9185785887970046,1.1041813384854118,1.3998569213936345,-0.1999999579609008,0.4900897388078623
40,-0.82806125549427,1.3883944100208625,0.7242283244780876,0.9513376012159082,0.200000009835504,0.2644265082184316
30,-0.332498556786414,2.023535087105142,1.4969641054656844,1.1653650668734403,-0.1999999044093286,-0.0379330975406873
4,-0.0275715482706392,0.1933072929524637,2.0208363393929343,1.2469880368153523,0.1131242681371119,0.1914376289089533
1,0.077934310724169,0.2659239089479848,1.610116378464971,1.5599802950789718,0.173312872465357,-0.2851248023258266
43,-0.9863601766937442,0.963015623438738,1.00083772564796,1.3585851254018102,0.199999869343552,0.3309253929959459
30,-0.3655757683786902,2.031537256161186,1.3651514771070818,1.2884561902869034,-0.1999999160637329,0.2465496865279384
4,-0.0567830069202798,0.3047233179267147,1.9976766454663613,1.4039506353213749,-0.0854716682878418,0.2052805923463676
26,-0.3640932141201029,1.959870679654246,1.2049097914619842,1.4018836334894658,0.1999271626846619,0.1829366719017945
47,-1.0384706924585076,0.754129675414404,1.4042747765028958,1.2949824278241553,-0.2000000099934474,0.2862508583141277
9,-0.1433437252589215,0.5453378574292849,1.8617154183473923,2.0479201922032777,0.1999724842989617,-0.185455712155129
30,-0.3837459419932732,1.8913612066260224,1.481487755724464,1.0988734633323116,-0.1999928942856537,-0.1365681600217973
22,-0.4643181813297972,1.5391313630940515,1.5810315805163722,1.7353055721852424,-0.151016057412609,0.0710017738523038
21,-0.3336667884919213,1.6514539159026411,1.442092084386621,1.654289399523462,0.199951712331246,-0.0245640476055557
13,-0.1666518418241396,0.8050763522970441,1.7585011022773127,2.006557286569297,0.2000000099466321,0.0930072735549256
43,-0.9872557715011172,1.1253452625803926,0.903687753775392,1.2559248022507037,-0.2000000099640574,0.0767222037690412
8,0.0994360962738487,0.366552100810602,1.5348432781782488,1.5672318938835532,0.2000000099631282,0.6600601997144185
20,-0.3839663017479305,1.4901103244697054,1.5358991558339934,1.6731032158852104,0.1525119099190764,-0.0418868141149671
30,-0.3908507257240866,1.944425324447898,1.5164354192700724,1.1631910178100004,-0.1999305797578902,-0.0022192278408529
31,-0.4038891637694762,1.999183448787606,1.5568465488639216,1.1213455517260391,-0.1999999285261582,-0.3790595665737434
32,-0.4094146265487471,1.8429788963233973,1.509145769351397,1.5602661962167674,-0.1729394163276481,0.2447160550483362
5,-0.0649755604596906,0.1038443607546635,2.086073766523276,1.276420179169539,0.1999583193056369,0.1943346786238372
33,-0.5147108644869466,1.7425261863735526,1.13363873040102,0.9166369519133892,-0.1999854424427575,-0.1944791984662571
23,-0.383219787035878,1.7584655468175614,1.3761712173607688,1.5675061803771269,0.1996476812574821,-0.0796322629473215
20,-0.3394157281186958,1.5030160873763334,1.5444005290654044,1.6343518686802128,0.19999790955314,-0.4195897608478868
27,-0.3132260973815339,2.08525871528286,1.400172327705894,1.277977604546719,-0.1206339712998784,0.1982426340716933
45,-1.0507041575403142,0.7971276415362488,1.3469935628261904,1.4046829066164486,0.1999999673219337,-0.0266233896905647
36,-0.6788953867598291,1.6096204995542909,0.9375007646766048,0.882951185223596,-0.1993252033375353,-0.0107148852143908
5,0.0185959861505392,0.1194330576847998,2.342825339236532,1.5277941879695274,0.1999693449524557,-0.0211217249287431
43,-0.9993873616574496,0.9970523152130106,0.8845339557763676,1.2515984566679257,-0.2000000076808177,-0.0214952034127358
22,-0.3780039912838737,1.622651835096755,1.4592624502864222,1.6176390192961956,0.1687314667475797,-0.17813746372619
36,-0.6261588457276013,1.6021194435896275,0.9812572049584728,0.9150652326732832,-0.1999999914090537,0.0875832639416114
26,-0.3340446019946762,2.130403601361682,1.335951597490583,1.3205137320846485,-0.1994856167375969,0.1030663956227005
40,-0.8045127254226515,1.4115607174018758,0.7268215490961505,0.9488551072942494,-0.2000000099227149,-0.1110660509266617
33,-0.4898979816441692,1.7636572063059737,1.3599742958929877,0.973500831305672,-0.2000000072168254,0.01844823614139
7,-0.0576576726288792,0.2900959917583242,2.231063331734567,1.7472853961877848,0.1999668712619207,-0.1668504670212224
18,-0.3616673117215345,1.368195297682402,1.5615924755719046,1.7037713181626442,0.1997868481346187,-0.0156380573958694
33,-0.5315044407940811,1.804968954679415,1.176227786639009,0.9165890221715408,-0.1999004791800494,-0.2095692564885913
8,-0.0039142945816459,0.3846130937503641,2.288622655966554,1.8411458998002028,0.1999914594201979,-0.1985608419478297
11,-0.1284931849648612,0.6729822922576598,1.8605590462456325,2.080791717932673,0.1999786693595973,-0.1200229930071283
8,-0.0027817100910347,0.3909998833988187,2.242648954752433,1.94152215901423,0.1999757928892578,-0.2053278144236314
15,-0.2807893619017215,1.017929882104518,1.6287209401514868,1.7633642869015849,0.199996692040659,0.2005377048148003
30,-0.370340105764849,1.9604045151709344,1.1478284551438431,1.4687649781947203,0.2000000004352748,0.1493098193043587
49,-1.1057019808638902,0.6014846938249649,1.7951236538870157,0.8926911750314033,0.2000000099666534,0.6130704305204873
40,-0.9194544852401166,1.2136911607614145,0.8668431253534377,1.169365899879993,-0.1999996252172452,0.0682710461233524
25,-0.3843145709555617,1.8443464794762847,1.2826376567271094,1.5255756442695982,0.1999445282748688,-0.2111111891512566
33,-0.5020838965616531,1.77639583533176,1.1335748145964484,0.8364232381438956,0.1999999689012044,-0.3238549156286187
9,-0.0862643847358373,0.4818762130409084,2.0109970654037337,2.0711949468279487,0.1999674426806719,-0.3082460558152797
30,-0.3678713961885898,2.0310655320019584,1.3581381450083594,1.2974713604111583,-0.1999999233230925,0.2610407270927887
22,-0.4427145056675997,1.5935963282816408,1.551936619975839,1.7169208791717865,0.1291217750491841,-0.0327177945338916
15,-0.2929417414562457,0.9840361746008232,1.6571911657836775,1.8161631772853968,0.2000000099932068,-0.1044444975096745
39,-0.774818830805936,1.404168574117173,0.8614937933769564,0.9605678624741452,-0.199999981843126,0.1558424873116483
29,-0.3647023717839126,2.036771611972164,1.349751261123691,1.3044929300624706,-0.092410091159462,0.2868195092400592
30,-0.3669404964109395,2.0052673996918355,1.4875464712769149,1.2109169293790811,-0.1999925120032057,0.0714616109781234
45,-1.037576909454082,0.9079728886110682,1.140121349194322,1.4186537525942526,-0.0971735545873244,0.4028407671052068
5,-0.008036030945967,0.1509552640642837,2.213996180393968,1.4735951463399743,0.1999590863579867,0.1162374507710677
21,-0.3434935575792303,1.5623349585482251,1.502891563871179,1.6265698914797595,0.1999353403271237,-0.0353277968158853
47,-1.0510273391687128,0.7972032809340944,1.3469112227347235,1.4047840728614889,-0.2000000099388285,0.2490671827324921
24,-0.3871644557611307,1.7854239626031645,1.3583941320565085,1.5427897460215307,0.1998438581509296,-0.1455775760723633
30,-0.4444750305980719,1.9144728243649305,1.4854543330755572,1.0179720102988723,-0.1999513724912512,-0.2420642381792943
21,-0.3613863002429655,1.5298993509237016,1.4429594101991992,1.5837553463422371,0.1997868919480217,-0.0338858339726585
2,-0.041196390525156,0.0616935185214392,1.9052829603340964,1.3708791717622977,-0.1722969428549806,0.240640349172161
28,-0.3747692802251048,1.9891792923740168,1.474390854188476,1.224132737675346,-0.0127645437629702,0.0093501144684628
1,0.0759662343730688,0.3748638601564804,1.3811554007882867,1.599186852789593,0.0426744378950578,-0.0659091098046789
12,-0.214489752816673,0.7726361466775684,1.7475373121586184,1.9602921511371152,0.1999860428069825,-0.1076539930752697
6,0.0390456836287248,0.2620887976276437,2.246815932044063,1.5534403141331783,0.199969188553829,0.1072842200906619
33,-0.5040665806679906,1.7118765214997973,1.2103965851154666,0.9098414495955764,0.0415843524107864,-0.3700134442857412
7,0.0629942479993913,0.321617444124679,2.2158749187972884,1.5949835034268185,0.1999946021593932,0.0968122879614415
33,-0.5113051088012415,1.7001202318924802,1.156931740292583,0.9045790779709056,0.1740672662419354,-0.3153074545121183
19,-0.3225528098268697,1.4914888289995216,1.549872693666492,1.6939416143979935,0.1998357560013965,-0.2328452752383154
13,-0.1903595309252389,0.8034247992825285,1.797913187244211,1.976347346538517,0.2000000099569969,-0.2256405006235153
6,-0.0655447595239925,0.7801790359720377,2.146791408888645,1.8796551807812745,0.1999737367189939,-0.1912719550610269
36,-0.7428436441467091,1.5187747479646083,0.8097155476596694,0.8088977652395892,-0.1999990877566413,0.1924727560786365
43,-0.992591243700373,0.9838618280332914,1.0347169317616118,1.3139735463378903,-0.1999999870586949,0.017674605577923
39,-0.7870363754367049,1.3862543620202303,0.8578537135061364,0.9701450233838348,-0.1999999840092913,0.1614013939705342
33,-0.5092462697437543,1.739612418908749,1.1572025120301088,0.9271224390710444,-0.1999824275252537,-0.1097900387032701
31,-0.4108875903840317,1.8403186134531115,1.4540592516448836,1.0237383975302352,-0.2000000094999734,0.0378396559622443
21,-0.3826047277197173,1.5655705374588194,1.4680554858085255,1.633019657141153,0.0613486641666297,-0.0509145322362235
9,-0.0770252403157193,0.4543527936338503,1.6483827727523188,1.5560786034855048,0.2000000099564772,0.5218577574727783
47,-1.0552796426724864,0.7872940958226465,1.4503485980120043,1.3897142495427544,-0.2000000099058889,0.2349175416097917
29,-0.3736994902657563,2.005589057914756,1.451567475744758,1.2482115111732468,0.0422614282685352,-0.0065303289450866
18,-0.36678920271387,1.545861150653392,1.4565783637252192,1.6702925249942142,0.1997309276070847,0.040787072632943
9,-0.0511741897657142,0.5392619806955147,2.1197867142644267,2.02053036688533,0.1999480226378932,-0.3204283609023939
20,-0.3980121209790296,1.5454957788406167,1.507487396770392,1.6703796264831077,0.0734500572472006,-0.0313158880881162
17,-0.3560941750440414,1.226119402695312,1.6146632033076624,1.7642640800902052,0.1999650475236524,-0.0270675523077121
34,-0.5644577316682358,1.6594683361440454,1.1054570470422225,0.8827151446985502,-0.0579570386288953,-0.3144503827869777
5,-0.0265285189595742,0.3257796840360306,2.169398204484258,1.50482298457466,0.1997593984582172,0.2163675401295567
32,-0.434148328664485,1.8539550636877573,1.4587359512832505,1.065351526434553,-0.1999999162334577,-0.248163196066589
20,-0.3368455645246447,1.4838324589083185,1.5424767742541174,1.6525383912482352,0.20000000966689,-0.6173207135433878
45,-1.0376228215862444,0.7775812837364836,1.305912441634808,1.3276161938571216,-0.1999999911242045,0.0034570746618573
27,-0.337189165726429,2.2206116333193684,1.366940894224916,1.3500694087541332,-0.2000000089933412,-0.2791115709682328
34,-0.5864993980159957,1.666907344101087,1.0960270970566437,0.8493383175039774,-0.1263443460290299,-0.3692025962886628
28,-0.3331972433582176,2.015904073289418,1.422347874441419,1.2484590944606682,-0.0290507852957178,0.2013771294955265
35,-0.559260170751029,1.6430105254928284,1.0721772434797625,0.8830627890594966,0.2000000097497472,-0.2225611846594183
22,-0.4097199265934325,1.6082161289481232,1.477036171653543,1.6401271904990014,0.147476339597875,-0.1428393145295025
19,-0.3488290024445669,1.3838754348342537,1.5111362198975424,1.6527691285868211,0.2000000099929172,0.3803564907716344
46,-1.048806397996152,0.828768799543122,1.2344687404718735,1.4465504141079364,-0.1739708154669081,0.5377465500176026
43,-0.9943812190032942,0.9758803784238624,0.9450542181482784,1.3521905344895349,-0.1999998683374015,0.3692647863937235
27,-0.3761365543546584,1.953575484980835,1.1340556732055287,1.4728415212125576,0.1999817286840964,0.107001367300675
4,-0.0491110879622534,0.0897970608386961,2.043472864725862,1.2423392184563562,0.1999302670941321,0.3099196468742994
12,-0.2277426377980513,0.9325546628740596,1.7348076413061957,1.926701489315015,0.1998906831476588,-0.1408027944708076
35,-0.6308789793648008,1.5915893692226315,0.9457371635970216,0.9155307903831807,-0.1999966697933927,0.1357204360717446
8,-0.0451706198117777,0.4008809195607027,2.1839858974006514,1.996132770245916,0.1890796496080485,-0.4665885004056693
18,-0.3176133465831137,1.261983340109015,1.591902514049087,1.6852080919973147,0.200000009973093,0.2254436527734319
33,-0.548844252577612,1.7179821757447762,1.0774460519340376,0.8300273774094695,0.199999858735472,-0.0299536840414113
28,-0.2810541478528932,2.1520640988831263,1.4612060906973223,1.2601441780003344,-0.1998064965783476,0.1306947641080474
17,-0.2964048138065573,1.294495877106415,1.6699971045043809,1.8417477946009173,0.1999710781040686,-0.1603988834637973
2,-0.0268142497962544,0.1086886092503738,1.8960884968426568,1.3108214652689203,-0.1305743832455741,0.196588800016108
3,0.0437266884340959,0.1560024899489496,1.894250714280877,1.342872424916623,-0.1251921804970494,0.2988959776214935
48,-1.0780124242458566,0.6305338961156981,1.6156877475467066,1.1755151806939614,-0.1184992259000162,0.3241902173534318
3,-0.0727028361829483,0.4599091276456386,2.012711972990308,1.5337973590962848,-0.1998579142261379,0.0592754114528039
28,-0.3382741193495612,2.109541826538792,1.3657281183747223,1.305628140949049,-0.194632331550316,0.1020274021112186
4,0.0831756270337068,0.3011175029349146,2.0683953473952155,1.505585508110298,0.1983434811790685,0.2563522473705504
16,-0.3569186859731802,1.110459643687022,1.610372976460729,1.7635654096143871,0.1999886777781953,-0.1849303994846847
23,-0.3791330720542152,1.6711523654564338,1.43159448834413,1.6316006879845992,0.1751529972604131,-0.3881873462507581
1,0.0555736926584915,0.1761311221656381,1.599000752964292,1.5616377249301243,-0.199904795860134,0.3885620028639993
7,0.0765769696580614,0.349381957510677,2.2466368304064206,1.3329541152125786,0.199982200383758,0.0813305205441341
34,-0.5982915148753946,1.6419944070131087,1.0509170090458233,0.8555715632088986,-0.0596920733861039,-0.2845325514831114
26,-0.3570173032191715,2.0063317319516334,1.151994648969337,1.443327302468838,0.1999737328720744,0.1568024434318246
30,-0.3312668434771991,2.0243082630476663,1.5063411081817488,1.1681085091863217,-0.1999998918643963,-0.0408433474456012
23,-0.3770091978391078,1.6615207458835934,1.4314158158984522,1.6124339590095065,0.1999445401334861,-0.3960497742856951
27,-0.3069512232626239,2.0986792647302845,1.3155942420151572,1.3084872590053238,-0.0424544381480543,0.3276663570773505
11,-0.1521115467748599,0.6549782797330008,1.909744051345859,2.0602429907451003,0.199987188104698,-0.2507884827815325
31,-0.4054594407573229,1.9119138976515095,1.4951133588936667,1.1405282139168185,-0.1999857750181812,-0.0281341875994171
34,-0.6009880129953363,1.645077455450285,1.0444578251621324,0.8479095642623782,-0.0930420093331036,-0.2110976754383379
11,-0.1390394293945562,0.5964117061816029,1.8528513881054265,1.9846055539702097,0.2000000099932807,0.0271934390952049
37,-0.7912189576161238,1.3664641845351806,0.8288898366179804,0.8851934244036255,0.2000000096681388,0.0117437579007872
20,-0.3574332307938762,1.5217254636885835,1.4501490925526106,1.6759013052239815,0.0810458797601101,0.012077562123606
10,-0.1140361091615331,0.5666425279520824,1.948748336234365,1.939523279348264,0.1999886899449101,-0.0502426119681696
28,-0.3615507235811543,2.047858682083417,1.191318311789308,1.372355433119129,0.1807845277697198,0.4097700547824033
19,-0.3480642810872107,1.3792160564036888,1.5743552866068224,1.7291832410427022,0.2000000099375291,0.0702528879418296
9,0.0139826892426402,0.5262360326506537,2.2484887213876377,1.9882952967795888,0.1999666129662349,-0.2062570303972767
19,-0.3175228159096145,1.460432528084256,1.5704921568420271,1.7064410055821777,0.1999134495582246,-0.0556687708645422
49,-1.0845320380709884,0.6484965609438484,1.876294390359197,0.9140428182130192,0.2000000099592968,0.4636877815573765
48,-1.0605144246361609,0.7549648743473968,1.5161581533637385,1.3586706488802949,-0.2000000099733413,0.3825392296909167
3,-0.0329948835064188,0.056820347120244,1.9980202550676207,1.211916238001795,0.0716542901078027,0.2162497633931146
21,-0.3457407412960349,1.635192838581241,1.4210943701353411,1.6054700041229264,0.1998925865147456,-0.0468541324140883
48,-1.0349508909089546,0.7359588402041476,2.370256296419773,1.1671208649654237,-0.2000000097234013,-0.0790211734188818
7,0.0774592368079461,0.3087766709594194,1.5408062497761588,1.5754876749922226,0.2000000099932116,0.6276188045131842
19,-0.3708991758295629,1.4266060672890963,1.5500126472350697,1.6735669042314651,0.1999043420007677,-0.0379380690136998
48,-1.038862300350961,0.6912767382409332,1.642401666441236,1.260121563473232,-0.2000000099487804,0.2624864333156888
35,-0.6385402124971986,1.612374072142621,0.9116801206754792,0.8682097198254805,-0.1999717476291413,0.052464676183341
40,-0.9046367118608968,1.2095761160926055,0.9080952201836971,1.1357124462121932,-0.1999997034844824,0.0690526472584655
31,-0.3992053585773502,1.91995731287055,1.4002935691413023,1.254084176608817,-0.1999992749919673,0.181242381978967
2,-0.0775691797044061,0.3357213466090705,1.6046346286919455,1.562845932762722,-0.1226982921459776,0.4523068788318998
45,-1.0041306601779594,0.8688392048262024,1.1643985594299178,1.4050978421481022,0.069585162701172,0.4111712146614516
21,-0.3812416902031817,1.6360773168248737,1.4474722119655947,1.619430415263016,0.1950288013929889,0.0213729294554773
31,-0.4035250075541405,1.901867428894848,1.5221368883928292,1.0630967777224167,-0.1999874410240354,-0.198650020944433
48,-1.046710087938937,0.7303906839046448,1.6479915533599696,1.2162367053742575,-0.2000000099948366,0.259935972156205
4,0.0054864874151348,0.0821926712512528,2.158365757265363,1.2915161064759777,0.1912632964258047,0.1874857957277737
2,0.0244316069395959,0.0970711129736019,1.875782192745481,1.3760828783234569,-0.1475807291085448,0.3115256348602494
0,0.1000000000000001,0.3055555555555556,1.5707963267948966,1.5707963267948966,0.1729709727752174,-0.3505973243941606
12,-0.2212014160970679,0.9059065171701438,1.6976246791309624,1.947190617593064,0.199986375055554,0.0425030077471093
23,-0.3235481464036307,1.7899997536806935,1.3280500444259982,1.600098263531125,0.199975152880605,-0.1245450364869299
48,-1.0384552051982323,0.6918873835342415,1.6294789659467082,1.2686162008195612,-0.2000000099470467,0.2772587712967524
2,-0.0174106681544988,0.2489855807651121,1.884426758685384,1.394201480532228,-0.1317548116009748,0.1250017274909615
15,-0.3141296282047512,0.9712244880766764,1.68493261287478,1.8334140264854777,0.2000000099486103,-0.2387141999621948
42,-0.9625524051747194,1.1806985124912523,0.8358783508327345,1.194439377169368,-0.2000000090659239,0.0011948713778925
7,-0.0949187203892499,0.4262421738705543,2.0581215723094086,1.5770691162625263,0.1999796660544021,0.0629506774995222
8,0.0579897045724515,0.4219191226368595,2.0304408293898697,1.7633636852949346,0.1999927964564355,0.2051678202079428
13,-0.2396675198213894,0.8509716749243903,1.6860878491402562,1.9348891788125,0.1999749389216275,-0.0152834030113398
10,-0.1230399754342127,0.6722324445153998,1.9361146065082888,2.028377695148424,0.1999658021898551,-0.243429455779561
15,-0.2625499507494797,1.0408455818550375,1.645531845339809,1.829066508942797,0.1999850169784541,0.1409612131121495
47,-1.0550383735792066,0.7919554911271303,1.4330415176835398,1.3895911519533963,-0.2000000099095591,0.272964278094061
28,-0.332478762750766,2.025018127118212,1.4864036376264431,1.16336370663309,-0.1012146809261782,-0.0112583824025805
29,-0.3698725095878708,2.0442387339575743,1.3922986472633223,1.2754354845033524,-0.012478035187052,0.0084332897250211
46,-1.0547725778586543,0.7352887696885317,1.4603941525009017,1.2715574944808197,-0.2000000045665035,-0.0093958363457106
31,-0.4069470112491686,1.8522675523777683,1.5124614993718009,1.5447141091699252,-0.2000000099483157,0.2648609868926709
27,-0.3418222411432152,2.162868375572156,1.3933051163938384,1.3307396202166268,-0.2000000095444517,-0.3761570137042179
2,-0.1003056360914692,0.2883912581522179,1.6554757999863965,1.5386709749112295,0.1998966343171737,-0.2567092034745332
42,-0.9579000154341568,1.1067980029537354,1.0269901887569102,1.2389962852899443,-0.2000000055264304,-0.0222242522928757
23,-0.3601528328757394,1.7726954139650255,1.4126599296806015,1.5729581034716884,0.1998478548871799,-0.1377155216613667
32,-0.4329117024957332,1.858691639812896,1.3304854976621012,0.932079871078496,-0.1608463048473372,-0.2593453508604751
7,0.020152548931224,0.2709585741226245,2.335020856061254,1.8841507955206285,0.2000000099496614,-0.5734575538562999
15,-0.1813650986709299,1.1323177755778275,1.7424241239812712,1.971110050705716,0.1999807819276694,0.1084576799665449
29,-0.3061695967342646,2.100490863498832,1.170922660329614,1.379497605713197,0.1998058650131122,0.4363353251754191
30,-0.3651743392860928,2.028932347916022,1.3698597932842116,1.2895065720815202,-0.1999999162740553,0.2443468296199342
17,-0.2267511284595931,1.3213515226504924,1.7127681421723704,1.9715159178694923,0.1999895383775422,-0.126689393438479
37,-0.7591210108204034,1.5038820924796956,0.7894315170731883,0.8114721286803415,-0.2000000098022737,-0.1387254578323268
18,-0.3654164636231658,1.4203646282585765,1.5330005894091467,1.7003534976923016,0.1999362898682158,-0.119735885473215
39,-0.8689339300147098,1.3668464923115882,0.6704401756313185,0.9411759399063608,-0.0846103574182288,-0.2054459988460266
37,-0.7246274082005616,1.4463303496262885,0.9083281616356712,0.8570246586028344,-0.2000000092973133,-0.1033845438530364
32,-0.485982269663596,1.7919181903053607,1.1872560838845114,0.8669274193123018,0.0010587593733325,-0.3887816945527758
46,-1.0487570339212169,0.6990076074508573,1.5170520934592528,1.3097033522416943,0.1489951991192897,0.0652051737167028
12,-0.2031193796379528,0.6588573879387774,1.8767131427910664,2.082894007411138,0.2000000099812368,-0.3286157689442794
19,-0.365397275305043,1.5061328031123735,1.5056870515134673,1.6939674680639851,0.1998879592502578,-0.2357291222198373
48,-1.0666766848867932,0.7170289345430831,1.6313058781113965,1.2978851720334803,-0.2000000099762682,0.2687060901350227
30,-0.3670047798962425,2.00907186896432,1.4934608633520088,1.226625117593861,-0.1999925462557062,0.0695786049662923
25,-0.3478420344270775,1.859282001941992,1.236550078788076,1.524469787332565,0.1999930194291268,-0.1460656806714326
45,-0.9793375297991412,1.0061714026852002,0.8559709089484553,1.2475166233300763,-0.2000000099348683,0.2369840469640004
31,-0.3959960134188266,1.9453261248335485,1.4668391729381425,1.205565089873818,-0.1999999371334656,0.0651169782928484
20,-0.3418890387301114,1.6230835713514675,1.4308571899917464,1.6027744297262334,0.070331156739823,-0.0033586025875043
6,-0.079653762490724,0.1519311391347817,2.0696093859758715,1.371017990626825,0.2000000099577185,-0.3271110114528086
41,-0.9346194809234306,1.1376948196151542,0.824564010140278,1.164458441102441,-0.1999999432309727,0.2639546610347431
18,-0.3338067664783424,1.2811840128007952,1.5673613781717162,1.687738867109709,0.2000000099661106,0.218942003270614
46,-0.9896499571238256,1.0512479559472157,0.8347673742321056,1.368456805802561,-0.200000009994761,0.3042074499480712
31,-0.4050797726567134,1.8543214031577693,1.5073965984073023,1.556529527762322,-0.2000000099312706,0.2676118972211395
26,-0.3382809833991797,2.0594311540454693,1.2827860387415524,1.3523828633133193,0.0211539118118206,0.3211685868449809
37,-0.7575769098549676,1.4289330927745418,0.8435464362290244,0.9218537894742472,-0.1999975547496787,0.1106429822915789
44,-1.0068790177908755,0.8529739100729927,1.1834794665363173,1.4083817501552849,0.1883014581241227,0.4263749891266757
31,-0.4057511791929214,1.9098686002842764,1.5203091536087163,1.0746735692520406,-0.1999768981796721,-0.1774981609752674
7,-8.355333328807953e-05,0.3323151677514966,2.2799074490943245,1.838951952596794,0.1999774512416959,-0.1622411793557988
45,-1.023396522870251,0.8204712679345206,1.17864431932716,1.4366481378106122,-0.0596738870767185,0.5465426326904713
16,-0.2899958583576422,1.075016856910756,1.6147325346854071,1.7543296364338274,0.2000000099437814,0.2058978166767653
21,-0.3832909170914625,1.6792586497566249,1.4396622563388686,1.6218253110264378,0.1998982548167105,0.1772257010897151
20,-0.3948898095905734,1.6346843591571825,1.4972775960948803,1.6427615195158731,0.0219453360810786,-0.0127122844981858
6,-0.1005596284932106,0.2488577240529129,2.072580543407474,1.393026265559234,0.1825613307287862,0.1176558286819711
32,-0.4659397951228741,1.807913007547494,1.354877973994332,0.918580291584293,-0.1747473616867495,-0.5230725838836232
22,-0.3451513599428983,1.6224273810984295,1.483116571852241,1.61633905643455,0.1999683317545205,-0.0902955240319773
19,-0.3223908691412404,1.424916617481607,1.5731930519130568,1.6937753025835691,0.2000000099382716,0.2823017444914994
40,-0.9106231375220636,1.2032624330349084,0.7467600750413279,1.0866006208589265,-0.1999848152415048,0.0449864179615582
25,-0.3557268537245899,2.030345382875446,1.1747973273184638,1.4094946110378446,0.1997157007587879,0.170111093409524
43,-0.9778733439149316,1.0701531736654435,0.8444906207760305,1.345973813892226,-0.1999999214451709,0.5576944751835985
39,-0.8352915470310096,1.3195627982478029,0.7606084840979914,0.9441937005967168,-0.1999999840266835,0.0865329784878424
22,-0.3514186228290699,1.6317494214417938,1.4160286198046546,1.5837000848936928,0.1999803494642408,-0.0956159953455821
9,0.0362025799745822,0.5182464214336564,2.133024739493841,1.8254001208264443,0.1999833213418314,0.0613122588157187
39,-0.7774904493203564,1.3799829687295198,0.8624139233168702,0.8903219213978519,-0.2000000087955013,-0.0142772663760906
6,0.0994236231298145,0.3345136997203348,1.527616978683744,1.5738286400029513,0.0992014570056328,0.6648390124030875
9,-0.0205308401155336,0.5700915038358524,2.158126642056976,2.0427278819232955,0.1999639904304705,-0.2334683084392319
23,-0.3372092501754786,1.7047014529844933,1.3844016651299338,1.609018766366182,0.1999727425369846,-0.2169346257936785
35,-0.6322320866822946,1.6092930567279262,0.9389089874429634,0.8613169251936514,-0.1999999307278109,-0.0664758011518942
23,-0.3478850328961169,1.7264075513037571,1.3650284419443943,1.5840970555164204,0.1999705617438203,-0.168449987921963
12,-0.2281011735357816,0.8009309665428325,1.7106343776086057,1.943127795351768,0.1999705933125236,-0.0381065551489442
17,-0.2809263067104092,1.242651254491844,1.63140140878951,1.8560554078565783,0.1999775561207335,0.0733748195922583
12,-0.2431062473495044,0.7620488567617236,1.7164630415525777,1.916214827100676,0.1996829050547964,-0.1018329893258115
48,-1.0531617402451432,0.6929460017921099,1.6048622373264534,1.245861405566162,-0.2000000099613353,0.2958510733212779
40,-0.9207941102562568,1.1613006147825928,0.8317753011968474,1.1403355225425476,-0.1999973802119397,0.2577253774084424
15,-0.3142407299518687,1.089963609212114,1.6401753547277789,1.7967306119161237,0.1999621412615919,-0.069672490501757
5,0.0048948241794451,0.1909917504864314,2.1149622733381133,1.321251186469745,0.1992744669501155,0.1419331920618223
49,-1.1040314785883083,0.6209110443160702,1.818785877027784,1.045897336574204,0.2000000099675044,0.570982384255603
36,-0.6068301876007737,1.6956290566429886,1.010912557193313,0.8990764951432425,-0.2000000048207949,-0.3078771779004953
20,-0.3697341482805512,1.5448923029640844,1.5140671181168894,1.6708435764077574,0.0859636456228718,-0.0640593951734325
23,-0.3475245561663693,1.761325143897994,1.327741284915481,1.5508855552617025,0.1999182440043032,-0.0714685387200143
7,0.0554705265301623,0.3222550219646924,1.5609698417272906,1.5727370678231496,0.2000000099593019,0.6021079285104689
23,-0.3810096959647691,1.5899003283931863,1.4699219137668271,1.62003952163466,0.1997903462451868,-0.2639360415518251
4,0.0003970666069632,0.1487534025656181,2.0798371293784594,1.32351196591001,0.0991388784262677,0.2550480887279097
6,0.0393598090735647,0.3255403779026953,2.183149010935102,1.5222026476966872,0.1999617235348017,0.2129662255016321
3,0.0236436184431962,0.0496591850695256,2.076922939219747,1.2949766252458468,0.0482425680235014,0.2223336628821393
8,-0.0152180938683657,0.3576949555381207,2.270664864280496,2.019499414481102,0.2000000099046512,-0.5905607297987577
34,-0.5245693256719557,1.745910493183624,1.0990975918856003,0.8350141962155925,0.2000000098065788,-0.2897473478743207
26,-0.3457437676689716,1.984504486547415,1.2269166432302336,1.4021365300208102,0.1999771321308399,0.1545303360332166
3,-0.0273501139740312,0.0519796147736294,2.0111334482815604,1.2577113642458584,0.0233390577899404,0.1952474165234576
2,-0.0289217342987206,-0.0107092048830061,1.9605594585326056,1.2624008688455353,0.1999092043726416,0.3481596374692055
43,-0.9830887209046834,1.125558286660765,0.8968789587405066,1.2481866589447952,-0.2000000099589794,0.0657655283427314
31,-0.4079631809971982,1.8933845487655487,1.5145834318244529,1.0512884778179992,-0.1999607048551156,-0.2087567206864465
11,-0.1082985558106899,0.6857584040619045,1.8960111696385749,2.09449505668996,0.1999586413443851,-0.1182957721474432
41,-0.936367564574234,1.1497238170323365,0.912082589461638,1.1713274601198829,-0.1999998886820967,-0.0402589339469476
33,-0.5153403831558243,1.7547067468238196,1.2426736842495465,0.8782763974930331,-0.1511106330281207,-0.4655071345847836
48,-1.0607567106058546,0.7902314506842909,1.3611942316081862,1.4111372732785286,-0.2000000099707143,0.5358536504318075
8,0.0226826313325187,0.4261639192158608,2.2603707956757884,1.8203162344520984,0.1999908182281373,-0.0985583381252507
21,-0.3683889467151308,1.5097609036478865,1.5171694765475134,1.6566406901521988,0.1999775708080773,0.0235334606225555
34,-0.4912377417672117,1.762144427616756,1.354355358579431,0.9686419160997914,-0.1999999933769433,-0.2176389821278192
47,-1.0302848710263663,0.7774109433685269,1.625265363661614,1.3198386588815187,-0.2000000099769749,0.0551533686468241
30,-0.3717030077742386,1.952933327574996,1.5271816335054935,1.1741886816631075,-0.1998582233085534,0.1159441333962179
24,-0.3688215612006056,1.8077511386337264,1.266691358900255,1.5599810369329066,0.1999403056538448,-0.0317856522900606
14,-0.2993639611635851,1.01881115524662,1.656071019419704,1.825846987893891,0.1999683046692496,-0.0768038132442293
20,-0.3230767824760959,1.5336219911283295,1.6809393831803403,1.7080052014011156,0.0341136075783611,-0.1941134597971574
6,0.0312063688397721,0.2870433469070922,2.2266273433950285,1.7693067023838074,0.1999630036408187,0.0191032103121158
49,-1.0928159819502377,0.6044825045427471,1.773549027222671,0.9923490432583876,0.2000000099724435,0.6812435054531376
35,-0.5743173652874385,1.695068211505797,1.010620706775461,0.8090881454693791,0.135534439339998,0.1482134799338157
0,0.1000000000000001,0.2388888888888888,1.5707963267948966,1.5707963267948966,-0.1997944314823915,0.0370911470647881
11,-0.1130258596021327,0.6390148377651509,1.883606650927339,2.0354639945570376,0.2000000099580784,0.0107249781209737
35,-0.5878862108770873,1.6525165325630384,1.109402916454945,0.9056386423094857,-0.1999999169558466,-0.3068299421852516
6,-0.0027859131334587,0.1516156080313081,2.362745658555303,1.520962698474089,0.200000009945445,-0.5755393052687616
7,0.0241187936068971,0.3370588363355818,2.2331765303995947,1.8089544417633885,0.1999675102014617,-0.0274203310890753
8,-0.097719693904158,0.4341508076614138,1.598923704647694,1.5393547043465,0.1990079280049302,0.5225144676315459
21,-0.3865125996947662,1.6265485769122163,1.467092954614435,1.6362174768664874,0.0926025688249086,-0.1000525298178299
38,-0.821416683380741,1.426905604265673,0.8277176367726664,0.9237198231831032,-0.0946660409348736,-0.2672200844581281
22,-0.3807648521841288,1.6570583478834813,1.454499342539583,1.6340545157345725,0.0863219935179354,-0.1289761142638348
0,0.1000000000000001,0.2611111111111111,1.5707963267948966,1.5707963267948966,0.1479827513564997,-0.2135011802728961
31,-0.4117662683317119,1.8980864664016512,1.5136621011693825,1.037384179655894,-0.1999812063012183,-0.2437945325592716
21,-0.3349043656577748,1.60093387465065,1.4516191715982298,1.6543009047525,0.1999510135171923,0.0160373548360971
0,-0.0777777777777776,0.35,1.5707963267948966,1.5707963267948966,0.1994508462489837,-0.3960369384433966
35,-0.5907823046380041,1.6504075545216106,0.9279351408773716,0.9014762635164526,-0.1999999144159707,0.0687285885531509
0,0.1000000000000001,0.2833333333333333,1.5707963267948966,1.5707963267948966,0.1265162759783968,-0.3828280666888969
49,-1.0686769503397815,0.6711643984920188,1.9802497449007368,0.952476607047865,0.2000000099018967,0.4636877833719066
25,-0.3751101613347345,1.8587856140634735,1.2915798808124404,1.5218060185476598,0.1999406590842442,-0.252835730880465
41,-0.9534884684570246,1.183840032862846,0.5852543602852929,1.2645591182321,-0.1999999080594497,0.4563744919272187
42,-0.9187880580072478,1.2177089038393538,0.653583564325013,1.1511773975548176,-0.2000000099569541,0.1763780050761404
5,0.0173485547422909,0.1802801989234801,2.262929075458322,1.5171728924969483,0.1999850028547745,0.0912068514838147
12,-0.2210259188704317,0.8960747370536757,1.7785288775947432,1.998522950174065,0.1995739131172672,-0.2283159198827708
48,-1.026412257076012,0.822190595331888,1.1680945912983756,1.340495799336983,-0.2000000099783964,0.7407859624260572
6,-0.0945975015217422,0.2803800527806404,2.137821872967613,1.6009577617081727,0.199913375849472,-0.0198388404681219
46,-1.0551390688402482,0.8032829753142259,1.397511606165443,1.394721739560005,-0.1618189782976631,0.2284541557425419
24,-0.3730938798084243,1.9284092262759,1.1803130554643015,1.4950371401376947,0.1997695928693503,-0.0301383595034652
45,-1.0209013183754974,0.8361174087425925,1.236900412059673,1.4084747657384002,-0.1999999626696829,0.3264154156321394
1,-0.0344343985342367,0.1071409086659984,1.700834916034017,1.5142826945749523,-0.0289970226865916,0.465232920658098
9,0.026155584450846,0.5653952767039527,2.2834608229484896,1.9303987661460056,0.1999769610603583,-0.1668021718922643
22,-0.2813905669493908,1.6767710371974207,1.545540832975183,1.7618304701120402,0.1999840126818816,-0.4083990274291832
20,-0.3407232659814158,1.4773481116922558,1.488530141362224,1.661914825288361,0.2000000096188728,-0.5678357997088528
4,-0.057344977162525,0.0934106882111604,2.1090303967383246,1.3657121693851426,0.1452985166829883,-0.0417105264222558
22,-0.3901664583099701,1.6571031027128087,1.4438309791174273,1.5814382310588957,0.0693519148378646,-0.1336640917092331
37,-0.7816598310669607,1.389780168007859,0.834825531640325,0.8846967848690891,-0.2000000082552248,0.1363722293569567
0,-0.0777777777777776,0.3277777777777778,1.5707963267948966,1.5707963267948966,-0.178447500269946,0.1018413723937474
38,-0.8046096661721662,1.416968125607276,0.7543201365734664,0.93822211416375,-0.1999998806020814,-0.1579794017560255
12,-0.200833956910675,0.8454441523530625,1.7611245783653595,1.9102894383336315,0.1999198221795778,0.012154653340479
19,-0.3680914645062763,1.4052062824631557,1.4690264808893725,1.677999829906112,0.199998996224774,-0.1577829147447068
19,-0.3895440843297259,1.493423939838861,1.5407876605775694,1.6847077262577237,0.1998891140171882,-0.0895520510957178
1,-0.0337446554927551,0.1762005736631528,1.6984974900868277,1.5228200602803192,-0.1898547006140291,-0.1112466218404971
7,-0.064511919724158,0.35729216108765,2.176766292252813,1.8170782516964588,0.1999723632606252,-0.1139615665256142
0,-0.0777777777777776,0.2166666666666666,1.5707963267948966,1.5707963267948966,0.1999402739304818,-0.1524899648880527
31,-0.418604436386349,1.958924341261311,1.5345019596305232,1.061988541487467,-0.1999984759096157,-0.3797473614126686
16,-0.3380338371041027,1.1876248751950242,1.6245933110502104,1.7543433862321192,0.1999680999896217,-0.2102725417714264
14,-0.226439263695826,0.8921722039103767,1.7343352446940283,1.9362481237742288,0.2000000099496398,-0.1613883535787932
5,0.0607716040745239,0.3601922080856044,2.1674896786597118,1.4584786664995144,0.1999257718063007,0.195270432936746
8,-0.041505586231068,0.4082788972924142,2.137728127264034,2.059124597534927,0.1996443230280457,-0.4330360291296327
47,-1.0419649805093774,0.9070553512172872,1.1736678975310664,1.426123031131714,-0.2000000099803007,0.3479769523549342
14,-0.2883361514306281,1.021391824606004,1.6699126745250563,1.8556325965720644,0.1999732967144183,-0.0880772377439146
5,-0.1030909411603361,0.3072529886706988,1.585441538193498,1.499978130205603,-0.0527780261966884,0.4659540831512331
20,-0.3184830057397996,1.5182759806840471,1.6769435116234357,1.7378978140125323,0.0350645903264043,-0.2016032036700123
31,-0.3930989699259545,1.8913570901832653,1.4999271715667586,1.559208412137379,-0.2000000099442173,0.2599732373971573
31,-0.3830901352178726,1.9825406901267333,1.3612532886352875,1.281315581029506,0.0576629225725328,0.3102840515132685
19,-0.3860481438263732,1.3754649560192502,1.588485107817922,1.700183551144391,0.2000000099929285,-0.0871197169057509
9,-0.0015460547494672,0.6082062504401328,2.192601666846548,2.0030097878379136,0.1999773098497689,-0.166283851325353
46,-1.02299076936859,0.8095306650709923,1.229691463583384,1.3540025878302409,-0.109048509965218,0.4296576706434152
46,-1.0379330472222776,0.753988690042788,1.4130019518223147,1.294384676467393,-0.2000000098415493,0.2217952403828402
34,-0.559811196999568,1.6800851066362446,1.0819838484171216,0.8955882399459516,-0.19999532059637,-0.1400127250129596
24,-0.3810438022849051,1.8729293478067777,1.3169468949225287,1.5394648851417891,-0.0165326739660291,-0.2233208742308047
31,-0.3738267071783389,1.948640425293956,1.4642226854946951,1.0677578219879866,-0.1999999328345399,-0.2721485713580394
39,-0.8361637780293745,1.4105719982025129,0.8364650356259684,0.9562614866666704,-0.1235033506874794,-0.2438757026505741
17,-0.3544215392543478,1.2474037434159213,1.5708005764914996,1.692748660311377,0.199990007895579,0.0995613843540111
16,-0.3305995563079192,1.2111509726601788,1.6315052705493311,1.77294628729431,0.1999651428158581,-0.2498348128495491
10,-0.14646328280118,0.5550968831168446,1.7746706763890128,1.9600088560136288,0.1999745829585689,0.1251852107156668
23,-0.3386464404357674,1.6762521034811744,1.4232114861395695,1.6372038354512377,0.1999830296903613,-0.2574118045674782
8,0.0318696803444355,0.4396602051741535,2.2137018452074866,1.8748319023588969,0.199975326010168,-0.0554822490959606
33,-0.533193527211521,1.7106360064146953,1.1656244034555296,0.9111521522349788,-0.1999487704708677,-0.0186750312720002
24,-0.3452092096692657,1.8430491545935035,1.234307107576404,1.5412430089624094,0.1999578589944874,0.0067454843375298
20,-0.3779305611266745,1.5409777128518487,1.4881195622172694,1.6473747790984086,0.0641020689329092,-0.0376230673883852
32,-0.4584374274843164,1.7706607321367247,1.3527863594379763,0.9419257922393678,-0.0604680602764193,-0.4788037099627792
4,0.0399251582995905,0.1139880896414341,2.028209571787391,1.25006240753458,0.1999280099145481,0.3799957227612167
5,0.0554644865671297,0.2583658700270426,1.5536103854563574,1.5753031394927304,0.0420349691014081,0.6427080328810122
36,-0.6916063649918943,1.5456634271482452,0.9328076257289628,0.8528627451446225,-0.1996499343944873,-0.0678253914888035
6,0.0366506109197945,0.2544181156602568,2.211230973639209,1.5082078701611354,0.1999707242083968,0.1472414991172485
29,-0.3274992750622167,2.046361928016527,1.469171260544334,1.1831221880129263,-0.1999807283513985,0.0310167789379098
36,-0.6673467588845741,1.556859644213623,0.9647774043628278,0.8619058950690626,-0.1999998964759809,-0.257013461377687
44,-0.9421580654922922,1.1220208753024037,0.7578842054610726,1.0846962924834544,-0.2000000099879259,-0.0415641693388446
2,-0.076244499138928,0.3755190177445566,1.902180374660764,1.4799945494069566,-0.0602553459382998,0.0719449725330405
17,-0.3053174814881556,1.1972371217326818,1.60035336116818,1.7498349837748353,0.200000009960833,0.1851673978982296
12,-0.1873884753812557,0.706077711127741,1.768637348958526,1.9119176318254223,0.2000000099584085,0.0924298302056117
3,-0.061290791264947,0.0965642515724633,1.9589707563307623,1.3673744243264985,-0.0731562510036724,0.3360954205754919
24,-0.4013863145775412,1.7895975961214812,1.4942449583348374,1.584816785694816,0.2000000042965302,-0.5409908375067183
48,-1.0401578128521507,0.7589909139287698,1.2495873431351523,1.349127734457674,-0.2000000099956076,0.6510098664646515
20,-0.3261315059215148,1.5179636885147647,1.492108025648866,1.6981379603692413,0.1752718393315107,0.036113767253478
8,-0.0026750946005525,0.4915928992356153,2.2318051988866667,1.9721573080642527,0.1999606754625888,-0.2117448302638604
43,-0.9804356988936416,1.0033152265044922,0.8614075976100306,1.2552087137440455,-0.2000000057760931,0.3203100528168592
40,-0.861817524133546,1.3419160623478328,0.6693938478583341,0.9961953429591708,0.2000000098414255,0.2245853573309245
11,-0.1792101694210405,0.6968306368145538,1.84820440138248,1.9599891563445824,0.1999861163156558,-0.1778828872703968
1,0.0085299340564053,0.1400579796152977,1.7203003327038626,1.4928337634235846,-0.1999627641271283,0.2987481174341836
3,-0.0643560061950257,0.1782419239376028,1.9353069135637364,1.3545602671003547,-0.1695555637383043,0.1270957753796143
16,-0.3453720118470728,1.7200052546454216,1.3416060481069272,1.6070176481604717,0.1998115446426047,0.0617018345487558
49,-1.0986543757561524,0.642621600787864,1.8112952346589903,1.083673110141553,0.2000000099929323,4.833529759052435
43,-0.9831756729902508,0.9795358964364678,0.9729821542885642,1.351100587015654,0.1999994988366799,0.3128963217711962
8,-0.061184943619714,0.4105718131735756,2.134883628287588,1.977405312275928,0.1998519767907899,-0.3982525912272511
48,-1.0891998610670088,0.617531752974391,1.872156293192182,1.042642174270528,0.0327070319972057,0.1436922409459337
36,-0.7178769483254707,1.4653952503811138,0.9077327037837843,0.8607959319220992,-0.2000000090474432,-0.0207305410390775
19,-0.3200463689663327,1.403942138815763,1.5769088054683549,1.7011027277826207,0.2000000099934639,0.2727739550314231
13,-0.2077442301048699,0.8189532351591374,1.7131625721838812,1.9239661409819104,0.200000009960809,0.1183767426808718
28,-0.3907246965641482,1.9422714151761609,1.4233485451575856,1.2352218448948642,0.1002617035066516,0.103618642627285
25,-0.374154758211352,1.8819430124668803,1.2373049979536086,1.5636526159835809,0.1998802190519824,-0.2085758820330527
26,-0.3518498238769234,2.1167373275641967,1.2073819498207907,1.4409108425622716,0.2000000099765867,0.2096206451497103
4,-0.0527571840016087,0.3665315564585049,2.127342731752668,1.411270700617812,0.1998429671755102,0.2552083046070491
33,-0.5054148799719301,1.7399062492632524,1.118506784336184,0.9383305840611792,-0.1999837368172936,-0.0459429693544058
31,-0.4101197790023914,1.8423386841101617,1.4573921310391764,1.0270879033471545,-0.1999920413180502,-0.3521279563581922
10,-0.0910541022192748,0.5869385729053231,1.93488692591456,2.0751810772084585,0.1999686756431832,-0.0805066239891542
1,-0.0332618987895154,0.2636720743096296,1.582207516271036,1.5681246363538452,-0.1995500218939871,0.4307210787058311
20,-0.3724510407086961,1.5923718885930511,1.4656341979887824,1.6339088639093469,-0.0475072054627799,0.0570307893749127
32,-0.4606827348225959,1.823117108509393,1.433108528952047,0.950500919653718,-0.1999899157745245,-0.5369577737531723
44,-1.009188159467492,1.0387755973709758,0.9925066764142852,1.320486109364952,-0.2000000099520895,0.1275377998178267
30,-0.3967730611784155,1.9151042212576197,1.504795723655496,1.1200374391985928,-0.1999488508608567,-0.0119664972348356
23,-0.3836264097417875,1.6575984328518796,1.437231403836284,1.5938996479297725,0.1762912540225416,-0.2063870015985968
34,-0.5681066460886814,1.6999371958453535,1.0331454771247248,0.8149407597690665,0.2000000095912694,0.0049831474262434
3,0.0799630697050638,0.3148710892836699,1.9581087614086008,1.4726967373944069,-0.1596727335747967,0.1098100007654441
44,-0.9640346018249276,1.0446681035666112,1.0022288431420776,1.2762010723883823,-0.2000000099510158,0.2746233595406495
19,-0.398689238561594,1.4177134472079065,1.5439331057157857,1.6582909786522324,0.1998775444168991,-0.0713293721914679
44,-0.9905089695829746,1.0955889763655031,0.9205395924535136,1.267946971818925,-0.2000000099289728,0.156339337525526
18,-0.3633229065736834,1.4418829387841157,1.5251314463701586,1.7016558267536648,0.1516536869117033,0.0121066661392838
19,-0.3955114459568987,1.3466587312728089,1.6910186233606677,1.790339392908512,0.2000000099760782,-0.4576355909509644
14,-0.2526246257824471,0.9571352665709014,1.6721465150502066,1.8791454183411704,0.1999678275498177,0.0639052227422657
39,-0.8149111404410686,1.438610947545519,0.7305330420520644,0.8587799173241314,-0.2000000099081309,-0.2402646574436245
21,-0.2913141865265742,1.7143510919538776,1.4234383488681654,1.69718522311715,0.1999071633636316,-0.0916050129659157
1,0.0549845145965459,0.2915766338891544,1.5042705874039628,1.582770157261249,-0.199825032448582,0.293945522554968
4,0.0771512578050378,0.3033436883800686,1.5391495759275298,1.568331829676046,-0.0728989232999318,0.5866614738601954
26,-0.3183087547296537,2.057095683392108,1.4850678714599947,1.1870779149987334,-0.1829937307191751,-0.0211208259064043
30,-0.3636320592196655,2.0417445511392893,1.3727328600969653,1.294106770570688,-0.1999999290943905,0.2470444300916527
2,0.0220674779532295,0.0540894250380243,1.8789117346194129,1.3554355299821756,-0.1436760015532408,0.3265334140441656
29,-0.3884827661842617,2.057970689399871,1.5379310148444514,1.2024364394334446,-0.177120718689944,-0.5074938443260326
19,-0.3597671999609513,1.3130019421134518,1.5951299789038045,1.6742358223636509,0.200000009996909,-0.0186250939206815
6,-0.0084374259911562,0.2227404074773787,2.270282791056905,1.7144289013256473,0.1999082708951787,-0.0691322428739356
44,-0.9876953390644572,0.9551672367092116,1.0226212116566042,1.3619605536086743,0.1056904301122103,0.354220892035835
3,-0.0465111988127184,0.0763425593579882,2.017843798795018,1.274470612557743,0.0176132113870716,0.2020002936801204
33,-0.5153116474408375,1.7421524602080172,1.1422645131637292,0.9134357743396764,-0.1999963746983589,-0.1172087384226081
8,-0.0769401071982306,0.3449651138214515,1.9553586515274384,1.446091084068924,0.2000000099591057,0.0957635776739835
6,-0.0080649221312431,0.2516039369090179,2.251905974992786,1.6501840750023329,0.1999436457246138,-0.0111299842835169
0,0.0777777777777779,0.15,1.5707963267948966,1.5707963267948966,0.1996056490821235,-0.2758509773550067
15,-0.3051377010946869,1.02085642349388,1.6747937398639063,1.8669450745260685,0.1999878824382087,-0.1737722663151707
16,-0.2916252865619814,1.1175540524224536,1.6140744994070868,1.7577467473406267,0.2000000099456929,0.1983299129210343
3,0.0539607107372803,0.1815181371995347,2.0267294059183936,1.3875391384674962,0.0597718802057351,0.174547681163375
44,-1.0159452803069084,0.8636959547182679,1.1667172643988084,1.407659653829226,-0.1215629941365652,0.4505711219415108
37,-0.7610758912971367,1.4977845847186355,0.7950527826931815,0.8183106577690167,-0.2000000098079829,-0.156403036101784
22,-0.3676485684482016,1.6884562403628656,1.427341709816412,1.5749512514557873,0.1999061889727374,-0.1042631912411401
24,-0.3754860164923077,1.7572839110389935,1.25568002227875,1.5521599173321154,0.1999620215800258,-0.1853081901962519
41,-0.9416191995261396,1.1175984671202344,0.7499438124385218,1.2086920467435929,-0.1769595754000624,0.4679796656655563
0,-0.0999999999999998,0.3277777777777778,1.5707963267948966,1.5707963267948966,0.0787592040528488,-0.3182789076510651
12,-0.1277143667982158,0.7620962986743282,1.865074546892856,2.077772199868865,0.199994574597951,-0.1267715382795058
1,0.0556614067834563,0.1928219407598471,1.6046377355840544,1.5610286387465515,-0.1998826830600804,0.2426219169668999
1,0.0778901634637679,0.310597622274254,1.6985082934286932,1.5295509404447882,0.0938764177740131,-0.3489126593671836
10,-0.068447482147995,0.5769750414179904,2.04125223408011,2.0382912893752136,0.1999816953488236,-0.2116695653749007
30,-0.4233086820387342,1.869953783744608,1.4846216487374644,1.0567491231052284,-0.1999639829134905,-0.1546830556755213
26,-0.3153345905343198,2.0375930048374924,1.20021136949328,1.3850917288725495,0.1999165276194399,0.4064472044675126
28,-0.3569774812235169,1.945919664074537,1.4649233604457716,1.1722317214668363,0.0089860691029135,0.1653157512348932
40,-0.8747425288566036,1.2478278129146068,0.8439353006568293,1.0584610007922512,-0.199999990448515,0.1769396923059352
6,-0.0278523852699045,0.1909604109260632,2.2671337919917445,1.553126580462852,0.1999890586580998,-0.0610900001473917
47,-1.0363760578588508,0.745368565799837,2.404117536791836,1.229753608240924,-0.2000000098901495,-0.1860022000326389
27,-0.3410516033064041,2.119015818826864,1.3403670723226409,1.3194828880509124,-0.1998307067450149,0.0624392581947505
42,-0.9188214020666966,1.2473067129507671,0.87862474533264,1.182736591785905,-0.2000000099269484,0.0315438582345873
37,-0.7321939840090632,1.437741803702652,0.9039310301330428,0.8598040658416738,0.2000000091537402,0.1934874539304349
49,-1.0629180270963976,0.6918146012003364,1.4080114821579794,1.315941690293552,-0.027419520841194,1.19531995053776
33,-0.5125899585737412,1.743331372654305,1.2123136949238589,0.9051321038992688,-0.1995555104441468,-0.1860239992752619
31,-0.4483666317962391,1.9412011345273767,1.380661674835954,1.576832583718366,-0.2000000098807453,0.0776234791612754
23,-0.3927131311272969,1.8015289813599824,1.3570807660606246,1.5597992360571484,0.1544739576335206,0.0069117582515916
25,-0.3575954850016123,1.9390668034067835,1.2213256432238158,1.4992673469379325,0.1999259836575204,-0.1203707968655495
48,-1.025306557039212,0.7182018039010997,2.241811254122529,1.128212609743766,-0.1122497613061653,0.0074176892774426
40,-0.8920669503446104,1.2226239292573708,0.903132519548084,1.0589773785541106,-0.1999999005740363,-0.1571370188156114
29,-0.3677626454765963,1.984168550267712,1.4900028838956294,1.2018748939002042,0.018339433700138,0.0322168203990742
3,0.0474403857915589,0.2085843222230069,1.8633625778045992,1.3864201460942542,-0.1979218509916002,0.2987380037736732
23,-0.3874051753020865,1.7021478161769776,1.3950747615334134,1.577373718945904,0.1279874137517759,-0.1666865313726318
37,-0.6731180508942552,1.512072151372718,0.9736533621933798,0.931658294372393,-0.1999999794621824,0.1159243017568542
22,-0.3817726060359763,1.629169197889802,1.4765185320146843,1.6282673021320109,0.0936877604760612,-0.1307683277483102
7,-0.0582909459889588,0.3004239988786942,2.218977758508613,1.748958724529463,0.1999647350391951,-0.148438212269888
35,-0.6070886179210728,1.6247905965661515,1.0355415614929535,0.9051465506329696,-0.1999999908119706,-0.3067756280572379
27,-0.3068168547545212,2.100626382601536,1.2860524068262915,1.3113879139832652,-0.0161759712774635,0.3434528135463819
19,-0.3924219044735395,1.4262295665387692,1.5472502867367606,1.6875335487836185,0.1999204453745698,-0.0396263186441466
22,-0.3438406221973578,1.6624905896932385,1.4210137958314757,1.6269347298100578,0.1999161682647276,-0.1712655545040075
28,-0.3572624201176005,2.0671537499490182,1.3870572979238371,1.2983540039989268,-0.1406624108402273,0.0037934780636593
9,-0.0214064072826127,0.4866253060422371,2.1604255671289305,1.917190958099348,0.1999702057996239,-0.1088267149224707
32,-0.480753094837558,1.8029122389129035,1.3461632057634545,0.9023613696226244,-0.1314723260845747,-0.4209527381463603
34,-0.573673209525055,1.662087596993926,1.0769491116835503,0.8728758204284075,-0.0994643211841778,-0.2984714170207036
49,-1.0384354904071522,0.6918763672312871,1.6313877078380925,1.2681700478469329,0.0892366207534404,0.9621378688094152
39,-0.8554143576303334,1.2887309637489668,0.8264085242464096,1.0012670634758631,-0.1999994684883123,-0.1175412508770603
49,-1.042116708183851,0.6833276013185876,1.8768982226636748,1.1468253203314622,0.2000000099813334,0.5408046116415183
36,-0.6563647953326621,1.5268757442639302,0.91231889749435,0.8676599824839072,-0.200000007402838,0.0582103625506645
26,-0.3442921493563745,2.03561579178513,1.225876103216086,1.38396209772383,0.1710648755069358,0.2757229770625036
11,-0.1187928537980909,0.6879229210167906,1.860950687029634,2.047787471114956,0.1999928242496061,0.0012547678169679
28,-0.3695836073519758,2.1022447078611903,1.492985558756862,1.2670230834024596,-0.200000009662011,-0.4409822676481845
22,-0.3623661593588823,1.6512971813475252,1.3654432269420962,1.6351631873822017,0.1998814732982992,-0.2642878701134613
47,-1.0264632957399442,0.7937107612887653,1.5700536602254251,1.351267756967346,-0.2000000099707775,0.0892729452179548
3,-0.0662707064057405,0.1043878211238336,2.033191776708165,1.309543913732172,-0.0117712498588252,0.166974262486563
19,-0.3783251988959943,1.4433062212692502,1.5339819500830512,1.6646916773372396,0.1998994739021367,-0.1155014656316854
1,-0.0345787226335016,0.0995322242059853,1.6916925246503691,1.5159975268906185,-0.0978763821735214,0.0081002898624593
15,-0.2830552463676981,1.0132815086203817,1.689701632657323,1.8405885764992151,0.1999914438548161,-0.2076265659032817
7,-0.0999290955370741,0.262577408302415,2.140851893523012,1.7212876948029263,0.1999334590885106,-0.1427314308918452
17,-0.3425238970798355,1.3159709200559169,1.5947616613146405,1.7429988313571771,0.1999651725931043,-0.01573305015474
44,-1.0040942078234705,0.8687972545414454,1.1569225760784487,1.4049562432310585,0.1184713593513233,0.4510199427831229
38,-0.8610805575203306,1.384754049069945,0.6631486872818808,0.9202671601177992,-0.1996432439928853,-0.2379658758291677
10,-0.0506879776705745,0.5776015112347308,2.054676433154617,2.0359954055240244,0.1999859628729583,-0.1251455418852204
10,-0.1395724774406738,0.5567666284668109,1.8743464658644533,2.0684718164862312,0.1999765174999885,-0.196503667694374
12,-0.1890982574534784,0.796849603769428,1.803475567200456,1.9711686287000207,0.1999729457859267,-0.1475679036299339
48,-1.0718789808122844,0.6992306230519766,1.6534321876850466,1.277130716658858,-0.200000009973161,0.2528226315936341
24,-0.3755497668619754,1.898829563431887,1.260186201953564,1.4809037250907986,0.1422242506983712,-0.141489649390015
6,0.015566155426714,0.2766094334099744,2.2669181200352053,1.515129517043919,0.1999590406089542,0.0659436282481487
2,-0.0556157532976607,0.3036535900660866,1.5705914023008685,1.5694470481384168,-0.1336079427854554,0.4784554414987
9,-0.1042074200017883,0.4905713675979904,1.883699351051126,2.0028284487206287,0.1999728684844799,0.0333482918146876
32,-0.4710582518561207,1.7921376192340357,1.2461259224421233,0.9326072507403296,-0.1999639174301374,-0.3925225402399103
21,-0.3405031910484856,1.6329419316762537,1.4570844853904583,1.6386348708602867,0.1999469503329194,0.0055781166260626
1,-0.0553756782910563,0.3658420150115793,1.643500299253736,1.549060752657462,-0.1994993312068297,0.3293265963511503
11,0.0770021983699196,0.6330190915734922,2.0777697610345225,1.7335051795977368,0.2000000099691022,0.1894151442192953
34,-0.5293910971314105,1.7464209240115685,1.0701017352428774,0.8183586279066879,0.2000000098202229,-0.2687074224596287
34,-0.5654573129689966,1.633509377009858,1.056163833537374,0.8784529301974624,0.2000000061520793,0.1093735156178103
16,-0.341266552051548,1.2243226016082374,1.6192776980486254,1.7526793784415318,0.199987404226439,-0.2166370276696499
14,-0.2884364061043693,0.9467171009311034,1.646527520155375,1.8363258263044324,0.1860363346095047,-0.0422597412965205
23,-0.3735620463228715,1.7806124980062574,1.2922399562454847,1.551277975109573,0.1999454654591049,-0.0479372461700444
10,-0.1170074879797639,0.5476425119889937,1.8873124281552176,2.0264430724088767,0.1999883445442106,-0.0281372270079792
31,-0.463622503418008,1.816006367523665,1.2666976610806326,0.8816557907866978,-0.0232759827830582,-0.4491668021954325
37,-0.699261632625782,1.5588320276397707,0.8535252893951277,0.8036849171237145,-0.2000000097405743,-0.1207986844887971
15,-0.3232427351342755,1.1157859849667362,1.6098761798613546,1.7611938870701056,0.1999927953087882,0.0224045406692366
8,-0.0987242904912841,0.4573233046846625,1.614996583261762,1.551171692323766,0.1979708917742046,0.5111075121888816
1,0.0332363375890806,0.2251507147862504,1.6108024987068514,1.5562170537306266,0.1995018253196656,-0.0776795544597552
21,-0.3859130378646113,1.5873113708603224,1.4706585752454142,1.609840847908473,0.1998112052648001,0.0545147503720083
38,-0.8103278043339733,1.3567473838996402,0.8230457502093653,0.960571115619116,-0.1999875154180408,0.0985706471713162
40,-0.8921357710564473,1.2176456781231586,0.9403776112896782,1.045664278532206,-0.1559739889101605,-0.2296021157105326
32,-0.4548279712546649,1.7748582879017067,1.3518931391325335,0.9453976578556832,-0.0671461023088069,-0.4770079596840159
26,-0.3481356528909027,2.1219328153233508,1.2174528698113305,1.4289782198637824,0.2000000098175498,0.1183328099761655
42,-0.9450630039146144,1.0991734311999417,0.875391018637691,1.2046345019310225,-0.1999999767098877,0.3150810213340498
37,-0.7327506667782622,1.4595043448610951,0.8831377523627619,0.9188435745376988,-0.1999999087474413,-0.1990070400020969
41,-0.7526550565553312,1.4109820110261369,0.8590728515380622,0.8882574270343058,-0.2000000099685074,-0.0636680399241477
10,-0.1861505952373139,0.6325313999171734,1.7961503537979464,2.005169912017624,0.1999359092762674,-0.140078586616914
23,-0.3826321873357463,1.6377207786813142,1.4244465763357024,1.607440256072507,0.1998829570912585,-0.3162522067340873
5,-0.0557461520760437,0.3217708128606639,2.11904114133412,1.3798848799377703,0.1996031134323138,0.269001080407742
47,-1.0315289061870334,0.7780056275614665,1.579270496689078,1.3013593631197482,-0.2000000099946825,0.0905391593933299
1,0.0775370321180049,0.2559739797210568,1.5266102040794234,1.5818313143346865,-0.1993423376191184,0.036457991703434
22,-0.3793173732408645,1.630625594293731,1.4529241184380393,1.611058030688793,0.1469782290072773,-0.1394317006001398
1,0.0326938246395478,0.250541898903807,1.6733819926765303,1.5287702146559474,-0.1998853786246004,0.3268965232835566
13,-0.2821578472911285,1.0846206092491264,1.6998278322306015,1.905659849652568,0.1999367411905097,-0.431339323064893
0,-0.0555555555555554,0.2166666666666666,1.5707963267948966,1.5707963267948966,0.1998113801917272,-0.1459848140978414
37,-0.8136917170966551,1.452902763338165,0.7152180830624442,0.8468285708445412,-0.2000000098799941,-0.0759690786534959
1,0.029591940942042,0.2308565353697255,1.7297999905872803,1.479008618848228,-0.0844579839828653,0.2752296004672493
30,-0.3684545556192039,2.008305732890666,1.4251877787199358,1.2743695018936594,-0.1999825806774478,0.1964678348291769
22,-0.3793119189613066,1.672772841771927,1.3956340859320502,1.5932888955996296,0.1543716623594226,-0.1922075342357315
17,-0.3176088366009218,1.3185409973777302,1.5916749658670764,1.69665861957086,0.199942729297533,0.0675299643653101
43,-0.9846996588454948,1.1139429201626454,0.9042497845974308,1.2540312484107108,-0.2000000095164082,0.0579861988310443
11,-0.0690139692932333,0.7062951408738842,1.985576790818248,2.070764131536672,0.1999821788824157,-0.0930292039149391
3,-0.0748922432338167,0.3100302356040353,2.011568979420934,1.4618334759897804,-0.0886038736370377,0.2728429761188699
0,0.0555555555555556,0.2833333333333333,1.5707963267948966,1.5707963267948966,0.1425646116915318,-0.2481519194466702
13,-0.2497765718352625,0.8516996092971122,1.6760429526355605,1.8943999352095724,0.199989122363198,0.0429827543795421
45,-0.961343668240192,1.089713345448007,0.7967211055245738,1.1401041880958416,-0.2000000099922785,0.0916413665087893
29,-0.35548016159708,1.980002332286046,1.4842857169595105,1.0890204620184782,-0.0371584825496448,-0.0499481503361999
31,-0.4279511958783331,1.945766186656804,1.5129050063577036,1.0421646520428387,-0.1999669113205635,-0.3777778999045229
41,-0.9131260802970438,1.1862764367946168,0.7439770105457355,1.0867823414619746,-0.1999999904797618,0.2190416280106071
11,-0.1307193067917579,0.637931782983783,1.838223368921552,2.0156179660510087,0.1999962517731824,0.036109852072487
21,-0.3874905861279873,1.6039484212856334,1.464232672997985,1.6038460691832277,0.0581068808738812,-0.1534399078544701
0,0.0333333333333334,0.1722222222222222,1.5707963267948966,1.5707963267948966,-0.1999191914261852,0.4067251853888183
1,-0.0998533606039632,0.3611404593291409,1.6015962372210364,1.5627298358170858,0.1644823270820231,-0.3649825796310791
3,-0.0482829957716495,0.1508411969615038,1.972778798141752,1.2779192487396114,-0.0500483781671646,0.1041697336549024
7,0.0800251361586757,0.3310667301427549,2.2274387503486333,1.391910579590277,0.2000000099588149,-0.3646003663849698
8,-0.0150749611848875,0.4228549140171233,2.2109893086042742,1.7552469941999158,0.1999728098799297,-0.0672948752821375
0,-0.0999999999999998,0.3055555555555556,1.5707963267948966,1.5707963267948966,0.0265806366378914,-0.1149725398624993
17,-0.3199397416935838,1.3032368595790698,1.6397774769600968,1.7989225612549824,0.1999655596969677,-0.1527860214760354
34,-0.5707231745656327,1.6283090031705292,1.044235692420278,0.8765637658745504,0.0793023395095235,0.1409735767348543
9,-0.0744552489392124,0.5768119562858962,2.1815842222831714,1.6661656608840356,0.1999882967846384,-0.0849240186152329
11,-0.1433865578061341,0.6221085412230375,1.8415942723539207,1.9720928590150488,0.2000000099580385,0.045800285436021
12,-0.218692221338878,0.7187405001898908,1.7691900889065604,1.9771563380872883,0.1999991972287497,-0.2793858849586216
31,-0.3580361821556788,1.966574727253407,1.459588293978248,1.0417270531304086,-0.1999999210797993,-0.3983643432312453
26,-0.3102799416881119,2.0572025483371528,1.2097246731307845,1.375126189755565,0.1988548797148694,0.3973189109777107
20,-0.3411638634081833,1.4550590305850737,1.5150296008822064,1.7565101273347707,0.19844169719818,-0.0283746395239308
15,-0.1272034435516026,1.060496704534735,1.8878928163821795,2.035993628058424,0.2000000099546083,-0.126187770037739
28,-0.3449245182141207,2.044450162241234,1.3667756995202685,1.3052936754205438,-0.0406669161230281,0.294503963288094
7,-0.0996049031872108,0.3446103175802959,2.13142899523047,1.715425590321927,0.1998375630931676,-0.1043020601144928
28,-0.3425591288713845,2.073925833560426,1.4249394496149552,1.2894251896865174,-0.1953020446166226,0.071149539096292
31,-0.3859781849103997,1.963834659814697,1.3768221447851996,1.2782493149248355,-0.1999999468968787,0.229868494919423
21,-0.4087749494822816,1.5739347374551456,1.4982022392239909,1.6185009789830729,0.0822360933606899,-0.0474044508251027
41,-0.8341281315926471,1.3086973781475475,0.8063787771996598,0.9352391894006604,-0.20000000990859,-0.0281947339334162
1,-0.1010405848832195,0.2092342156489825,1.4309341172364096,1.600228913711178,0.1894228959539198,-0.1947851349293345
46,-1.035302657631898,0.7622034353017527,1.322449588385457,1.3810444189724311,0.0271238949724233,0.5136418166072425
32,-0.4702094741366958,1.8006120179274778,1.3363591923708884,0.9142711258559578,-0.1640259736009945,-0.5108347071866893
31,-0.397050706283698,1.9096193259545424,1.4298268082228045,0.9904741012340422,-0.1999775336996156,-0.3640435187127072
19,-0.3303686970304192,1.3845940964189074,1.577968598404203,1.6611053854169733,0.2000000099482704,0.27835716619684
40,-0.7350060751867086,1.4241438944691525,0.9378145086255412,0.9545418542923528,-0.2000000097764954,-0.1193268118706283
49,-1.049508935581332,0.8051402499405247,1.1571850712087492,1.3550393583024465,-0.2000000096559351,1.711665927284016
36,-0.6283273588594823,1.6324580738286594,0.9304199116912226,0.8124557370494017,-0.2000000090128042,-0.2463153233575428
42,-0.9703137221231256,1.0512064781358368,0.9840667140881854,1.2888970277608982,-0.1999999811723521,0.319117072778751
40,-0.8624549343229059,1.2678682754318598,0.8344776826587061,1.0462925109282435,-0.1999999872346297,0.1987072718855746
49,-1.0578301000839463,0.6856501314343627,1.3963999162104468,1.2962804552213043,-0.0400873347408239,1.2356432528795784
20,-0.3816751278039778,1.5062597913823108,1.5288708778705935,1.670922376799189,0.1331426003637653,-0.0452066056934211
28,-0.2872234381992312,2.163812187945908,1.2712725783374648,1.3128849825647986,-0.1008717822061386,0.3430735500094989
28,-0.3626090220742669,2.0407155005808355,1.1852814751353602,1.3785347464050557,0.1945064374140968,0.4345869664004358
29,-0.39448477830253,1.8812314887740549,1.473523979136024,1.0686846900552185,0.1999968097983317,0.0941494400914844
4,-0.0625913043534298,0.0974081399656695,2.069049843647752,1.3139128067622152,0.0454186919305076,0.2802237422399721
19,-0.2149299678774539,1.387711836531395,1.6620864803579192,1.9008249938250217,0.2000000099720096,0.2877653135340303
3,-0.0931102650316058,0.1075594778022807,1.8350296610856096,1.3461017382593388,-0.1549375181318865,0.3039868555491462
4,0.0288936466204313,0.2843290070410804,2.110175550976072,1.33106687059949,0.1990850403687758,0.1766592983365262
1,0.0778189427092593,0.325006214352517,1.5846723365273814,1.56675790132144,-0.0266100228564785,-0.2735828154325474
20,-0.3618518720977475,1.5322199640321303,1.5074920710730426,1.6691938869822938,0.0173583830915037,-0.0511055293827153
24,-0.3955003128297867,1.6666904214509952,1.4935540864851813,1.6230896844843925,0.1999943675605755,-0.1611642054396894
29,-0.3823951790012324,1.9069618424392203,1.469270502277885,1.0889067026896255,0.1904772408381395,0.0548516003758714
8,-0.0684104528683714,0.3182973731214372,2.1199285062637667,1.814207905907159,0.2000000099555915,-0.4292604355813957
18,-0.3367924164534062,1.400788476796058,1.6308135443209453,1.7213708484383097,0.192596499626772,-0.1377309014293064
2,0.0006709351515967,0.0491743938995505,1.9702453027155733,1.3215617270523272,-0.0658193383018546,0.1916600594110523
17,-0.2889625934265723,1.265906881459911,1.6140752593663077,1.7757229432257504,0.1999753442745729,0.1168920180925828
8,-0.0658461654067414,0.5816902615729248,2.189711747211994,1.829675046434764,0.1999432969414927,-0.2245181392064966
17,-0.3156510309264026,1.166873332670374,1.6214476647463183,1.7815268640736526,0.2000000099663255,-0.037253531787922
18,-0.3279687413801754,1.3483688819162072,1.6334182756520716,1.7417813224199468,0.1998489654543095,-0.1937341128942797
28,-0.3779687776120449,1.981879052267063,1.3938232577082257,1.2701147130119823,0.0588682767882908,0.0894320621633937
9,-0.0930142533488011,0.4818308280446075,1.9234739104893543,1.9988824178595044,0.1999906749741901,0.0117931882458743
19,-0.3319171080811782,1.4005362177658929,1.5744577842440943,1.6582334989914616,0.2000000099934579,0.2845041951072121
9,-0.0976925504194985,0.4570527414032513,1.969956030198608,2.051515764767953,0.1999942409489727,-0.2500009974170281
2,0.0970185815084717,0.462359305434833,1.2831448386102933,1.602695281817329,-0.0570707311952673,0.0538570047728694
17,-0.3644999620330364,1.394775787998362,1.5897407392647604,1.7451274384414048,0.1981313201714815,-0.0477269505820065
34,-0.532004206775946,1.7258192143908355,1.2507440066572766,0.9388383008931308,-0.1999999102799898,-0.4304949508228664
20,-0.3594824928720098,1.5200906750810077,1.446314386083213,1.6651146337649851,0.1998800914525643,0.110079627592005
30,-0.3646667010970537,1.9391359456630808,1.4610216739263873,1.18772753923463,-0.1999996927314237,0.0406909198733811
2,-0.0373711896009383,0.1602922099267358,1.8614213774588448,1.425049414173641,-0.1997913298598134,0.1808510173522067
46,-1.026111112144914,0.799921260290507,1.2338529537108285,1.3567827136344952,-0.0886354177207085,0.3805511104454676
6,-0.0081010732670062,0.2315995942673963,2.202378840246473,1.488268955338323,0.1999690273289766,0.1015076477175686
32,-0.4575349033660293,1.835391205200139,1.4202307790627944,0.9671113950625246,-0.199875850266937,-0.4143061472533397
31,-0.384513900594996,1.9717803739733093,1.375774777555142,1.2760194034093948,0.0696964999261638,0.3088345215449402
36,-0.6437613035025582,1.5510958744523542,0.9332754212107996,0.8696572324459162,-0.2000000043132253,0.0048970531007419
41,-0.8804863936608573,1.237314866023147,0.8478721278395991,1.067551731867611,-0.1999999861605333,0.1607151557869946
25,-0.3620608495918493,1.9144940930877263,1.2633338976430086,1.4375312265418343,0.199935293327248,-0.0795403361236656
25,-0.3822570490666961,1.8844689885080887,1.2833701754596571,1.492626263530732,0.174536583633489,-0.245508251927407
48,-1.068918359415216,0.6715547400522631,1.710258818292294,1.087075061382015,-0.1525246904008507,0.2336441607256702
23,-0.3832756969452536,1.751478757029195,1.3814938003805022,1.5729751609365985,0.1401725952858795,-0.1082959979550007
2,-0.0030247140770817,0.1104672292161306,1.8717599819090704,1.3350753460368936,-0.1669851462829016,0.2670191585327919
41,-0.9039650423149928,1.3152478647485508,0.6702662530031542,1.0078042655834445,-0.2000000099543013,-0.0568120863748531
3,-0.0354991885494289,0.0883605838092502,2.013783902921949,1.172772845859502,0.0424501799772431,0.1464980014506937
19,-0.3606443379096413,1.5421716320546162,1.504315667846475,1.6742046649865383,0.1658684447691595,-0.2188657126614655
19,-0.3689941457371539,1.4019568265090945,1.533366817110453,1.680533363304075,0.1998634288647873,-0.139146416084573
5,-0.0575622499640055,0.2897211210666814,2.0641908730056624,1.373660675845654,0.199686128726948,0.3087500167348364
17,-0.206243389421618,1.1647576995692657,1.7079395922508578,1.943384552319146,0.200000009977455,0.1213297024293072
13,-0.2322954495288345,0.8399026240505065,1.7079739318415936,1.9386989065057885,0.1999767397033492,-0.0680491734652749
27,-0.3456134400343695,2.1057638241555683,1.2885860400882103,1.3346976997975366,-0.0419058076176713,0.2063824023892697
4,0.022393335403216,0.2258487667392481,2.0469560186055045,1.2833799511056343,0.1479603479677913,0.3373933895620802
9,-0.0555723984069447,0.4788631642917684,2.0955408374455318,2.011516512985213,0.1999818333976238,-0.2416669851817181
31,-0.4171328677411664,1.8685604434106828,1.4925638987359149,1.0986201650974567,-0.1999878471166526,-0.0977615899644977
44,-0.9828356497730556,0.9817976514347604,0.9675583290543894,1.3502852590554997,0.0007750259043283,0.4155233521939303
27,-0.3384345735651053,2.05997077852819,1.456324234585896,1.2922609066422837,-0.1996622640228463,0.087780965606889
36,-0.6687016673871303,1.52356714712101,0.9358199136939388,0.8803160946319347,-0.2000000054204508,0.0252374610399926
45,-1.0446953676211843,0.8739581320944068,1.170804382362638,1.4477222749603187,0.0479894696562704,0.3926988521017061
6,0.0383324723708271,0.2340062527911509,2.2516283924367766,1.6280732512266316,0.1999417865755519,0.0192538917166984
23,-0.3778696687063803,1.7134373945470187,1.4017590331521372,1.5884114961334586,0.1723106423943251,-0.1877516852024649
6,0.0837148615830149,0.3581147392805004,2.146731384768036,1.495277735690726,-0.0343622228043191,-0.0221222450011041
6,-0.0956856645069843,0.444311338150298,2.010240840786372,1.5026414781087625,0.1999247394149754,0.1490073043330972
1,0.033317539094671,0.3202691573959848,1.5830126898970942,1.5665185567629845,-0.1999169781607521,0.3870229398813345
47,-1.055498464547801,0.819013303283293,1.3434334705260138,1.4189920881354257,-0.2000000099058011,0.2438124744713389
12,-0.1320514377756826,0.7939056929786693,1.864572213230004,2.090466395588961,0.1999759286702191,-0.206793551780433
30,-0.3476423493769225,1.9828028965718545,1.4415829526868205,1.1906154016048072,-0.1999970035702829,0.0742209818735163
21,-0.4068386144768036,1.5755660791584143,1.4970167922463755,1.6106272659330791,0.1184028438887147,-0.0809874742111471
15,-0.2740526347687188,0.9849187320292132,1.6384395817902426,1.7736788251158502,0.2000000099933334,0.1849058185601148
0,0.0111111111111112,0.2611111111111111,1.5707963267948966,1.5707963267948966,-0.1999281040476795,0.3843946861724482
33,-0.4879112842101694,1.764497355139239,1.3561422238734109,0.9625675205433908,-0.2000000082529202,-0.0373528955286326
19,-0.360379009049213,1.306886592319516,1.595518530407224,1.6730126841650597,0.2000000099969079,-0.0264160909498003
16,-0.3437285030292223,1.179579095224156,1.6177830855038504,1.7322364623307425,0.1999615274133759,-0.1972661029879151
24,-0.3497133758416166,1.8415347547241443,1.268563919761453,1.4794658056643424,0.1999635005916396,-0.0065924086439964
3,0.050386535524795,0.2136620512742179,1.8569057817247248,1.4159772602088156,-0.1976702265678378,0.3071636606459723
29,-0.3532985926593692,2.015274460801441,1.530302221182751,1.222841631084196,-0.1378073931642652,0.0700231536280601
14,-0.2905714282020772,0.9823403270210608,1.669138134517942,1.844178251478462,0.1999877920266645,-0.0562844772756006
24,-0.3945092003661331,1.8091481436951755,1.3534135902908186,1.5580518412005262,0.1631141371822306,-0.157219985555144
5,-0.0548870270534898,0.146946333281929,2.085340101735464,1.1679579998742868,0.1995624667651167,0.1239283959617134
4,-0.0697667757579942,0.0932082246402411,2.0634356224458137,1.258193414286224,0.0930679951726901,0.2531296295954663
29,-0.3269454173898148,2.0390692465572187,1.487436936297689,1.1732088304894035,-0.1999726635985982,0.0115333281430023
27,-0.3507460845914939,2.089937069630809,1.243006260195051,1.3495927007210986,0.0603102519541356,0.205560645077686
0,0.0111111111111112,0.2833333333333333,1.5707963267948966,1.5707963267948966,-0.1997800309462382,0.3619618367486967
29,-0.3227096790591936,2.053783201886748,1.4823912131276469,1.1960808501937912,-0.1999735684861992,0.048895127804525
31,-0.3843880502821482,1.9735576271377573,1.376647767671619,1.272917178210253,0.060574709197782,0.3084116502436387
4,-0.0221123396399115,0.0761011023663792,2.1651095310833792,1.2505726776291486,0.178198430165776,0.1665589297009553
39,-0.6947445447424221,1.4746353019266234,0.9440776790168623,0.949297131580248,-0.2000000098530804,-0.1579775284746249
20,-0.3937572674199134,1.6437933328760808,1.4958522776749472,1.6359083245891457,-0.0308900624469726,0.2160029447350755
11,-0.1942736573296078,0.6110404160997193,1.7897593463447432,1.9540920260955537,0.2000000099931641,-0.1286827952873961
37,-0.7278992462540774,1.4364348496418955,0.92918994004396,0.9479540388259492,-0.1999985817930887,0.1263008337803078
3,-0.1065693198141826,0.1517929259600242,1.9026689311929204,1.3846900868470928,-0.199218305234103,0.2280734121042159
1,-0.0556774254490692,0.2997353070767328,1.7021381119873862,1.525186343502255,-0.0570567341392455,0.3298773834089695
26,-0.3423576985518983,2.069045115120458,1.2528235581826794,1.3556799905947647,0.0518491333760913,0.2851456052375153
9,-0.1252650053601809,0.6208931139831169,2.0185592199886866,1.915159195666055,0.199968063608819,-0.3206003958003853
21,-0.3736710090353015,1.520742346238955,1.5174886743214469,1.643977718714544,0.0682473407676101,-0.0798003811786395
35,-0.6459774682572159,1.6179357577887303,1.0012145316341168,0.8404469978696553,-0.1999997307721909,-0.3554061120341753
37,-0.7584013522150798,1.4648106611692608,0.8448831368835135,0.8449179324335702,-0.1985522287335425,0.0463671998848606
37,-0.7272489006776413,1.518368805369735,0.9091720409822348,0.8394565668918988,-0.1999998712922554,-0.2724265202875769
15,-0.2857303909869531,1.073131943045215,1.6562354351070263,1.8354875112233568,0.1999868045549619,-0.0720670193399459
17,-0.2899916151226286,1.2364305370190036,1.622037158454302,1.8387635030002687,0.1999761278557044,0.060057059581392
24,-0.4133086317275372,1.7186575689249752,1.497501959153686,1.5772820331643431,0.1999992783499306,-0.1402400409075531
33,-0.4461912978108001,1.8408384849468789,1.313120734938655,0.9008898036736916,-0.1184187611703006,-0.486442132065225
25,-0.343395939782216,2.103936435029665,1.280378316589866,1.3363030520904584,-0.0258526641557067,0.2083194860271479
38,-0.8206101486977595,1.4413904504232975,0.8449694226172308,0.9258165141043286,-0.0707669682663568,-0.2791479799469974
7,0.0268201134564045,0.3106385825130214,2.298320660785033,1.7573311193232952,0.1999771249573796,-0.0873091931252412
19,-0.3906205481366636,1.4760142168055486,1.5281767706063132,1.693260650963193,0.1999027977352654,-0.1497647689675407
2,0.0284115316616144,0.2687351430106704,1.8237416679647307,1.4317520788287204,-0.0508476876618817,0.1920048381931362
12,-0.070121389697455,0.7829223202122969,2.05518904764022,2.0594313005422507,0.1999818103701226,-0.3540920287470251
0,0.0111111111111112,0.2611111111111111,1.5707963267948966,1.5707963267948966,-0.1999281040476795,0.3843946861724482
20,-0.3831519283220105,1.554436209194239,1.482465793439422,1.6299456693545888,0.0509711853345774,-0.0266708299646546
28,-0.3379159810593908,2.1237989309547523,1.336020608493362,1.3176662853828105,-0.1999298084329447,0.0956891622308816
22,-0.3851206851495918,1.719883921117289,1.3739765557136874,1.5681022024956188,0.1231102653564949,-0.0158637672940738
35,-0.628969124086096,1.5949038865615708,0.9532450987633804,0.9168699957546664,-0.1999966686988888,0.1319197993077047
46,-1.0589128808056931,0.7691608476573343,1.4937002407994608,1.3797679758960513,-0.200000009584341,0.1126999367680917
1,-0.0998955008334813,0.3009147674212002,1.60936597088841,1.5594153433815587,0.1999100389353324,-0.3583308743265072
6,0.0589166291130803,0.2236269511964931,2.2071214700725417,1.4510491634100957,0.1999947938434268,-0.0060807546262942
38,-0.7858374250770586,1.3761693777264672,0.829470676430736,0.878224267994994,-0.2000000090724753,0.0029314958401247
29,-0.3637480924276472,1.963774650350588,1.4790292950954775,1.07587943020754,0.0379882072843596,-0.17284789648914
23,-0.3107328635964823,1.7603053821446983,1.368334879228149,1.6346291286862844,0.1999876887414056,-0.2312311059913349
36,-0.710613572528738,1.520079927462641,0.9102064722142869,0.8727932991825177,-0.199887398396944,0.0050750496067868
34,-0.5866895244778965,1.6246003712006092,0.9791982109334808,0.9237907726252418,-0.1999867571283176,0.0864266009282293
5,0.0403693024178171,0.1693744580546116,2.3541118959572653,1.6072370230016957,0.1999656673798021,-0.014671974471261
6,-0.0942562815846801,0.3342042769847154,2.1302891644325594,1.6387406215479332,0.0451370455993507,0.0912051367452313
24,-0.3768559740346182,1.7699482228952463,1.298038997014269,1.5147504480355312,0.1999795666577556,-0.0451195035232485
19,-0.3198909800305823,1.3899485830502318,1.5788900266077857,1.7013112314336556,0.200000009939452,0.2677260043419976
43,-0.9661113862101258,1.1142136444689754,0.7573739244708293,1.29880387893638,-0.2000000088140544,0.4685448667453996
14,-0.2957671599153014,0.947320767873332,1.6632326106217246,1.82256469404662,0.1999150355226831,-0.1878150009565679
45,-1.036581990194503,0.8980812301725338,1.13829388941196,1.4187090631253858,-0.1999999782517011,0.2968666690349492
6,0.0777167826051474,0.3851202734191848,1.7249586256828646,1.515664885700151,-0.1072799520199208,0.4783585242007709
28,-0.3519568764242434,1.9864110885316075,1.4847175675120692,1.097374311582525,-0.042921115554157,-0.0538049233022777
11,-0.1625666854261225,0.6407258959902702,1.7680283422258238,1.970317340309431,0.1999873529790818,0.0940103647896141
34,-0.544210839838141,1.709686038461974,1.0445420890542798,0.909739994362932,-0.1999999135146695,-0.2408512399622453
32,-0.4467998022670241,1.8403299916479283,1.3200084465232234,0.9242953063184368,-0.1999073457483542,-0.4747930854064637
10,-0.0398128093553929,0.611480320091732,2.083157190182481,2.028477747406736,0.1999919107672834,-0.1298533164444253
6,0.0150795022360206,0.2628160753165109,2.229792551198278,1.51847915336404,0.1999658210529042,0.1154281743973227
23,-0.3712003277058479,1.804656602699226,1.3532704975210306,1.5106218017951196,0.1642773806910717,-0.1228727095951786
10,0.0871228256906352,0.7445736464415714,2.149222877868686,1.7748984306314497,0.1999772989040964,0.167047550073432
19,-0.3207466204771915,1.4853238214498916,1.5099414149906971,1.7103017389548365,0.1998932823456022,-0.1613496708014792
32,-0.4623033513179012,1.809734449618399,1.3964217030266566,0.9240377795874694,-0.1548891676875609,-0.5451810843160508
8,-0.0265999106012123,0.438599434131575,2.189763520905052,1.9301634001122696,0.1999868120718729,-0.1766734522055273
9,-0.0733338189234302,0.4949791670048127,2.022129093357597,2.063243762090424,0.199969000839622,-0.2435109439262973
22,-0.3696814086038235,1.6556941354841614,1.4736890669877043,1.5600345773941902,0.1829029917118018,-0.145411529194695
27,-0.3268713929989261,2.12688756904667,1.2964643699430796,1.3353264646841378,-0.1342889342989749,0.2766817178794931
33,-0.461413430010798,1.7779007124292,1.486790862926517,1.0448069705750431,-0.1999999694863759,-0.2375224241726319
0,-0.0333333333333332,0.3277777777777778,1.5707963267948966,1.5707963267948966,0.1992797627007023,-0.2246322642711005
6,0.015600763319897,0.1839823493938126,2.2970846528795104,1.4296554341567336,0.2000000099931327,-0.5088846835792394
20,-0.3424752727599631,1.5886160193151346,1.490474079796348,1.6331404709111743,0.0800868667054154,-0.0496610498268073
35,-0.6954434751885229,1.5765214429878809,0.8385778861728053,0.7857969427269555,-0.2000000096506666,-0.1320606931425861
23,-0.3522620910444662,1.7231238218874732,1.3540874692287783,1.5448989808170868,0.1999856801158739,-0.1811066462959194
24,-0.3871835877518065,1.840702982571962,1.337274425723825,1.552420551556691,0.0632051078414393,-0.2008708775384794
25,-0.2997359460449191,1.983735404458287,1.2040614868190629,1.494991031833523,0.1999851805960404,-0.0414641597077874
3,0.0278177620739107,0.0780859176644347,2.002672181525502,1.3519039752491349,0.01776520897646,0.3472505361627127
5,-0.0495349740654025,0.2283115073493198,2.161521264412676,1.4910297951241578,0.1999546192449191,0.1327010006673824
20,-0.3737626157473047,1.5815809073175588,1.376156376486675,1.632871687075191,0.1320508933258474,0.0627853603897831
15,-0.3283803639061108,1.1142742952532378,1.6312354179706912,1.777650245992708,0.1999926709806817,-0.0789476327985169
49,-1.1027100175605582,0.6226152758540195,1.816802048185144,1.049342095836847,0.2000000099669986,0.574950044318512
5,-0.0286427568561031,0.0999002874852358,2.207935989895139,1.4884223783254509,0.1999897408886168,0.067545041185327
21,-0.3723240081475375,1.530801203184995,1.4379139291177625,1.6431838633191558,0.1639563224972798,0.0524934357425004
34,-0.5268707228560963,1.7317292008298713,1.261360722654734,0.9423373990193292,-0.1999999351702132,-0.4044365655346349
3,-0.0479136028586378,0.0717848924299454,2.006343768039022,1.2648100284753832,0.0187772849747889,0.2107434264967536
5,-0.0345783825940673,0.1079438464745466,2.211964772143636,1.3406974166147012,0.1999615948842601,0.0692901144407923
14,-0.236278912855347,0.9953392818009008,1.76279262552527,1.946288675303647,0.1999853590351219,-0.1270091005806945
12,-0.2184398865584752,0.8735810936339664,1.768132665255342,1.953217716908272,0.1999916446477066,-0.1601837854563039
21,-0.370770046612498,1.6090482420868517,1.4639497278865914,1.6617754464297745,0.1703460314177648,-0.0538170061316396
36,-0.6360798709566022,1.5635572580425847,0.9534549536791186,0.9061229447877504,-0.1999999313027634,0.0786160366248318
18,-0.3798199729535873,1.2878524029883007,1.5815376127746443,1.7287512275014392,0.1999979372621411,-0.0105989907128404
11,0.0685769605423972,0.680642098620241,2.165684283771787,1.807285927118348,0.2000000099940288,-0.173006845059778
9,-0.1154574032329296,0.5690931128683685,1.916510579237018,2.067964253066596,0.1999673268323245,-0.2279834548518424
14,-0.2633785195462699,0.9368768137508876,1.644558155038629,1.8052624476886272,0.1999828590861691,0.1609917921899405
35,-0.6178424217307094,1.5720994015578045,0.9818162779000144,0.8617671465352446,0.2000000092039544,-0.0528315864740451
29,-0.4100342375257448,1.976462976690465,1.5545264231648783,1.1084140648292349,0.1945680387366652,-0.1347465147119761
48,-1.0653844306093294,0.6676772043818996,1.605157871309003,1.1822394590584837,-0.2000000099558556,0.319302156491144
35,-0.6218719902660393,1.644199072045149,0.92071516538528,0.8038406902227396,-0.2000000090093259,-0.2229749032301365
4,0.0771316137186865,0.1413182403392512,1.6955832252886631,1.5210341930722686,0.0325678491222747,0.4303163015515931
1,-0.1003851666572037,0.2590124892455718,1.5042322958495955,1.5870141506476902,0.1999144770053164,-0.2948041047058954
9,-0.0871240721743585,0.4160145076035718,2.0448535914209227,1.972017382349528,0.2000000099491873,-0.3882593830757584
40,-0.8876891337380826,1.3439287449798667,0.66194420034555,0.9727322081494842,-0.2000000092473371,-0.1153292430119978
11,-0.1392610114044179,0.6533273503395217,1.8695230361124424,2.0599491614357937,0.1999851105545254,-0.1967834747936135
21,-0.3801663307795858,1.6899122807640676,1.4295499073949198,1.6109971096914086,0.1454853594040543,0.1167717290479766
35,-0.6411460430491087,1.5750663292335074,0.9352973336961607,0.9032657862171378,-0.1999852093527467,0.0993027207643299
4,0.0272577707197832,0.1152185031467748,2.138712958493505,1.3186869010115634,0.1776091855432152,0.2617470473128307
19,-0.3577193314793795,1.3893615543122684,1.576308568069015,1.6827678097636911,0.2000000099388158,0.1051740255348243
34,-0.5645125221363992,1.700497197790145,1.0215251642214556,0.8908036386682173,-0.1999999087468624,-0.3115079818420123
26,-0.3472804365989093,1.821260682940487,1.2663875865426402,1.5400065233965816,0.199999919576515,-0.18364949353692
11,-0.1674158526865658,0.715506484514534,1.86106225760095,1.944404054586376,0.199971340079692,-0.1641705277979672
32,-0.4335893085018494,1.851847813632858,1.4653935516860823,1.0666352547729168,-0.1999742401382546,-0.0400757452995485
15,-0.3013523154818233,1.0051419698976922,1.687008366980825,1.8398345096527668,0.2000000099444145,-0.2395892422725118
35,-0.5740001599624757,1.6452803953777349,1.080060533308659,0.8932845745837018,-0.1956895720556462,-0.2936813932862031
10,-0.1182698731092738,0.6415082242216951,1.9333804911610224,2.0449059591959937,0.1999448747893419,-0.2415374634523465
35,-0.5544670180095105,1.6707232712753082,1.1156544285502772,0.9297108722239606,-0.199999937133781,-0.0401112488495729
3,-0.0187903614645345,0.0436248220841318,2.059718743958745,1.321879166421418,0.0146308131334442,0.2362747113986336
23,-0.3989704270724091,1.7359060269497797,1.3978909263995032,1.5850170329295143,0.1996546913734453,-0.0672405732655369
17,-0.3184365049031171,1.3096678934492063,1.5902487384763102,1.695122418269127,0.1999640396932507,0.0785800743875563
38,-0.8287476905637436,1.4177164807371383,0.7139148461308817,0.8760943789296635,-0.2000000099772343,-0.1106407250815684
4,0.103905695902061,0.5178848945138842,1.986304679014955,1.5246025964929024,0.1999801241566024,0.0858643794439552
17,-0.3462412241678929,1.3003684936806288,1.595169705399547,1.7389568094799015,0.1999694631321428,-0.0114445814737717
6,0.0299328228658911,0.3172274010496478,2.147424304533876,1.692488251123638,0.1999684703436951,0.1576462684634574
35,-0.605397465974884,1.698373913677676,1.017544207223926,0.9009946348420618,-0.199999907962194,-0.3153717367620888
11,-0.2030943114263278,0.8027366486211501,1.809214507290397,1.9342591558155533,0.1998892416320407,-0.3017658672513737
16,-0.3288725100992222,1.153664079398288,1.632639763006244,1.7603473678897792,0.1999583672588945,-0.2095307099349697
4,-0.1162170305116554,0.1043412179594134,1.9959977401816955,1.2627506544479146,0.1984306366575243,0.325410627465488
37,-0.7252713854186631,1.4461649798365734,0.9060522327807288,0.8567055846450984,-0.2000000091731832,-0.0977284746470344
6,-0.0316245502465025,0.4467784267277024,2.104969634938008,1.413953463877186,0.1999233389641388,0.1575366792162603
42,-0.9391258596055196,1.1274771515216435,0.7398605095830302,1.2032286588881256,-0.1506839111794227,0.4474347970211482
3,0.0138327581214904,0.1001029864304735,2.009817243614469,1.2238513463518443,0.0768918817112423,0.1917039096381506
36,-0.6962987071178303,1.5616706788952173,0.8563300418343882,0.8042394418156603,-0.2000000099419084,-0.1237810238053009
23,-0.3402929886612696,1.7402071195188702,1.3230413618173935,1.639809710341936,0.1999794786711615,-0.0689685916721556
43,-0.9966865117532236,0.9623691886730764,0.9053857996342124,1.3228518600110406,-0.1999997730402277,0.2588877437047653
46,-1.0420734692803568,0.7428059042555172,1.3607572911720809,1.342188303566577,0.066495757130953,0.2055349909043096
7,-0.0550729499051669,0.1936614906824423,2.0848429473724703,1.3936061388448575,0.2000000099818733,-0.359535374595334
29,-0.3652235763385998,1.99953649265,1.4827441632732197,1.2125173252992856,-0.0134899155332454,0.031777001058247
40,-0.7874180315625763,1.4397412098444056,0.8144715394926318,0.8760511147783028,-0.2000000099234781,-0.2271259023169606
17,-0.3372999695765914,1.2211484348360429,1.6455712924387793,1.7556729027276847,0.1999684335679823,-0.0495193467663488
35,-0.6244236773899405,1.6478218529965565,0.8971725078907351,0.792970562770211,-0.200000005176772,-0.0923296577119415
18,-0.337972989984008,1.2792379559639906,1.6053189086404185,1.7280154842487214,0.2000000099542789,-0.0202914550068289
26,-0.3715860654968216,1.9799875667523583,1.1634106273439269,1.4522144659201195,0.1999173028305591,0.0191042130708128
28,-0.338790954815227,2.0586017101222787,1.4632630185883846,1.2750789767471262,-0.1711857845723694,0.1190754600218834
25,-0.3891335939554874,1.869748696515948,1.3143634210017066,1.530491243882138,0.0123428214727185,-0.3349638042634774
26,-0.3404419378372369,2.074800056623569,1.2700460767981152,1.3549779143149023,0.0244377886052032,0.2857290550603159
25,-0.3479767038028651,1.732950454458618,1.3590641292419772,1.5833479101386392,0.1999999892498057,-0.32274494837453
23,-0.3587623683641922,1.6978454318223608,1.3636586340751986,1.526618165106397,0.1999712890569864,-0.1770030183353114
44,-1.000043972064127,1.1058528953341578,0.8623724105444293,1.2695078915697438,-0.2000000099290748,0.2157425009124613
20,-0.3799279773902297,1.5501075600703695,1.4675066071238856,1.6462837710899083,0.0512857122142773,-0.0127319737556366
20,-0.3729335322193602,1.5899386754968097,1.4940619925644736,1.663678718643085,0.0612094051182084,-0.0355801656888486
29,-0.3629296656067508,2.0402679599488907,1.3995104069497923,1.2922366626079225,-0.1062389174172697,0.1479935923943361
22,-0.360185606630654,1.5839845663364804,1.4759433912721018,1.6702694760309271,0.1985976950577318,-0.2037799756881217
12,0.064407325021275,0.7749086267777964,2.1940559158709387,1.8639832430181045,0.2000000099949808,-0.1650557916629824
21,-0.381930804015498,1.5772162493071296,1.4581300812449791,1.62948858627064,0.1048541045345462,-0.0450859821517811
8,-0.0647104765475382,0.2741315028281358,2.030463877194796,1.3066050673280911,0.2000000099780204,-0.2385797235552583
21,-0.3413057726429077,1.5504362476912372,1.533977043875728,1.624796961190037,0.1999326782656082,-0.1206095264955767
6,-0.0419388881028315,0.3271387420649289,2.138359942723054,1.2711562346544916,0.1999088909272325,0.2353588463167881
15,-0.2563380600183524,0.9905914803313024,1.719227080294166,1.883933924651484,0.2000000099476553,-0.2533806269046293
25,-0.3402696784289878,1.917272203925661,1.2346156323936324,1.4357002229234672,0.1999755963644212,0.001539029212314
37,-0.7451806160873722,1.4529898681301705,0.836234544409902,0.9019622429427184,-0.1999999053951348,0.0474649512760511
2,0.0555377125438779,0.3425650991141982,1.5687792497363429,1.571214681360766,-0.1999187250217465,0.3661526467050275
34,-0.5394821823809812,1.7272674044500749,1.0892257774856429,0.8369783966891662,0.200000009523151,-0.2745197395226278
1,0.0555679180257949,0.3058433749186043,1.691700012483869,1.5304851232390866,-0.1999176365340824,0.126053237528174
13,-0.1938082899737343,0.9408723404552548,1.8016583352993951,1.952160554527772,0.1999681050143577,-0.1473285112988836
43,-0.9073349723453192,1.1958865971106818,0.7683709366854767,1.031467841808153,-0.2000000096248666,-0.0668473794284383
34,-0.5854868979026489,1.65117919940491,1.083948359885488,0.9007933220778356,-0.1999840821197729,-0.062920110116428
13,-0.2602714392250106,0.8214692461327495,1.7292203354325633,1.9316402686230376,0.1999897379648223,-0.1017044146352482
27,-0.301146798430364,2.108776164246281,1.2448507706311087,1.3348986524515525,0.1186656788914777,0.3762714951510609
13,-0.2411752029599199,0.8816877890011223,1.7183770472791533,1.8978112568258487,0.1998582560674628,-0.1046776098010991
14,-0.2764540327047232,0.9915388574520888,1.6721173500721611,1.8551048012847848,0.1999728862081716,-0.1034272189657374
36,-0.685412592242071,1.5410017750190608,0.8734223924899651,0.9504937838679722,-0.1999999187649558,-0.0045392597282817
30,-0.3471997359847364,1.981636221026249,1.438025721409593,1.2085340821842403,-0.1999996290938694,0.0960884169196682
23,-0.3922268975841739,1.732297028697325,1.4023801582541804,1.591025477530594,0.1585244823414436,-0.0957432311016701
43,-0.982108149973358,0.985786603522854,0.9831524463978152,1.3500096781799047,0.1999918034093954,0.2982895675434994
43,-0.9500026613555376,1.1581438478104886,0.8943966744499338,1.2914784880627848,-0.200000009900995,0.4836050632942303
14,-0.3072007008165766,0.9073044623149196,1.6826320076969008,1.8578618726369804,0.1999928477775643,-0.0795255559752508
7,0.0164464689295205,0.3222268772211911,2.2467038045313696,1.861575419844005,0.1999608103327392,-0.0925867612986121
48,-1.0588640957282218,0.8002805108938469,1.3372398699310164,1.4225182113259511,-0.2000000099725196,0.5547134370148095
16,-0.322676692441561,1.18375562580238,1.6342377091140494,1.754785617165029,0.1999836916138017,-0.110620000446749
3,-0.0946466179542231,0.177920130736481,1.871950190973786,1.316469864319557,-0.0087053635820605,0.1066624966674345
48,-1.1086694141500937,0.6116407851895238,1.8078646856036524,1.0353658962058427,0.0642516607369703,0.1649989041984846
27,-0.3387643312176287,2.1270539498874155,1.1838417213770676,1.3587610913109236,0.0291228712084882,0.2894375672058837
17,-0.3316619811787027,1.1990690701607598,1.6326370677587132,1.7591828490237515,0.1999886754571966,-0.126922767294713
31,-0.4122550202409348,1.9252885226905456,1.5107326901656402,1.0854649934366774,-0.1999237498103544,-0.1401820635654183
40,-0.8227303757842354,1.4344765973177458,0.7134784246471266,0.8631657856080285,-0.2000000099544855,-0.2138444168930849
34,-0.5470000753030683,1.7080371681992887,1.035640429428387,0.9088181634135446,-0.1999999908585506,-0.2825425659669588
25,-0.3685854971892191,1.8820908680322272,1.2636048401467894,1.4733177284999814,0.1999247100099527,-0.1283792319231586
8,-0.0026601157598162,0.4558262587765953,2.2443469474699835,1.9667446728495617,0.199965561290898,-0.23011155234789
33,-0.5574211402712369,1.7173300147291664,1.0139026502755026,0.8079902166628284,0.1611340270039799,0.1742700049552103
40,-0.9063211419538008,1.3115035026111217,0.743007612475429,1.0565863554706785,-0.2000000076574797,-0.115726207170805
49,-1.0940920398467815,0.649502915290716,1.857099507996116,1.0773418923246731,0.2000000099613782,0.4860904365471463
41,-0.8695007768492727,1.2575535404468583,0.772203984731112,0.9770778938849292,-0.1999999873615057,-0.0930454323394793
46,-1.0201827161710832,0.8327797272827369,1.258475271275748,1.4207129244934986,-0.1747053813752874,0.627616784419009
21,-0.3783953245174039,1.538451021677002,1.5141530903663971,1.665331259748816,0.137993305015172,-0.0647379944502472
49,-1.0456640800680863,0.7415845941175992,1.271685061105762,1.339129404534354,-0.1113404410942168,1.665184013463402
23,-0.3681786427356325,1.9531757408413908,1.1602517339077334,1.4875268356795206,0.1611367720597466,0.0015160463833299
26,-0.3745821035127353,1.9041151192794128,1.2145245941963534,1.5044361334747125,0.1999749877156727,-0.1243071402286336
37,-0.7275542670786187,1.4412594215055858,0.909925808259521,0.8574235407336255,-0.2000000093862451,-0.1162857566544858
24,-0.3813497208338151,1.895730681561452,1.306505505987678,1.5367724925899495,-0.0220463133050543,-0.2328741111596465
39,-0.8504333116332461,1.295585165280932,0.7390904212978224,0.9672993315885572,-0.1999998844431006,0.0689706365650099
11,-0.1665819304300591,0.6560578928026756,1.847901565083537,1.9839355928889983,0.1999709682508879,-0.1912220123011612
19,-0.3708019566258888,1.4611439694055697,1.5551146129753928,1.6922999499079812,0.1998119846747026,-0.026427491208932
24,-0.3814875472935114,1.8620172768380827,1.290174868949924,1.501674421434951,0.0892393018907215,-0.1711438505697838
12,-0.2345641314125527,0.8999180006627714,1.7068522599765243,1.911433516093735,0.1999606500201122,-0.0026016084677473
39,-0.7850970862056333,1.389458848051592,0.8566861460593085,0.9660254075891512,0.2000000093388354,0.2207577187756077
33,-0.5218639082887566,1.7362131077674972,1.0933416820525204,0.9110381503277404,-0.1999784061613671,-0.0781112404041079
21,-0.345005227388014,1.6016602731235576,1.4387613284077982,1.6209139380968525,0.1999760649560369,0.0092803410246782
41,-0.9262277123315852,1.1776542539169486,0.7750833218842677,1.1420581383399466,-0.2000000027106914,-0.0178731301333071
8,0.1070363692169185,0.5634236294367618,2.1077269400146346,1.5465267923025448,0.196528269184047,0.1027965765354741
7,0.084796211112172,0.2463367883098157,2.2290874468770365,1.620109060315307,0.2000000099623481,-0.4014476423357789
5,-0.1148448107307222,0.1139311997716265,2.1098376934145566,1.2209730550629223,0.1999572487385046,0.1391070961306847
11,-0.0605529584579359,0.7912806639139383,1.987941184141908,2.074400994409333,0.1999476890260172,-0.0695156485690965
46,-0.9998196793738952,1.1130022729900535,0.8670465211060385,1.2762280128987034,-0.2000000099994251,0.267569541702621
42,-0.9326425339732534,1.15238549009319,0.7832580721613507,1.0843067181114907,-0.2000000092346782,-0.0905942678687404
14,-0.2619204031027504,0.8399681928240861,1.780425869920526,1.9901464752395115,0.2000000099757261,-0.2856312814665999
33,-0.4965038752462313,1.7317356125202246,1.2135448726501803,0.919736529374544,-0.0898237972958155,-0.3835854997667868
32,-0.4359765490598354,1.8748165198511568,1.4508600561555962,1.0836188944687637,-0.1999998439900876,-0.2026160652011812
28,-0.3650029986269817,1.9998348379092756,1.4598843427982668,1.2459331890414385,-0.0498576866509811,0.1030701061618418
34,-0.5653744017608463,1.703564174999175,1.0342281768706183,0.8150292130382861,0.2000000095867116,0.0022023481781973
15,-0.2606078755698636,1.046088205848824,1.6466264511134965,1.8358394176745207,0.1999823160159015,0.1464678799574822
8,0.07727919181451,0.456337815894014,1.9963400597360472,1.4133182125660355,0.1999988527918683,0.143627690575972
48,-1.058051470061541,0.7649936700516013,1.4998138370600085,1.373189195862607,-0.2000000099729754,0.3987310257110625
24,-0.3492150676747876,1.8213825987527683,1.2584710950639586,1.5366028051053633,0.199970338803709,-0.02480102646607
3,-0.0600872393981565,0.1659275722978353,1.8736038143422944,1.415348038352227,-0.1917554127584008,0.2708219451746753
4,-0.0369095018200605,0.2291608720418013,2.1155513683941702,1.329106347948969,0.0517111084560388,0.10349823697318
45,-0.943583762167107,1.0931524804686692,0.840649009743009,1.1473436843053657,-0.2000000099921371,0.0557882156083571
7,-0.0258891630779046,0.3934989356133387,2.245382280149732,1.6313874817457366,0.1997651523075694,-0.0096695884882519
42,-0.9696736057786348,1.055735572828917,0.8470693467091864,1.244884714709332,-0.1999999964751209,0.1769944703707386
30,-0.3605211238152647,2.037623749703662,1.3750958229091506,1.2898729731682643,-0.1999999262444678,0.241780329654361
6,-0.0069838875501492,0.2042458162142046,2.234005273380552,1.536333050680976,0.1999839015015729,-0.0128559067842524
43,-0.9720800202948364,1.184494388553501,0.7424108954754214,1.1869129613945988,-0.2000000099512473,0.121420555580105
0,-0.0777777777777776,0.3277777777777778,1.5707963267948966,1.5707963267948966,-0.178447500269946,0.1018413723937474
32,-0.4614792344512399,1.8260456802521363,1.4520904731344206,0.9717463931627914,-0.1999702789639558,-0.4918296205959609
1,-0.0334897164982279,0.3439646599929131,1.7409258494761328,1.511528157181782,-0.1996894915801438,0.2545266552595062
13,-0.2800302055257488,0.8045516072809286,1.7088351185109951,1.9027422025415763,0.2000000099693147,-0.2547253205073596
29,-0.3583410217940883,2.0819092023428243,1.3816645795586169,1.2644955721318178,-0.1307971171029384,0.1411739164619086
7,0.032978563364911,0.4213088352753791,2.225411624708448,1.88996238267646,0.1999368397960478,-0.0682802587108513
26,-0.3714612717049645,1.9695594235307647,1.136278630295072,1.461355508004529,0.1999263311452526,0.1023737098998126
20,-0.3398587965236241,1.5092975008656495,1.5406171614911894,1.6401851258064084,0.1876233337850228,-0.0506033813659689
34,-0.5400138173434041,1.7272229028310304,1.0863091173258166,0.8336577454934722,0.2000000097129613,-0.2689074830542621
20,-0.3902737822660386,1.4751586733506223,1.5430332171407084,1.675983264643237,0.2000000094665019,0.0979841670410209
27,-0.349626237496851,2.087391138151857,1.2347024403282514,1.3355894158635464,-0.0158975403095057,0.2391827229539735
25,-0.3428673479131706,1.918701143846609,1.155005739131246,1.472509131986422,0.1999873988449023,0.1773292697149403
16,-0.2853428227939862,1.0921690428845212,1.6187801520016531,1.7759023893017098,0.2000000099448126,0.1924084634929891
48,-1.0786036178899874,0.6848676464333951,1.6023666533317904,1.2726991081050392,-0.20000000995395,0.3121437816127945
48,-1.0536569179157018,0.7056247075024348,1.52883906947938,1.2136869053066337,-0.2000000099945136,0.5319042511289088
8,0.0775097548994188,0.3673767770114792,1.582361583658729,1.5557135620643814,0.2000000099612961,0.6224672677887545
41,-0.9166709361865252,1.2762418579387294,0.7666806365039687,1.0881753790534472,-0.2000000098799056,-0.065502903524517
48,-1.0497002703149965,0.7291480797717146,1.6240086669738023,1.2052568674525015,-0.2000000099580787,0.2888225197116082
49,-1.0748600655911729,0.6838399698058624,2.0381673174586634,1.152807322005008,0.2000000098438674,0.4636877814336161
9,-0.0374438078132486,0.5193190546462859,2.210883588590894,1.984058292386364,0.1928376376606305,-0.4998916561398452
2,0.0050580863813614,0.2782260276106253,1.9388132403281075,1.3736310155642626,-0.1687105193766578,0.0246606806523913
29,-0.3638899232283726,2.1128264984174683,1.4280945296075682,1.2973912673980357,-0.2000000093841462,-0.3009104711318823
13,-0.0757843153295621,0.9323960923109988,1.9418590712037425,2.073646627948442,0.1999831317281823,-0.0232236719898895
26,-0.3221630389683441,2.0473815055371576,1.4112218553808074,1.2656863618142449,-0.0798035482551997,0.2466807693818743
48,-1.0682785975355518,0.6425351226882862,2.060957447686468,1.0656389405803657,0.0112260267655099,0.0796779043364689
33,-0.4932876395045862,1.7737651006730342,1.288272340708819,0.9003918016035465,-0.156832218827114,-0.4874605033090783
25,-0.3449516868143126,1.877053807008369,1.2165845642474036,1.5101081509414398,0.1999816282245091,-0.067145478837178
26,-0.3449687466429303,2.039627625563297,1.173686409119738,1.4219055643845595,0.1999147216007907,0.2141067896768432
13,-0.0847757875875767,0.924931493714966,1.94851498661394,2.108855594421504,0.1999205364427458,-0.1751829818479948
41,-0.9145329781193304,1.180565912075182,0.6891980888929705,1.1207911923181717,-0.1999999784937154,0.4027863933728813
20,-0.3238425499060994,1.5790149768356716,1.5302813733604292,1.787702325258265,-0.0045092877305951,-0.0457276443251083
10,-0.1227653631071848,0.5820423223684675,1.9258561703052857,2.0221305587819285,0.1999675690651314,-0.2265595499021826
21,-0.3620525284055758,1.582700533676358,1.4508659631768157,1.682067643003049,0.1632361766604642,-0.3246054965502352
3,-0.0259014457183911,0.0770928250892116,1.9748914834667384,1.1063988041303607,0.1999259911495207,0.2098912918234421
7,-0.0565084053861245,0.2765168738610105,2.2328059310741466,1.6796960499684903,0.1999741728738413,-0.1208906849523609
35,-0.5944079112693321,1.6192854419745637,1.022210040190492,0.9333974774578664,-0.1999999199780681,0.0164953462129011
14,-0.2908180758425699,0.9497809296730674,1.668777228393827,1.8331229903042017,0.1999764605018734,-0.057357012935095
36,-0.7059241253493288,1.5118892660817116,0.8835134497226722,0.8714456221484234,-0.1999864544832681,0.0062602080914268
13,-0.1418984919533359,0.8167428534278198,1.833864317336355,2.037596355324146,0.2000000099934231,-0.013312631279356
1,0.0071910918765523,0.1792466284938024,1.7807508269932608,1.4578225751282066,-0.1999136903177665,0.2339547679491681
39,-0.8394670845454626,1.303978493246822,0.8454571950682409,1.0152418515335415,-0.1999999276700007,0.1528503360444109
9,-0.0779853140335662,0.4432284404841293,2.014119981416263,1.918865646977416,0.1999981394432801,-0.0937067453735854
28,-0.3535246482851341,2.098079833664152,1.2590765739467482,1.3352933596356984,-0.0131235122330231,0.2221433737145329
5,-0.1012501102758399,0.3198911410520482,1.4525142769005637,1.570063674702396,0.0387221330298791,0.5831911668865493
23,-0.3446689997886558,1.7288562107512595,1.3584804119930525,1.6924843606501008,0.1999733963986793,-0.1359682816696886
23,-0.3819879704044116,1.6648154315587256,1.3609249952730735,1.57282460719315,0.1998974313856513,-0.1282637648584818
31,-0.409385774601911,1.9238893348615145,1.4797248738494255,1.1420814254890903,-0.1999901822025137,-0.00891675449208
22,-0.3922129967929436,1.5462266469871837,1.515227579572473,1.6714768908728328,0.1997966602455871,-0.0966308992008416
47,-1.0658515072081018,0.7336417841413443,1.3096696911987404,1.331548507429305,-0.200000009755968,0.2818311256766471
10,-0.1374087543232452,0.5369858123887523,1.9268797366556267,1.937518868204387,0.1999871968681183,-0.1266578036594059
40,-0.7941286827243895,1.3898122516488012,0.7591279763095149,0.9297327332435392,-0.2000000099529588,-0.0232568466034289
24,-0.3426596423050106,1.930149288200896,1.2754012442546196,1.47209766250314,0.1998555774536794,-0.1086486323648183
25,-0.3588711523859936,1.9461001758215253,1.2280395297487083,1.4299053898493157,0.1999160266262011,0.0348155784389716
5,-0.0051186838659056,0.1237399608436272,2.2459845478322844,1.565555494920681,0.1999632967568271,0.0443442811035313
28,-0.360144662125329,2.044077756806101,1.4200962177154164,1.2739486023463331,-0.110033519338376,0.0295903489830736
28,-0.3119843695047539,2.122023081621384,1.2923459793117384,1.3642714791807438,-0.0465957026136148,0.3739755586443314
16,-0.2600749315491643,1.1459619542384103,1.6438044729318957,1.8418897472748563,0.1999765588135693,0.0369163131659769
43,-0.961451879914911,1.0628870879695198,0.8398733409729342,1.2758847520654184,-0.030799788426411,0.3750498861152606
19,-0.2948601095527869,1.3656158778213197,1.591256790855203,1.7766629189303385,0.2000000099481603,0.2477686027277547
7,0.0788414100285339,0.3311284161707918,2.147924077757869,1.386791176315897,0.2000000099594911,-0.2526511801953744
30,-0.4031034521021536,1.8666853789363127,1.4609546596792082,1.0462648448259415,0.2000000099210445,0.0892724242516784
27,-0.3244174745936238,2.042206956512735,1.486190759637628,1.1746486990558456,-0.1416203903363677,-0.0087365455815205
44,-1.030954388494504,0.7995359510529956,1.2320922772076468,1.35567088210014,-0.1999999749467407,0.0566323954591787
48,-1.0598152544733035,0.7576429522348032,1.5139621841397624,1.3621185105433833,-0.2000000099732723,0.3847185574083351
1,0.029069595850197,0.0984412621992467,1.7548452384328064,1.464812044761233,-0.0387072528409575,0.3708003116897653
1,0.0555667900325598,0.2842412905596046,1.637938612201486,1.5485360849593246,-0.1998989615686195,0.1528510101822074
19,-0.3581355147556325,1.485188795431581,1.5548080031741192,1.687507299825507,0.1628505487000706,-0.2644988851159531
32,-0.4022278937112867,1.9164721294253133,1.4004216595229249,1.241213808241238,-0.1999999818292577,0.1702922727693369
0,0.0777777777777779,0.15,1.5707963267948966,1.5707963267948966,0.1996056490821235,-0.2758509773550067
7,-0.0043003801798465,0.2817758233053052,2.228453588732753,1.850628361770109,0.1999785964884363,-0.1204931805700602
45,-1.0009114159201695,0.8884651062873793,1.1285773190346102,1.4023912395635512,-0.0085007598229636,0.4627380357319539
24,-0.3489483939638581,1.797704344143502,1.2810658673432211,1.5459358128997869,0.199982433986523,-0.104636292423845
29,-0.3639369264972272,1.9874766616765387,1.430531474389956,1.2491045483974612,-0.0492648193391846,0.1867306158689725
6,0.0788326183963809,0.2991899253694546,2.2701218287136893,1.749895103133415,0.0040925562797667,-0.0095405398970917
30,-0.3603298455699871,1.9756664839231803,1.4652322019126751,1.0919256804189823,-0.1999807253208302,-0.1577894263249291
35,-0.6015992116586159,1.7048435370544304,1.028952126452003,0.9030435616519032,-0.1999998815870904,-0.3182230695208661
28,-0.357171678763332,2.058106288087988,1.2137463549759726,1.372295771093922,0.1995643114636074,0.3410182706326858
2,-0.0807444968830125,0.1960366160705802,1.6942429018699563,1.4992586717493546,-0.1998261274489729,0.2815735184313064
34,-0.5634109781334106,1.704558459487318,1.0433396408942084,0.8177242931494852,0.1998961171986665,0.03187517230541
37,-0.7309247843590642,1.4693527070096304,0.8786596840863599,0.9667400279545012,-0.1999999135471766,0.1018305503793745
5,-0.0878469988482031,0.1058980935296554,2.14074445266962,1.2988233662654378,0.1996612104630901,0.107326708192434
39,-0.8112763185666948,1.3531014412664286,0.8292453019556145,0.9162526673588394,-0.1999999408689075,-0.0103173295765514
30,-0.3559503409097853,1.979945157327082,1.4820954548802714,1.0908634350475872,-0.1999804101597791,-0.2020358810690327
45,-1.0021567662116475,0.9346227046215728,1.072046719422144,1.4284477043760964,-0.2000000092184492,0.6470161162781722
32,-0.4737741539840249,1.801749457998534,1.3917052066561322,0.9831334146252516,-0.1999766635800392,-0.2784012929253365
23,-0.3639884839392928,1.9297068930849897,1.1944997991111617,1.4952178935848297,0.1997267672193948,-0.004714655793977
23,-0.3464460276989257,1.6610400438802355,1.4362837905671937,1.607321018070063,0.1999789454888534,-0.2145868623325092
41,-0.9402710787144176,1.2618466777268034,0.6782145696368556,1.0933985927120995,-0.2000000095839647,-0.0027720613228915
26,-0.3779889938316134,1.877871932056098,1.2487140792098383,1.5173163144812885,0.1999864726917224,-0.1734498283246129
40,-0.8801684462231192,1.34855837858167,0.6714367317643504,0.9633439370392832,-0.2000000087323137,-0.1306556175845685
28,-0.3024918368658389,2.116984270253453,1.4474489102747778,1.2372375978035413,-0.1999576098084129,0.0746194629339564
29,-0.2991250581627813,2.108538995780912,1.4626713069763522,1.245085197783578,-0.1999782150767823,0.1311777696710453
28,-0.3686504799425654,2.016854474433518,1.166093141832624,1.3930250430444095,0.1999583215256417,0.4514750962362822
7,0.0329031216444499,0.4191358115351397,2.263188530751739,1.901988006338127,0.1999106025413163,-0.1153861149615335
18,-0.3672810631287242,1.3466980814668377,1.602804579832826,1.7122601125457122,0.1998314767100124,-0.2429444123922542
26,-0.3703927813871996,1.9467729395698528,1.1770895841207842,1.4722611148093148,0.1999530582346013,-0.0203488708422135
21,-0.2656629602506842,1.568186795893208,1.5356716523554663,1.789025597721016,0.1999882598833769,-0.0295679159933726
20,-0.3688624913498565,1.5256350886212795,1.526545870621641,1.6692405415414246,0.056426081734233,-0.0863327932800726
9,-0.0795608724088317,0.4651738419573203,1.9276104206827025,2.0342064206306416,0.1999948641649344,0.0105432807710092
31,-0.4569585407092984,1.8227487916748475,1.4318834590401988,0.998088608252743,-0.1999430550884242,-0.2139602866464559
26,-0.3292536822515667,1.9618095387643308,1.223028433569942,1.420478558793416,0.1999962181661504,0.1221605950771882
1,0.0310029064373516,0.2712434162090258,1.7703376422312598,1.4768490911302907,-0.1997167060711709,0.1828624177647406
20,-0.3528396311247654,1.6111855896816485,1.5000072526297457,1.6918064341811891,-0.0840664465648599,0.0319649402702207
19,-0.3567623249560622,1.5069719598405735,1.5566728749491834,1.686643062773762,0.1254608703079852,-0.2514584545553655
5,0.0082392521703822,0.2352869529192157,2.1672693277385573,1.3664303911088436,0.1999388328798416,0.217539740588544
49,-1.0449888494633792,0.6740923525683367,1.835916408398424,1.1533213045617614,0.2000000099928064,4.784287411575828
0,0.1000000000000001,0.35,1.5707963267948966,1.5707963267948966,0.1415933412629537,-0.3774983539238071
46,-1.0451752616011447,0.7279742614927974,1.3402979214690611,1.350222514249576,0.1376114777727715,0.2917826142217393
1,-0.0332200790034392,0.2324769713847783,1.6168493154135088,1.55703124892776,-0.1997356710583591,0.3958867511303812
33,-0.5306116797301379,1.722058376710943,1.2142837355521063,0.9283265713762588,-0.1999715591416309,-0.1705746204603098
0,-0.0111111111111109,0.35,1.5707963267948966,1.5707963267948966,-0.19968190542199,0.3561175064546712
25,-0.3405681444881746,1.8868303569545075,1.244135790565286,1.469625092600538,0.1999873329198745,-0.0994675789587963
19,-0.3698864608601827,1.4441188018743425,1.4865486380684647,1.6727220580599202,0.1999404094533947,-0.1568580916035426
47,-1.0499892326008204,0.717222840411744,1.4728424633529524,1.246018044761254,-0.2000000098696011,0.2333493290718188
6,0.0367000085767043,0.2512462118411633,2.253497959175382,1.6844344482502522,0.199970247742795,0.0369669312114547
17,-0.3575095134372031,1.3209861108673502,1.5764355222370965,1.721248808995575,0.1999658034587885,-0.1158731532940943
27,-0.3220448472669201,2.0519602053631254,1.480449386933122,1.1839018812095767,-0.143105292005097,-0.0096291262774232
14,-0.2556251727577511,0.902480622307618,1.7196232556041815,1.8872079452134845,0.2000000099683786,-0.2593306611825214
6,-0.0291657371147245,0.1753222303115556,2.199978039660726,1.554484849881094,0.1999979002161549,-0.0569155999616667
20,-0.3764279120063917,1.5757180877843728,1.4788418608394007,1.6292623586050798,-0.0384191883919987,0.0700667794359034
37,-0.7422466484412682,1.5501924271514596,0.9052608172085624,0.8965995486016332,-0.1999998871823909,-0.3125842165614652
0,0.0555555555555556,0.2611111111111111,1.5707963267948966,1.5707963267948966,0.091965728629675,-0.1331491849660512
6,0.0638711535769127,0.324319244079786,2.254325487711702,1.568301056589615,0.1999353917555078,0.1063859463834052
37,-0.7219676915317302,1.4594706822035168,0.905918781706367,0.8622434943612947,-0.2000000064980481,-0.0532372934030461
6,0.0620733086574297,0.2731464324397125,2.219383512684379,1.5070112886233726,0.1999671809077287,0.1559604153398168
39,-0.790255277047966,1.3815155811450834,0.8588226093587021,0.9760510746566508,-0.1999999838050815,0.1669402145064646
22,-0.3798489027691509,1.6018719931565122,1.4704118157413344,1.6184764386741697,0.1139385585813828,-0.3180298922460369
22,-0.340395843121557,1.6711384648406504,1.451974612721477,1.7296608078869973,0.1991345897320706,-0.4039468702475084
4,0.0662467868886312,0.2645075161806575,1.719482144792262,1.4099107517511875,-0.1139130472638239,0.4374479335174824
18,-0.2796467777501546,1.3429189151270235,1.638186386701455,1.857591435349826,0.1999425413900138,-0.2350671021324769
30,-0.3944016968209954,1.944128369502708,1.477803927907024,1.1908615025712486,-0.1999230905011036,0.1009310416166202
42,-0.9707164371451776,1.182015541032288,0.8463539416578154,1.2086981297753667,-0.2000000085698571,0.0254767012504402
32,-0.4095303270836699,1.9066231466786123,1.487727929898773,1.1382625221674565,-0.1999184027718358,0.0353670171727558
39,-0.873385799611927,1.3473707442409355,0.7693226161089282,0.9985240689107991,0.0844355150355206,-0.1990384589950837
6,-0.0059305129857889,0.2603157192409338,2.2580728149649243,1.6465163891018824,0.1999637251503652,-0.0163891448710259
20,-0.2795265817084796,1.6371214134732175,1.4864641512420516,1.746724637538703,0.1250413764129884,0.0267643222397506
37,-0.7841914421314007,1.4858623663925628,0.8963369513538222,0.9331872620845858,-0.1999999196790108,-0.2861335792236145
37,-0.6933443583540992,1.569753703673539,0.851156280436788,0.794453902236528,-0.2000000097411346,-0.1222255568531615
2,0.0446867890849506,0.1598955251605746,1.918050036826406,1.3375820157443843,-0.1748627252640928,0.1031684504811815
18,-0.3644385878389686,1.51185583606324,1.5351872193303446,1.6895584456353347,0.1991788092129036,-0.0820793359139337
5,-0.0024789582450022,0.1874633992970314,2.001302962252174,1.2781307123708248,0.1454060000628159,0.2489180853350558
9,-0.0305790183199217,0.4950339941195262,2.185002096989427,1.9569924399939165,0.1999849270291887,-0.2302712987950288
28,-0.3426257813617584,2.0718222750895983,1.4257273775519907,1.2807203953631108,-0.1562162473640971,0.0917944285153181
48,-1.0392756114825537,0.7304551323455402,2.345809889086757,1.1278540116601783,-0.1428957276195132,-0.0224044915075575
33,-0.5287543357555186,1.688165677041395,1.1389107863095145,0.8960207645153994,0.0984091661948175,-0.3148034095906777
3,-0.0139461827330153,0.1118317050936334,2.0050592432406287,1.1786588339289925,0.0547898024063535,0.1377719073878948
3,0.0772978491230593,0.3389191758719583,1.5026896680381636,1.585480432181205,-0.1412944426947119,0.3844532492523875
38,-0.5954876748141301,1.602552413430663,0.9387281822290038,0.974926422966958,-0.2000000099055343,0.221285268120709
20,-0.3743119275002656,1.5456963843237082,1.3887597605633804,1.625861325763359,0.0147046629476236,0.0634648383428109
31,-0.3970511027081839,1.8799731069945824,1.5016282024469714,1.5621258916292935,-0.2000000099116008,0.262632581318667
1,0.0289918521804686,0.0541581418687432,1.7587144929786138,1.4626327352333102,-0.0599711047149841,0.3719945926700155
39,-0.8886215408864422,1.2316241297405284,0.6913208747890334,1.0460361242613825,0.2000000088307724,0.2196869258915881
30,-0.3899701237382924,1.9443726860332733,1.4169151532140116,1.2426773601087504,-0.1999958810780936,0.1623649055666828
32,-0.4561496622739796,1.827865246781984,1.242759791263614,0.873473731656655,0.0347540309319051,-0.4228844327191404
40,-0.8747878626381038,1.320911046376487,0.6698305517955565,1.0251786496623272,-0.1999998918919912,0.0096250838545602
9,-0.0619457796241542,0.457887037068418,2.1837121146407465,1.91187855171108,0.1999958716674481,-0.4046558954037543
48,-1.0669667980370277,0.7293013955185511,1.3169250013914446,1.3305265134938344,-0.2000000099584498,0.6520757839065681
1,0.1002412220389503,0.3005491673874563,1.6608365709569792,1.544132796024233,-0.19973137048144,-0.0848979152697732
48,-1.044288228431728,0.6752161591181476,1.820285339900528,1.16614213425354,-0.1980486816864628,0.1036441863739076
27,-0.3115857266749587,2.050757984009421,1.2087231996145589,1.378535131192158,0.1999797014709347,0.4341577120827519
0,0.1000000000000001,0.2833333333333333,1.5707963267948966,1.5707963267948966,0.12651627597895,-0.3828280666923332
1,-0.0554841358575723,0.200027732952769,1.647710227468286,1.5460855917411538,-0.1998784694826701,0.2609813784763862
47,-1.0767057449047008,0.7095918545242018,1.6530236388233046,1.2751759202084447,-0.1157624350848306,0.0524965836882813
27,-0.3631992911741393,2.016870962873797,1.1689179177072386,1.4089792159114107,0.1999386203314211,0.1838357600185841
22,-0.3814180660642248,1.7416482235979496,1.3861833150174956,1.576128024333613,0.1079703034986742,-0.0254167483925854
44,-1.0144990709466295,0.8767027130559137,1.096592560027066,1.4062414593001409,-0.162583090765824,0.5222992565320044
22,-0.3892059919405822,1.6509216284550288,1.4515092271056511,1.624040312474606,0.1324885980280004,-0.1239219218434959
29,-0.3499383282558198,2.0962307158559232,1.2851994755354266,1.3262055713202558,-0.101815015708307,0.3446161318669995
45,-1.081252732756326,0.6623028262453432,1.75405311683682,1.0469815177987238,0.200000009616112,-0.2704779735667921
0,-0.0555555555555554,0.1944444444444444,1.5707963267948966,1.5707963267948966,0.1331731936600837,-0.0938280440611772
25,-0.353895051037328,2.025060118034224,1.2094506556775908,1.394439672110511,0.1998427179938822,0.1726844903639929
1,0.0311801815842783,0.0996983303608487,1.7043677578356604,1.5026518034737062,-0.1932080141989657,0.4871534897319857
6,-0.0560083267943887,0.2834620963348044,1.7573429132488112,1.502388196099527,0.1999268791111754,0.4622166203130183
2,-0.0777272840361483,0.1996345339025221,1.5930244671788554,1.5641051487605728,0.0367087890560095,0.4434254718712155
6,-0.0522043800410086,0.367384644904994,2.2019669311728816,1.6905605820859215,0.1998741852787782,-0.0003192004283141
12,-0.2108484274310559,0.7270771102990874,1.7976139775153737,1.9269165758829967,0.1999880013180163,-0.1452671855782368
43,-0.9453780064837248,1.0948897177459629,0.8848422701146941,1.2101752174438356,-0.1999999880013123,0.2976278866432196
8,0.0995065520851411,0.4149313659877046,1.5604206706073622,1.5706862629629432,0.2000000099933329,0.6464201238983238
23,-0.3878020294636347,1.660426627817725,1.440694318213735,1.5886559395578386,0.1997913008231434,-0.1675815119746973
6,-0.0107931989036879,0.193972978321743,2.2361475537207465,1.7273567948842783,0.199948025683284,-0.0519360034966185
28,-0.2825059940327653,2.1682458655327554,1.3605588945236544,1.3397046696875077,-0.1611005963574242,0.3046908732334631
49,-1.0751850444390911,0.7102322336439677,1.6662727343526225,1.2758587816594364,0.2000000093322279,0.9964520681178922
48,-1.089350067627726,0.6759199377991667,1.8379337276008467,1.1319964223380574,-0.1580906199321304,0.0498295390027629
9,-0.1367069706432365,0.5325284799807938,1.886873305835996,2.0141184731520867,0.1999505559822936,-0.1425291247752988
24,-0.3493083440970874,1.7677945335628922,1.3392163972046711,1.5746253431731567,0.1999795583206093,-0.203679050806343
28,-0.3575779606899198,1.986904618191592,1.444105603189462,1.2526249790865809,0.0006025100806057,0.2403507018570547
22,-0.4073157896028285,1.6505318874230537,1.493439522632633,1.5984442407899055,0.1144385066020043,-0.1180120294894903
3,0.1040020171622574,0.4423640735712086,1.9728051731970648,1.5119499910835217,-0.1997360019153793,0.366888181997966
13,-0.1075203923402214,0.8594070400755713,1.9407038363488367,2.075026703147171,0.2000000099529282,-0.3219357030706886
48,-1.074759096399177,0.6683144051281158,1.9689480225231983,0.9432538906317814,0.0324512551836607,0.1064482063166871
36,-0.6620007530514467,1.5189492232899815,0.9006801071253161,0.8734562007295381,-0.2000000078637428,0.1081774430474306
1,-0.033275439546495,0.333609550359871,1.6311166594412665,1.5514560504505563,-0.1993357231109067,0.3625592571719649
3,-0.0424801588966741,0.0368479833995077,2.0231923098352294,1.310685521955344,0.0146842313850899,0.2593908682751436
19,-0.3972703620350003,1.3885394714257944,1.559056588509355,1.6797765172554515,0.1998421942964693,-0.019877609865523
10,-0.1418670204595829,0.7225178162666077,1.869708181031342,2.009396403057772,0.1999762943015595,-0.1059419180142529
1,-0.0331663834775706,0.2738351328803262,1.5896460193048505,1.5675635785132485,-0.1997619200139596,0.406943407764757
7,0.0121968982591974,0.3563397648299404,2.3242569910970072,1.727656717266418,0.1999693178891939,-0.1145076542642595
21,-0.3121929559377449,1.6730488502719452,1.490445160367761,1.7927812823391769,0.1575732024815002,-0.2861652150002728
1,0.0547743714138197,0.3390410587108221,1.4915053564080178,1.5813967758757077,-0.1998711087432003,0.2664692073823401
11,-0.1926892388606156,0.6134622748121249,1.822446585693632,2.013547425034244,0.2000000099527659,-0.304176134290909
37,-0.7693144365514887,1.4889038512801251,0.7584937518759888,0.8787920368602683,-0.1999999036482179,-0.0354648830405218
20,-0.3801044844020473,1.5064728876412716,1.501616251715694,1.6500075915317074,0.0866437554262603,-0.0509930267956747
27,-0.3268118242132202,2.1299020977944485,1.4156688145038228,1.3244750036336543,-0.1999999984849916,-0.2393840755790513
17,-0.3462781523159551,1.3309693255029351,1.588847749927316,1.7436473405502522,0.1999555622600505,-0.0295393345449348
0,0.0111111111111112,0.1944444444444444,1.5707963267948966,1.5707963267948966,-0.1999403285461828,0.3746942485993789
20,-0.3357887611382898,1.4623502417019392,1.560288612791572,1.6414206021417423,0.2000000096695223,-0.6322513657930784
20,-0.3648030631015365,1.596468149985486,1.4728822084751467,1.682242775016114,0.0009428804160521,0.0560366897415908
16,-0.3060424794693314,1.2251361364393234,1.6660508225348334,1.805107416045893,0.1999668675392842,-0.27942347830016
26,-0.3776126658336852,1.960512831878572,1.1520050579067398,1.4719757758765244,0.1999330824507578,0.0147371196285268
49,-1.0662866519396472,0.6463898941294346,2.072101340689932,1.0761146797968857,0.2000000099498754,4.311917544536025
0,0.0333333333333334,0.15,1.5707963267948966,1.5707963267948966,-0.1998855370646332,0.3758363301168786
9,-0.017657695772352,0.553161867749568,2.126906913765941,2.0027239972922506,0.199973086056502,-0.1089122106690056
21,-0.3746144363906774,1.5299505503584845,1.4784410992474362,1.620780517711521,0.199839633899282,-0.0132856418464001
0,0.1000000000000001,0.3277777777777778,1.5707963267948966,1.5707963267948966,0.1824898363344993,-0.3521421311486158
15,-0.3155043881840745,1.0508521904700736,1.6389921205726008,1.7884554037393596,0.199969527097951,-0.0727796308191183
34,-0.5787272361413064,1.6728909016483344,1.0342220277149,0.872041508418021,-0.1997817300076792,-0.0912937617515333
43,-0.9699785482127016,1.074138859612037,0.8180069206890206,1.1695097721487049,-0.2000000092353025,0.0061793608490295
3,-0.0634443047158613,0.1212072140083495,1.9107054221120217,1.367864002046972,-0.1295667735131837,0.1934287050519665
15,-0.2656697168873148,1.0865391219148064,1.6747175539520125,1.8795951478498367,0.1999783440977917,-0.092225666515961
2,-0.0380778498352562,0.1310377132501414,1.863338769474301,1.41730506931233,-0.0240350551834262,-0.0947435183020104
12,-0.203583527350201,0.8089820816850832,1.7789769937019662,1.9316883493543,0.1999722586946763,-0.0913784991053636
2,0.074530614351982,0.1221067421652619,1.835539356866155,1.4428768981991875,-0.199896354341498,0.3003377911557386
27,-0.3285184369685572,2.0937981698877914,1.315727779451576,1.3364860738982631,-0.073603010053391,0.3036540135921657
21,-0.4133075411888107,1.5595522508350503,1.501304273554359,1.6205493242136786,0.0984752015486191,-0.0615612889419316
12,-0.2063257558784685,0.7237909286954788,1.7384707863118989,1.952380885327874,0.1999901513369908,0.0143928754073178
18,-0.3624367530121238,1.3757429800218992,1.567388699450765,1.6970285736417718,0.1999693432763586,-0.0062956974313678
23,-0.3857701409405936,1.769615029090262,1.34712448815373,1.546663084610212,0.1998911534423936,-0.066815505135295
30,-0.3412295862402402,2.009039232929473,1.4870922798898558,1.1462649142552783,-0.1999996026374431,-0.0724635192554872
16,-0.3276430049694408,1.2182834451772588,1.6343164099988083,1.779728804990664,0.1999890036488793,-0.2592314928366865
42,-0.97347000196291,1.0408073342897606,1.0427836645717603,1.2800572730233988,-0.1999998590661548,0.0276448372975614
32,-0.4606791884321742,1.8409502687468784,1.4440595314219251,0.972091905763824,-0.1999729383316767,-0.4597298920545611
45,-0.9613528298532724,1.1845031745716987,0.8474292057242732,1.19498655627937,-0.200000009992823,0.0708547156741575
10,-0.0800697514261523,0.6537805441967331,2.094490086133792,1.9784798761990727,0.1998732826765722,-0.3903950842991127
6,-0.0716047106516901,0.248978003478739,2.1410999643292765,1.5707589963192874,0.1999283663928052,0.0211347384280765
28,-0.3115285587175716,2.104654777822818,1.354605161645685,1.305130360513271,0.0380105289609367,0.2934950438619117
31,-0.4198619035364183,1.8989717733883151,1.4884004640069346,1.1124684190049314,-0.1998678708178583,-0.0539014534749619
9,-0.0983179592016008,0.5296594203365861,2.17673619233418,1.6959761359447485,0.1999084895135953,-0.1787383560322729
29,-0.3757930327706829,1.990673020051039,1.4468385885146002,1.244251185160525,0.0825875994286915,0.1194895494671269
1,0.010888913583504,0.2600391832309908,1.6227081129935126,1.5507254217410884,-0.1998115370675795,0.3828067600138902
12,-0.1951304218628241,0.7199872713308152,1.754459940889154,1.9572607627038223,0.2000000099574219,0.0471376405282941
8,0.0773678122038449,0.3359260013881888,1.5217141593482832,1.5626116888930388,0.2000000099740501,0.6365060087359709
48,-1.068678742790006,0.6576465668807805,1.6321101681533827,1.1659430479967587,-0.2000000099468941,0.2839050413691169
31,-0.3923993185050952,1.9464175313030652,1.4801570596781115,1.1887424216652245,-0.1998827387344803,0.0992666262778339
34,-0.5440203092073713,1.6765800219692917,1.098284070440803,0.8976185953797341,-0.0069030330546001,-0.2763246565030736
23,-0.3780633800410142,1.674968847402346,1.3669190381735103,1.5536928197133753,0.199961626469565,-0.3255210715984608
25,-0.3713974541986507,1.940891472134974,1.1689262195166688,1.4869100006950753,0.1998961918696294,-0.0079773434633104
36,-0.6363339785297496,1.6237610185042286,0.9141332070019584,0.8095515070618711,-0.2000000041970779,-0.0588307751062254
15,-0.320863957140136,1.1657507046598106,1.6590900580075123,1.7816292230572357,0.1999779857717217,-0.1235596928530605
1,-0.0116126762407472,0.3046142648656743,1.6901468644526343,1.5246003619618262,-0.1456341584100731,0.2743806937436484
8,-0.0256720082372057,0.428014847235925,2.19085252384213,2.0274930061935,0.1999375376053536,-0.3675643547079991
46,-1.0234614596275926,0.8418377025107784,1.1652009031411747,1.3486348672737578,-0.2000000099241573,0.3365896126451499
7,0.0957753264444865,0.2985585005974828,1.975776293711355,1.7440650232686603,0.2000000099567316,0.1476070637839242
22,-0.3554174031323194,1.6134789014317583,1.4170138845827918,1.565675255068156,0.1999721526811473,-0.2427902324171726
0,0.1000000000000001,0.1944444444444444,1.5707963267948966,1.5707963267948966,0.1985157296788187,-0.2420414008807337
3,-0.0110242821771678,0.0931740761463289,2.0255645597961287,1.195988690169452,0.0380347207543205,0.1704603003158751
18,-0.3085411330679051,1.2778138219355228,1.5943605276432375,1.7560280215423956,0.2000000099934138,0.183913773047918
21,-0.3856786400985147,1.5951417404746433,1.4673616188254694,1.60613467212233,0.1008068253757724,0.0392834529069023
38,-0.84857256009031,1.3298961561035687,0.7890200187491416,0.9859113033238208,-0.1999791789183697,-0.0403070724431289
0,0.1000000000000001,0.1722222222222222,1.5707963267948966,1.5707963267948966,0.1997793340465271,-0.3401533708222552
5,-0.0077999132292254,0.2352685228887785,2.211921968558107,1.4688926259335062,0.1999421618618904,0.1683069804299173
46,-1.0279054453844412,0.7729516177411141,2.3809821857747178,1.3432318813056248,-0.2000000099734547,-0.2700593392112287
24,-0.3805446817816387,1.80638114728588,1.3400130654361586,1.5603449423729157,0.1998526938181714,-0.0777139744993802
1,-0.07852897362078,0.3168460615546163,1.4945513443479692,1.5809853451837077,0.0652426280870999,-0.1136214627671379
5,0.100294169781158,0.1357543945632638,1.5583059723165371,1.5782827795590737,0.1999167291963311,0.5049871355566671
1,-0.1047037359349882,0.1438565496915686,1.7772317985984063,1.4522418697172457,0.1998702704535614,0.0308902753204562
1,-0.0555215167319027,0.2987884004283092,1.577267182120357,1.5691591670697993,-0.0734806823366401,-0.1796388104817433
35,-0.5786922347499682,1.688221665022595,0.996419378617082,0.8068372503994654,0.1784622036415813,0.1589191872027001
3,0.1032394477209691,0.2915248344173928,1.8821708122876029,1.5410008181037862,0.0439119212893427,0.4395535600432887
29,-0.3500178586518926,2.0275756632517608,1.5140276811643152,1.2459210823712417,-0.1909709359173615,0.1015670281723968
40,-0.9338818342804128,1.2567195065234382,0.7644137414780001,1.121302883856586,-0.2000000065485754,-0.1095414929646542
41,-0.9172858812911548,1.2398526315414558,0.6746430937228367,1.1584114643253496,-0.1999999202600219,0.4343608721824373
5,-0.0096907243036967,0.1906629770203061,2.208534644046102,1.4055419910711102,0.182295716460551,0.0968171354821738
24,-0.3668078077422774,1.8110219618593293,1.3198345155439646,1.5857736681431571,0.1994481796814577,-0.2252090797871452
47,-1.0609269193575634,0.7734853885015923,1.477263533571039,1.3903847882853804,-0.2000000099298003,0.172752423796202
16,-0.2941801951476089,1.1409066104157972,1.643967111655746,1.8217228368781424,0.1999679719941113,-0.0540349362641051
19,-0.2759821343083783,1.429021586504542,1.5950272008770972,1.8702430302895496,0.2000000099935234,0.1931704069859123
4,0.0075246318460908,0.0941045706003798,2.164825731017862,1.3506165458407016,0.1999476818316058,0.2309952294414352
47,-1.0302706458138386,0.7747120621462366,1.6551278343540032,1.3179973050895033,-0.2000000099782589,0.0360435294770027
32,-0.4402371419907813,1.7621047475320164,1.4777666656908135,1.6553184159690155,-0.179419522158259,0.3044512639217015
6,-0.0092776270829077,0.2193472344118759,2.2367283339288573,1.6940183731193907,0.1999387612787135,-0.0240437380226613
27,-0.3621368652864191,2.1104699422220667,1.4278656328704695,1.2985286235125022,-0.2000000095570593,-0.4705620025288931
1,0.0066834707902345,0.1654350375874161,1.7629936698821638,1.4602172331028198,-0.1999124179213187,0.2471038638889303
26,-0.3232309110396373,2.046841328851972,1.4799767332759242,1.1745621357488365,-0.1790154113786887,-0.0117618236688356
3,0.0338299575120224,0.0984053297621514,2.128801525631223,1.3809379267210204,-0.0096422639117267,0.2017991529043661
1,0.0999652643013475,0.202495833427462,1.5628724741425852,1.5729220415731953,-0.1996487714265966,0.0107914374167452
32,-0.4959758573551487,1.7784350655805874,1.1957443366434912,0.8718503615095052,-0.0168237901394914,-0.4086870415899228
2,-0.0404161009991822,0.1293814964220576,1.817523525157247,1.415600066757427,0.0038882225068881,-0.2185034901447897
0,-0.0555555555555554,0.15,1.5707963267948966,1.5707963267948966,-0.1997542636124926,0.2780741915179222
21,-0.38033993422363,1.6279716906624422,1.4518843601134162,1.624789266132418,0.0743204198586137,-0.1116779616541976
20,-0.380402921203088,1.520796545654945,1.4936543638494353,1.6388772282932296,0.0810008741755785,-0.0469340944442889
3,0.0521912484844864,0.2022475508953694,1.8449646173505168,1.4378794166232909,-0.1956360326985692,0.342841513686055
0,0.0333333333333334,0.2611111111111111,1.5707963267948966,1.5707963267948966,-0.1999421749747252,0.3726202475038699
2,-0.0085453125363618,0.1038458921033032,1.8824900150766544,1.2880579828863308,-0.1176023649584642,0.2023259420854422
24,-0.3868907183674004,1.809192865477507,1.355602421858583,1.5638592910316624,0.1996040963283077,-0.1649553673100651
7,-0.0085362653352422,0.3155513420337546,2.251023257810388,1.6000516659430746,0.1999660449940605,0.009876008433981
22,-0.348683837480171,1.7369229621572688,1.347980071851287,1.5860649366713673,0.1997328877156787,-0.0590528416406941
6,-0.0119612933087208,0.2339146583840681,2.222032801308904,1.7419064252367544,0.199944361860256,-0.0408568254400799
17,-0.3035645909314469,1.2002131564513243,1.602426734813724,1.765740034382104,0.2000000099933361,0.1695642368556632
6,0.0995268101173901,0.2670786098944256,2.1362150269485234,1.6872853495021582,0.1999680408829245,0.2409858092092341
10,-0.1069415236358871,0.5020782819789922,1.9096889543023448,1.997203785488672,0.2000000099525765,-0.1785837703472921
2,0.0555874517133749,0.2151898592458256,1.573977411785398,1.5702061046532525,-0.158248618687838,0.499991203711239
26,-0.360482791976827,2.0216798679524977,1.169080247231994,1.413274939583893,0.199898341090177,0.1441874162286121
25,-0.3326305724854205,1.9750512670129805,1.1841050023820738,1.50603561994962,0.1999649125650761,-0.0136661550858691
19,-0.3549842240037983,1.500554000574141,1.5523844520237784,1.717469724105777,0.1988985651196377,-0.1335848466761459
3,0.1015674132564459,0.3761915726943584,1.8138221437719209,1.519539033363228,0.1999303523967259,0.4289739477771392
18,-0.3376440670539704,1.9155123972972816,1.4381676372578387,1.4755230153589023,0.0264807326548065,0.2404630966933573
6,-0.0103146903973522,0.2034230328438258,2.234549590447221,1.7149960363578514,0.1999783479088248,-0.0412787264612284
5,0.0409192386484795,0.1991890656156775,2.2370995889094214,1.5325764771998671,0.1998050968578893,0.0806263500126123
43,-0.9688538694859716,1.1769411510080705,0.8385754796352725,1.2046664927374484,-0.2000000099501002,0.0563612953471759
6,-0.0507892363803573,0.3891943529592713,2.182503298917089,1.6863200260049132,0.1794371787475685,0.006909173099533
31,-0.3997783500201456,1.9270941078051755,1.530458741470922,1.100317188425931,-0.1999355200800239,-0.1427960277633834
20,-0.3638736626934234,1.5200617056746313,1.4501381924492158,1.6577546818915725,0.06582380778865,0.0070231586735254
7,-0.0771996415986033,0.2477429104632508,2.152096980312143,1.7175002482670827,0.199994900250723,-0.150579784538216
19,-0.3718701380403073,1.5151882994798185,1.4785582880165915,1.6714051374062502,0.1989434442481948,-0.2097604057589841
44,-0.9757554209157092,1.014726193802759,0.8566157231715064,1.2396373820448088,-0.2000000097054918,0.1333389983106652
0,-0.0555555555555554,0.2388888888888888,1.5707963267948966,1.5707963267948966,-0.1999401343965987,0.4580140345852546
3,0.0781892790367015,0.2228578140837213,1.783689168342624,1.5050227638170557,0.0585044809747716,0.413982762111462
31,-0.3937423413450076,1.9457793173346711,1.477036059894834,1.1949909889724837,-0.199854453614186,0.1125499056709085
49,-1.0809496219807988,0.6803156041034263,1.4297397724029164,1.2775429523679185,0.1295060582886875,1.1321974119101648
48,-1.031374327832664,0.7194235521020187,1.44458789850143,1.351833687021424,-0.2000000099535755,0.4571363957276077
15,-0.2866855890027098,1.0187485130569949,1.6511342794019002,1.8380543338939943,0.1999872533274183,-0.0550636466710841
26,-0.3370975738724743,2.1196038640413564,1.3180525238302092,1.326230843770788,-0.1322765282160312,0.1652657678454246
1,-0.1004758933847448,0.2153162336139,1.51054318720964,1.5827417426116814,-0.1999085768485513,0.3661581187208843
47,-1.0482435064305835,0.7639257597305112,1.2652130807426314,1.3624176423100856,-0.200000009864232,0.4848447099596125
17,-0.2835127145968726,1.2398930259949157,1.6190825151887278,1.7902417182821448,0.199989403792848,0.1765721909147722
20,-0.33803819420884,1.4819950729164015,1.5461849803712706,1.638446167380044,0.2000000096575112,-0.621806167418258
13,-0.2557895611637087,0.7959519116806644,1.7340035690602402,1.944536313533744,0.2000000099929818,-0.2654970126764683
10,-0.143010429986066,0.6753549377360362,1.871475220718656,2.060898398974327,0.1999389813300453,-0.1935982746135701
30,-0.3841902143633571,2.0383948466615087,1.5440233620491366,1.1989279709473852,-0.1999964195552813,-0.3759722601862765
1,0.0777211440367275,0.2757395563184467,1.5459950315442423,1.578270780893407,0.1206223491862124,-0.2856741319179692
41,-0.9149142878012688,1.1811771117899197,0.6909597116198878,1.1238358324535076,-0.199999970823084,0.4060035773653437
7,0.0086789920430212,0.3113576032583944,2.310951435067926,1.7678929658080291,0.1999559394903605,-0.1333534467738371
28,-0.330786120113736,2.145240145614531,1.3343056748297553,1.3302630910371342,-0.1999943867229326,-0.0382608909797658
1,0.0554087929386321,0.3042914261511504,1.5246431613948683,1.5840842432350686,-0.199931727970925,0.2808744805448313
49,-1.075896180000144,0.6325334031018289,1.5944587821748597,1.1820888417791586,0.2000000099338494,1.0080523095751783
34,-0.6009448806630917,1.662262908647946,0.9750085781004768,0.8114369772628621,0.079606766709766,0.1973142001236927
37,-0.6751379848860612,1.5086313672440488,0.9752639579263072,0.9330143094941002,-0.199999980039561,0.1147509259919842
0,0.0555555555555556,0.2166666666666666,1.5707963267948966,1.5707963267948966,0.1494447317461191,-0.1330514787925186
16,-0.3089540152926911,1.2128666110398862,1.6392044535059933,1.78941115120145,0.1999676967385322,-0.0907221308002043
27,-0.3089536560220591,2.0946886753262235,1.2707537683334689,1.312583772151858,0.01231466761547,0.352763986098505
19,-0.3720127840994546,1.5004893174326792,1.5341819571938853,1.6784456245878343,0.199909352581534,-0.1234494796181502
31,-0.4087417438052583,1.9374041899234893,1.4747631205853562,1.1616489687436586,-0.1999996227850461,-0.0081121384934355
12,-0.1674227197971909,0.7783449380888603,1.8119101842736365,2.040313513675492,0.1999756811623309,-0.1808738831766617
12,-0.0816935670947262,0.8083211285004677,1.9392663375368289,2.130320229629981,0.1999940082945617,-0.1396529522723383
37,-0.7455304034942145,1.537500682050069,0.895479199537311,0.8904139706463492,-0.1999999857876302,-0.3133292130318516
19,-0.3762585785722025,1.4404417886641645,1.5178089375284056,1.660928956987784,0.1996655421820586,-0.1793204026528332
9,-0.0491144684926969,0.4809649315896552,2.1744932629447784,1.9290759030609528,0.1999798561855225,-0.2652157170534727
34,-0.5498015253923951,1.7166158224423071,1.0369667291201408,0.9019552041785804,-0.1999249503626982,-0.002432393035598
22,-0.3641525749845219,1.614425534450074,1.370031052092714,1.6782881460431702,0.1997906072458344,-0.1290295048038756
17,-0.3046696919098222,1.154872231811917,1.602073066928659,1.7173862411828704,0.2000000099729448,0.2184195459761916
1,0.055569590705136,0.2043781996605879,1.579660260179315,1.568035180951791,-0.1998220697615648,0.1781318179117945
15,-0.2628499220084058,1.0082271830705494,1.6809148574855666,1.8847690679830584,0.2000000099477255,-0.1161986371175488
44,-1.0211364303943002,0.8347674937329133,1.2737208130203057,1.3457717177065704,-0.1999999427642602,-0.0262339618231445
20,-0.3803278073449238,1.57154524913485,1.4515841054406504,1.6376867048869606,0.0391001968986799,-0.0098479875214486
26,-0.3437459164081498,2.1048945979060045,1.3070581118252615,1.3248551460988132,-0.0729213436452767,0.1820332098078755
23,-0.3558659955264968,1.989367913748098,1.188499373444591,1.4234836405052345,0.1982743426779865,0.1461281392389356
22,-0.3980333038881645,1.606365839073835,1.4974432392653565,1.636561639281252,0.1999292236857492,-0.066171631180937
24,-0.3536656300850747,1.783283628685114,1.308985953280006,1.4947127756510454,0.1999923763762373,-0.2310690306029358
6,-0.003383496853334,0.1608408735974558,2.356290974715028,1.5095129668608478,0.2000000099461532,-0.5704553692456117
17,-0.357373704148296,1.3199688089080548,1.5997829298165185,1.706437037928113,0.1999641569273974,-0.0332854194891646
36,-0.6575743069285723,1.611486554281235,0.8757675560798983,0.79434129831272,-0.2000000096005265,-0.1749858540889404
24,-0.3313593113580134,2.018746498825262,1.264018359958341,1.403009217616095,0.1999380410615585,0.1160742964976932
20,-0.359734659098338,1.420454605972434,1.5690882364895682,1.6765601517378446,0.2000000099562455,-0.0259133842961955
20,-0.3618944562525686,1.5307320488040737,1.5185515391508957,1.6679154200422028,0.0259537269920816,-0.0494606349174146
44,-1.026360107579753,0.8154737606230227,1.2191466326501708,1.3526976400141593,-0.1999999807324222,0.0376635744443031
40,-0.8900061741648755,1.2328486717363083,0.6993286917593817,1.0547005180054287,-0.1999999893306993,0.1694573053437799
0,-0.0999999999999998,0.35,1.5707963267948966,1.5707963267948966,0.1861652483152519,-0.4493625833112221
15,-0.3247998264137207,1.168676223125668,1.617641401537929,1.7537499637187413,0.1999764735775173,-0.0206272206320347
49,-1.0923696034107493,0.6259137737780233,1.790202186697645,0.9446605093845042,0.2000000099667171,0.622175896059587
3,0.07757371855404,0.3185267194100356,1.5440735752370696,1.576555995509117,-0.0575659917874703,0.451662067397849
33,-0.5213661478402088,1.7438680645953486,1.20617566283644,0.921618042449099,-0.1999039494714356,-0.2633770797306314
32,-0.4031754876213153,1.8523604287396769,1.505126022794519,1.555073422522426,-0.1587371085725006,0.2432990176739682
19,-0.3444637995310356,1.4236866082893358,1.5135833917702763,1.7281101480802592,0.1998722760951197,-0.1268685984353308
31,-0.375591504447175,1.9904318170636908,1.4475546638157706,1.24283482953192,-0.1999999369494758,0.1467922904862417
0,-0.0999999999999998,0.1944444444444444,1.5707963267948966,1.5707963267948966,0.1996243258761508,-0.4421779976392802
14,-0.2737304344774518,0.9130283963171634,1.708487526574407,1.88575972496434,0.1999971072608553,-0.1143296261740172
43,-0.9888875541924618,1.0988910628164903,0.9178184616055828,1.2648505622000423,-0.2000000092188923,0.049343912910798
20,-0.378197553480261,1.5267925435304943,1.4817654649403431,1.649303375755962,0.0652431867416143,-0.0214871046878652
20,-0.3398383986453018,1.5174667755650857,1.539228037991796,1.6419606970023626,0.1404451344686589,-0.0937804311898463
14,-0.2852721431435355,0.9562954891666215,1.6627960169889773,1.8345993410794927,0.1999630746770147,-0.1076244546162334
13,-0.2689593889155854,0.856906382866327,1.6809296405532446,1.866363167617726,0.1999680690307669,-0.0673347044768348
31,-0.4279710042540013,1.8615718407665165,1.458828174569879,1.0305287711690865,-0.1999714175628845,-0.3485996772954506
48,-1.0366394557344292,0.7594962954347155,2.426783687495861,1.2955845406837274,-0.2000000099429421,-0.237371092189914
14,-0.2461163004214412,0.958493660404542,1.704222780086237,1.914983684642005,0.1998776095177369,-0.1490971232347608
0,0.0111111111111112,0.2166666666666666,1.5707963267948966,1.5707963267948966,-0.1998444228098203,0.4071323335602944
1,0.0782512747401059,0.3664962029212352,1.7491548667338233,1.5175284483932334,-0.1345974428958895,0.5029139876223305
2,0.030985653476488,0.3599988358397984,1.7006276894398864,1.501927458163263,0.1990541033446455,0.5765499001424121
26,-0.3465924625786415,2.036520871966372,1.172355381493643,1.4239362127557806,0.1999106097436112,0.2060313569889765
36,-0.4951553083310845,1.7162389925004282,1.4602421029147248,0.9807438823424957,-0.2000000097518167,-0.17514828157722
40,-0.8170393785897638,1.3960050275343798,0.8145877373673928,0.874791149430701,-0.200000009944015,-0.2952007337828912
8,-0.0670615089410945,0.4072587956815293,2.1073557595398764,1.9993110533353424,0.1997907638316528,-0.4005821167936185
26,-0.3539967893632403,2.0466606964040963,1.4318181900915246,1.2816019073688234,-0.1354228612756511,0.0954435126711391
26,-0.3519959932877464,2.0026975996482537,1.1842503337433028,1.4237930793535831,0.1999721159505698,0.209334478018767
23,-0.3747055674613249,1.7462405656422748,1.2455066234643877,1.5810542564846692,0.1999761575658868,0.0036601823562354
19,-0.357626997755644,1.4038632048878577,1.6003939668324332,1.7404150787952646,0.1996097411665804,-0.2163316850914238
45,-1.001074866535118,0.9608245136718774,1.1624162884099745,1.369383200419799,-0.2000000099386467,0.3460466251678364
0,-0.0333333333333332,0.2166666666666666,1.5707963267948966,1.5707963267948966,0.0939976925309012,0.022822378953226
16,-0.1896549517573499,1.17736732554132,1.7882027747717242,2.002747505374229,0.1999780327864848,-0.202077904228736
21,-0.3724656649644657,1.6761736362315234,1.4507598774373496,1.602848348131511,-0.0110353231105854,-0.0778796323131161
18,-0.3862719337966693,1.3021196358046585,1.57651257986692,1.6851663401687331,0.1999896041603361,-0.0963939235191498
39,-0.7572499697010817,1.5065614379417855,0.7912219027665,0.8107924268168134,-0.2000000099468096,-0.2580485697231306
35,-0.6065377163608101,1.6230095365977653,1.0244002836432795,0.9048803873116956,-0.1999999180657714,-0.2777741463799619
0,0.0111111111111112,0.15,1.5707963267948966,1.5707963267948966,-0.1998419802877769,0.3802298303769299
32,-0.3996778405923286,1.8523159973941967,1.4998747269299368,1.561125809739163,-0.1132250225402677,0.2408022596099114
15,-0.2367695616416717,1.0081267215177865,1.6732182587173323,1.8861958723019343,0.2000000099521288,0.1335600469823197
24,-0.3364690207295954,1.96332746018712,1.2706137973910367,1.538067908595286,0.1864426657399305,-0.2283861979131503
9,-0.0495749677149679,0.575112333514264,2.064217315116201,2.0659636692401504,0.1999611385891249,-0.1930072611238873
5,0.030584661536242,0.1461718772001425,2.226646771197092,1.3980382463771983,0.1999584802441655,0.1486886017841955
34,-0.5477808795476546,1.6828207141108698,1.1530967029419283,0.9384300448107444,-0.199998325823192,-0.1249009152696627
14,-0.3027637962675798,0.9790828272941432,1.653726213672433,1.8160000955845883,0.1999828749790296,-0.0713675191266565
25,-0.378344351983456,1.8676673518059712,1.26738299528626,1.5160708930291196,0.1999081207977816,-0.2123701806235644
16,-0.1723450980587578,1.1026728304983808,1.7596140029516558,1.991441440638602,0.2000000099727872,0.0911573092775542
26,-0.2999314297275158,2.049248983847217,1.1808691369977335,1.4244901393107952,0.1999924171339934,0.2628756945025586
42,-0.9774702179947524,1.0290364303984316,0.8604752621776348,1.281483449100271,-0.1999998796432303,0.2421343066474681
0,0.0777777777777779,0.2388888888888888,1.5707963267948966,1.5707963267948966,0.1544764426950508,-0.2874611966702439
6,-0.0098126062527101,0.2693046110218621,2.222923324504171,1.3955911234394491,0.1999206973154057,0.0962143995596259
1,0.0094071666369031,0.2037600324292007,1.712768674888883,1.5039105987840422,-0.1999137879659677,0.2875762551345079
10,0.0848890369723283,0.5623553475230332,2.097815369316612,1.6241895135638027,0.2000000099607946,0.1484551521121653
38,-0.7755901719763829,1.3917064988631394,0.8735556215892757,0.9329912889366202,-0.1999999303078645,-0.0185524984566948
13,-0.2247332198008536,0.7656558578946876,1.70295570517448,1.8995734409580909,0.2000000099479955,0.1039411428642719
12,-0.192392098074733,0.6775275573775374,1.7507657604899745,1.945348881926332,0.2000000099528746,0.0776337707667624
47,-1.046367994455989,0.8513771086650653,1.19587487826613,1.4576891820678128,-0.2000000057707602,0.3559403540060237
21,-0.3666250625738272,1.6426912348966614,1.4447658071902136,1.642380472642466,0.194992044593511,0.020892314846998
45,-1.0050982421773085,0.8619666057163249,1.169321049996887,1.4052513644971594,0.0976168221727853,0.398146565718568
32,-0.3905346097552498,1.876076110616379,1.4897953989591937,1.0828269051418995,-0.1999999927402463,-0.1893973372594267
39,-0.8304799738898963,1.3852048518714235,0.7895217225735247,0.9208963763953506,-0.1669434282455467,-0.2393823415559363
40,-0.8778108139764479,1.24758071831402,0.7044302905586104,1.016984933043503,-0.1999999431466577,0.2014461713958967
24,-0.382779695453171,1.7571031494499405,1.2718682023913113,1.5248088888898792,0.1999519493102189,-0.0219012341248016
20,-0.378722196082048,1.48843388254106,1.5160716148701052,1.65618982133807,0.1384791349970543,-0.0647223659964733
28,-0.3562695538244163,2.0541025208963912,1.2100606868651251,1.3800995929521047,0.1998284239607471,0.380578818895586
0,-0.0999999999999998,0.2166666666666666,1.5707963267948966,1.5707963267948966,0.1267728261096937,-0.4128075021898794
45,-1.0158122280911612,0.9447414749314028,0.962806305908833,1.2953065947691544,-0.2000000099859272,0.2537757555402734
28,-0.3565607943625865,2.002193567708076,1.4343455997057857,1.2616921115907875,-0.0192535143909718,0.2395893513591055
28,-0.3100887858175453,2.0955858909597893,1.4467962431397776,1.2307518264430628,-0.1990238491758991,0.1232075522608483
44,-1.0481121429144364,0.8122224315784996,1.1679668920722346,1.3523236000756391,0.1999999983990323,-0.1588676314031787
15,-0.2773263854407269,1.135578281215755,1.6935325982656817,1.8599795846955045,0.1999926702231723,-0.1159664098568582
31,-0.3911407342579554,1.9189653978182253,1.4492565403368811,1.0088761730272595,-0.1998779985788539,-0.2518312795715589
36,-0.5657733959662858,1.6528430450385825,1.1244054968145232,0.9269498487320172,-0.1999999826719554,-0.0587009893154405
48,-1.061292727325515,0.7870626372382348,1.3708360912886004,1.4076801598529272,-0.2000000099701539,0.5263051050393833
26,-0.3808273441130289,1.9219290108535392,1.240031239637409,1.477260808931205,0.1999401373365529,-0.1804414401957098
16,-0.2956629149525835,1.1405316258509592,1.6483715589347998,1.8156554383898296,0.1999882952638128,-0.0817175641906507
4,-0.0240600075218245,0.0946201013678592,2.134458386400018,1.2235569040859762,0.199947854189318,0.262557656161311
11,0.0362546023487563,0.6617569184325117,2.192601745077644,1.928224582192323,0.2000000099597599,-0.3263390729947931
21,-0.3764457509510574,1.554370847356611,1.507045247652803,1.6630689981169229,0.1985712444086754,-0.1002076135991392
21,-0.3819925923554671,1.6045009861211958,1.462484867372785,1.6219283533781197,0.1998443043397545,0.1031587004629309
28,-0.3435133140784061,2.054690297008153,1.445421776501119,1.2708364480969367,-0.110420449476444,0.1172069832879945
36,-0.7029334625053067,1.5634477954841417,0.935360404019027,0.8211258778212682,-0.1999962068875141,-0.3537333042860762
18,-0.2942263524670741,1.316290704934593,1.6096255650799765,1.829784126610158,0.200000009940437,0.1177861862578802
11,-0.2019462991546111,0.7423421415044907,1.7795278700676302,1.9918126813389945,0.1998387278433727,-0.3000433383919772
32,-0.4640255055634765,1.7632913750160009,1.323492364087377,0.9312218739445912,-0.0245846937413198,-0.4578610572917124
48,-1.0580711946872117,0.6892616683789654,1.3986996422198157,1.3037565583062418,-0.2000000099435619,0.660041708490489
17,-0.2990492219622245,1.2413384400349443,1.6064681383457522,1.7510233526324526,0.1999892341117534,0.1756368063917805
3,0.0715499883508937,0.1047147959304468,1.98922120133904,1.3509451235279883,-0.0369198400766331,0.1390464155161088
21,-0.3840561503642323,1.5857388238733676,1.4701533066716532,1.615113533793419,0.0100906143860389,-0.0306908549739991
49,-1.0667770498921658,0.6705740848409044,1.715253966921244,1.0838627805733103,0.2000000097104723,0.7787993214416907
8,0.0750375890186036,0.4274894276125811,2.1887623193350176,1.743321440929494,0.1999852471794574,0.0504502996966135
10,-0.0904517330228803,0.8142379915457867,1.98955951544014,2.080706251878046,0.1999695918502437,-0.2904153443292581
17,-0.3294644167005847,1.2119503007845214,1.6201893008717705,1.7426225319716102,0.1999732942230822,-0.0319162701898797
19,-0.3334494521875046,1.4673882756570675,1.5015747221794469,1.6818594832518,0.1998991488447399,-0.0682300371182333
27,-0.3394044080309351,2.005892154791076,1.425103616961513,1.2253360159548603,-0.0654198502018182,0.2174155991134531
38,-0.7664835681430046,1.4942839457777666,0.780326479175363,0.8129243015506648,-0.2000000098173691,-0.2701483578452656
23,-0.3854232326543848,1.7364934528617928,1.3915572921421866,1.571184421514598,0.190791954099795,-0.1006804321958272
28,-0.3147192146361145,2.0809293328981897,1.4567653025176863,1.2326159914145007,-0.1695642100472519,0.0773468844303584
35,-0.6076327995083857,1.5964413097813694,0.958837871500526,0.9008074343682152,-0.2000000087193852,0.0570240771416385
38,-0.8080619902149406,1.4478291662142877,0.7375861378994326,0.8492770458079237,-0.2000000098832777,-0.1353277494765124
38,-0.8055739496113675,1.4057940004630989,0.7475373063008561,0.9201885401952506,-0.1999998906193861,-0.0229790422250119
2,0.0781798319909495,0.3143712781341229,1.6273656162109713,1.5584939487053535,0.1049763256288011,-0.1447905736911283
22,-0.3780460338789843,1.7381541597606307,1.3885142813113074,1.5982166005903855,0.0684188565617485,-0.0371481168332803
32,-0.4649545045099659,1.8162286536101715,1.2801685082402567,0.8891853978198618,-0.0967340015275739,-0.4637887287585575
29,-0.3966980591543226,1.935848147291762,1.4978086995568614,1.1498983909085327,0.195495517538063,0.0407455581738862
24,-0.3514062785977234,1.695680874609052,1.3739387402918677,1.5381889321429372,0.1999921217322721,-0.4000555735201331
34,-0.562371037540199,1.6371124220782145,1.0632415833559374,0.8785497755096339,0.2000000096069315,0.0307158831134412
7,0.0774716109687636,0.3680124232624505,1.5550761642542223,1.5688323148747036,0.1578205929655603,0.6344176303282595
32,-0.4323756461999642,1.8753221239953304,1.459151824065719,1.079978957403063,-0.1999796418657631,-0.0787146739673077
8,-0.0528501144337944,0.3442688598880576,2.107929983237062,1.8600549788683645,0.2000000099560486,-0.4161151511353944
39,-0.7886949141261834,1.4217602778615006,0.7779398254111953,0.9078256701772728,-0.1999999689892199,0.0796004218704751
15,-0.2474996019450191,0.9996381947733616,1.7457546974208693,1.938100300551836,0.2000000099581693,-0.2649391466272685
28,-0.3590473251326526,2.146949503438968,1.419880257048879,1.32399253717522,-0.2000000095884732,-0.2914915660507956
10,-0.140391699035407,0.5365291612477336,1.8139567981150488,1.9426207522887344,0.1999885243424816,0.1015765274905123
29,-0.3665236089963085,2.0309330831389825,1.3383486765113215,1.3084714110582616,-0.0729006057792318,0.2989187406788737
16,-0.2531182407778367,1.2149236778417758,1.650925480821405,1.8720812503136104,0.1999903286606124,0.1169168838254093
14,-0.2237677533389617,0.8952409697490702,1.7801413471486909,1.91425233507948,0.2000000099436317,-0.2855067493615439
9,-0.1495174473037527,0.494731000100123,1.8606605220107124,2.0041828186538027,0.1999868499080186,-0.1222574596148748
37,-0.7081725433626741,1.5487054183988505,0.7953996650896853,0.8643613028208353,-0.2000000094623638,0.1433381937718518
5,-0.0998332541532673,0.3452848885382668,1.5934218699720244,1.560439806050503,0.1434127558986555,0.4896378227541834
6,-0.0489525843902024,0.2285363520977191,2.2140887240555625,1.6221118834026391,0.1999621332616492,-0.0456207427214913
35,-0.6527642158047212,1.595194513509413,0.9241790093496408,0.8674385140635305,-0.199983588755301,-0.1542974884863317
26,-0.389007203487283,1.975270631990312,1.2471378530052046,1.4679653018676522,-0.1942251199158005,-0.2709090259782675
35,-0.5812956174338219,1.684960146679613,0.989455928155456,0.8056430502028328,0.1997760255150092,0.1640136203936678
14,-0.2507746790420641,0.9279675582029804,1.7267064015057425,1.8941441116922169,0.1999946610384114,-0.096198843995915
7,0.0366350204305434,0.4019596735411465,2.2100463854756693,1.6827359449983257,0.1999681915954252,0.0823424482229012
38,-0.7810344528003131,1.4824864441370873,0.866136853643928,0.9005666163375822,-0.1999998754179791,-0.2942237328899759
32,-0.4734317080147708,1.8016972805592428,1.3909216253694634,0.982103761313558,-0.1999814405975991,-0.2409096977130902
30,-0.3828689256336872,2.0387332190158824,1.54213780636457,1.20083543235619,-0.1999965023601311,-0.3597653946983907
36,-0.5734986367643821,1.6962545572186172,1.0120603005078177,0.8092492012732214,0.2000000097760436,0.0381152655927354
5,0.106986310213093,0.3140027852684988,1.9350006760167269,1.5429071597136117,0.1770847459456138,0.22127400926009
32,-0.4370118061270482,1.852656819471592,1.344453559317861,0.922456263258432,-0.1913039139564542,-0.4989083019828711
8,-0.0771537553020701,0.4523800860078166,1.6386816586044173,1.5603202800172664,0.1999711713632287,0.5220308731677313
10,-0.0725215837121218,0.5237061046218331,2.069472865262304,1.9896900295377409,0.2000000099548638,-0.3992553104884478
7,0.0988273522974502,0.3811615914856433,1.860656961678722,1.742315802202134,0.1697865144606892,0.4365840442688734
33,-0.4766439732331489,1.8008196295575785,1.3856911110368113,0.9883870340421588,-0.1999999324997211,-0.4751880866641469
2,-0.0412522013150677,0.0723014181884528,1.8747262443092207,1.3840251704304347,-0.1992680439113304,0.2710619159204581
4,0.0322065747074905,0.0948022291221387,2.158538476624761,1.370988294241033,0.1675562714714282,0.2043077573720373
0,0.0111111111111112,0.15,1.5707963267948966,1.5707963267948966,-0.1998419802877769,0.3802298303769299
1,-0.0554701613102641,0.321767227127304,1.604769011088882,1.560672625069626,-0.1325133870345897,0.4167549671738877
28,-0.3598226911175389,2.0362771110047757,1.181255050995622,1.3922739748073676,0.1999641180477126,0.4422405733307706
0,0.1000000000000001,0.2833333333333333,1.5707963267948966,1.5707963267948966,0.12651627597895,-0.3828280666923332
38,-0.7969522427121103,1.372960970406505,0.8457946433362107,0.9634002454627544,-0.1999996862691442,-0.0637966509458778
35,-0.5679480615834753,1.7018360067316465,1.0244124280896525,0.811354814575971,0.0950864497757352,0.139300366318168
12,-0.2359990583335403,0.9391544570119869,1.7301187897708754,1.9186654105669747,0.1997549615840016,-0.1878391416084544
10,-0.098302278091905,0.4783419219484104,1.6329557533052306,1.5502909578827118,0.200000009976944,0.5059296048635215
36,-0.6839810499339087,1.5608453363663106,0.8423693622779287,0.9017672027611644,-0.1999999203247166,-0.0056728601452782
32,-0.4477166075487506,1.8392417924196267,1.3175612996008734,0.913548519105467,-0.1064317168003365,-0.307111936862001
15,-0.2781782784394407,0.9995012141253116,1.62765692273644,1.7753674825007526,0.2000000099932959,0.1901842313959079
11,-0.138318117337476,0.750601040855929,1.873193052458052,2.050754961606241,0.1999080827497096,-0.2338221915542813
37,-0.716292660772388,1.5593376536962384,0.9455748433854918,0.8944114822150767,-0.1999998924033756,-0.3161879148375625
31,-0.4864509923436155,1.8698711052396069,1.378905096152101,0.9554504756534858,-0.1999796345924863,-0.5085801867737176
1,-0.0154623172349948,0.0750810674227378,1.755667314925466,1.4637408597327417,-0.1998840774019433,0.3837327991741703
4,-0.0816257401892288,0.0757235606017146,2.102833905318056,1.3402213424519065,0.0911983759986991,0.2108256296632654
35,-0.6124357359486823,1.6407725833654805,0.8804037388572485,0.936997118397242,-0.1999998585551568,0.0473227466120237
0,-0.0333333333333332,0.2833333333333333,1.5707963267948966,1.5707963267948966,0.1911810565032789,-0.0929537518650378
48,-1.0283190589877391,0.8964347638404626,1.004230820634637,1.324016461131767,-0.2000000099989067,0.8937246996130547
18,-0.371017108150042,1.416020847794021,1.5277370261636118,1.6866941858236966,0.1998427391429112,-0.0267512309184979
40,-0.8409419468857198,1.304651719929606,0.8393508261677365,1.0232096328016125,-0.1999999839380151,0.1929798381224374
11,-0.1794904583254449,0.7813678104173173,1.8388891602542736,1.985526235875016,0.1998525086688679,-0.316831118915095
31,-0.4558800757169704,1.7952201710336626,1.4682864314552884,1.0541259542022996,-0.199921338291899,-0.1880205177735525
6,0.1121005216291392,0.2667321386003031,1.9262381432026745,1.6239806397460532,0.1998396909726097,0.1498314604836535
9,-0.1533005485658254,0.4943810874677826,1.891490763095675,1.9461614978692017,0.1999627926882329,-0.1400492152220974
11,-0.1015675563536364,0.580834013669064,1.9928415166821816,2.150624682676297,0.2000000099780002,-0.4266339738762236
44,-1.0189142424922653,0.8566194705338412,1.184491596245442,1.3429390455960326,-0.1999999993659779,0.0471909698690722
17,-0.2873181778877861,1.2264500799854765,1.6646766579386334,1.863152645626371,0.1999900869479564,-0.0566848384949663
15,-0.3045079449889702,1.0344543203276613,1.63337453171284,1.799563772151657,0.19997042380957,-0.0326379298975145
41,-0.9050843000923836,1.3126676515157565,0.6719519803908209,1.0107517969987287,-0.2000000099531572,-0.0547808937456978
26,-0.3440113263228729,2.043815027777027,1.1786970624380846,1.4162690899725745,0.199864684307197,0.2225858930992049
1,-0.015371843624507,0.2096166226936658,1.7548828317162757,1.4648231905047169,-0.1999193459544365,0.2209796885396111
31,-0.4045888570669977,1.851866292351811,1.5034809606757502,1.5665194046806563,-0.1828279778678341,0.2890062855952318
25,-0.3744037660006932,1.932231728373472,1.168299731859241,1.497039095649181,0.19987727997358,-0.0291477220436966
1,-0.0779549059320701,0.2961012035942683,1.681995333233152,1.531293631141232,-0.1998982082195543,0.2784394278305823
26,-0.3503653514492287,2.11768512523334,1.239163325228963,1.3995320025977138,-0.1999999634652794,-0.2555534354690693
11,-0.2064650953263015,0.7329937412243871,1.777360857525144,1.9498784118117984,0.1999528000046914,-0.1318632362685208
9,0.0252427300867667,0.523877238205451,2.2103511586521885,1.933902679218988,0.1999931068272414,-0.0847970512013545
31,-0.4211011149078887,1.8646932620165453,1.526792795948931,0.9818447397403434,-0.1681110211528932,-0.4980316103256805
27,-0.3309612481179438,2.024625613301842,1.17124813149241,1.4600498700219575,0.1999903404567054,0.1039537011826278
37,-0.7444594500107561,1.512054180860142,0.81635328481463,0.8155392593519485,-0.2000000098484248,-0.136468442629066
16,-0.3050241242379287,1.2659195067181173,1.6678495119002203,1.81748666763168,0.1999906688941604,-0.2214330158419022
31,-0.3968518648532077,1.890047409783818,1.5198522716327738,1.0512873236318443,-0.2000000087113029,-0.0139796215358822
32,-0.4160635077260183,1.871421239703416,1.4203481125321726,1.2172161159965729,-0.1999999943968444,0.1210867646490368
48,-1.068038063822756,0.7187548820538782,1.6189575205233435,1.2999013543298434,-0.2000000099759891,0.2809046461340217
0,-0.0333333333333332,0.35,1.5707963267948966,1.5707963267948966,0.166557745225809,-0.2034687251808991
15,-0.3032893167641203,1.0274507544784195,1.6787582943823676,1.88719439692648,0.1999843212368978,-0.1592322051578696
9,-0.1094392969785837,0.5864668011165047,1.9531860026207308,2.017266093660009,0.1999651360008509,-0.1738310218742129
25,-0.3783937206023587,1.8997061454152824,1.2701373370972018,1.4849066393647776,0.1909596122045514,-0.2158732792429152
2,-0.0580164421533203,0.0900399601736229,1.936809805662449,1.418711205247637,-0.1789497078501286,0.2398111476198611
19,-0.3750975712769374,1.4875278421955114,1.5027992511775832,1.6661216808450146,0.199844906277189,-0.2193719937051637
7,-0.0692555832150789,0.3217472425626009,2.1610605205085616,1.843986872167714,0.1999836100259225,-0.2061247846916385
8,-0.0060119322797929,0.3997780821768691,2.255643163868461,1.8522131265833384,0.1999824658027201,-0.1631713727485525
42,-0.9642527148197096,1.086815731734414,0.8048847905036549,1.1519349412912676,-0.2000000098075506,-0.0629885512185084
25,-0.3417505378547554,1.9171201429778515,1.1523611033943038,1.471968532146336,0.199973672053868,0.1885071806527661
13,-0.1905363238557378,0.8071285681026912,1.7568465108659606,1.962773108995764,0.2000000099933591,0.055747531343721
15,-0.3129753764558237,1.0082381499589432,1.6434257375684125,1.7879027633077262,0.1999873278836247,-0.1777297245613363
0,0.0555555555555556,0.2833333333333333,1.5707963267948966,1.5707963267948966,0.14256461163603,-0.2481519194134887
22,-0.384954672263705,1.6446382820257504,1.423456029095922,1.6014897403397088,0.1451972417014603,-0.0936970425814922
0,0.1000000000000001,0.3055555555555556,1.5707963267948966,1.5707963267948966,0.1729709727752174,-0.3505973243941606
42,-0.8954512342042772,1.228428348404642,0.710858507007988,1.1226441635202735,-0.2000000099509783,0.214730770078748
14,-0.2797035890196099,0.9636907247604466,1.660343470271862,1.8520303331619004,0.1999744698391249,-0.0527939332633895
37,-0.7465459873858136,1.5144207911270011,0.8066016855326037,0.8101657417493431,-0.2000000096558323,-0.1507495376148915
25,-0.3435062231928929,2.03056885145669,1.2148156766586138,1.4204817390154254,0.1999005330810513,0.1064580920558025
1,-0.0557847165054859,0.3671940867331699,1.4850809052435423,1.5961804762705558,0.1248763899927474,-0.0836972281600069
19,-0.3910919786363356,1.4361898160084263,1.5434237467732768,1.683747157131292,0.1999685714508201,-0.0465125178091486
31,-0.4140935132075257,1.8771691549400296,1.4437803542849164,1.1912602175043538,-0.1999871281448369,0.0782254386510375
34,-0.6269426943947056,1.595971846609575,0.9536203304913382,0.914256370233079,-0.1999588341654964,-0.1064653135908047
26,-0.3592889392780358,2.0356839625976693,1.1808956461634974,1.39326354172165,0.1996785018091122,0.1792611402263012
42,-0.9415858428956188,1.1209123821000964,0.7623437056925635,1.2147477559909792,-0.133413762693467,0.4378740335341339
1,0.0089304369257362,0.239465553830234,1.7233190099385125,1.4954667789764586,-0.1998727370310018,0.2622456610542966
0,-0.0999999999999998,0.35,1.5707963267948966,1.5707963267948966,0.1861652483164012,-0.4493625833132407
4,-0.031315018564892,0.2842748053499302,2.1206438029792647,1.4171060009885947,0.1354755629923321,0.1887478759042088
37,-0.73063917181482,1.4626660798398627,0.8877604166653494,0.9161081100841724,-0.1999999105201641,-0.2028966665991048
15,-0.2801065444406391,1.1749457959125151,1.691434466340814,1.8597870791162152,0.199978526718474,-0.1417294340424627
27,-0.3261331946326669,1.972343740272391,1.2284703041103224,1.4143882446159646,0.1999999884735897,0.1345596832058623
3,-0.0137879665780026,0.0665493004476508,2.0857311625419777,1.3859416773911708,0.0147307536675752,0.2297627915403079
6,0.0176586798103618,0.1806564598725926,2.325658948221479,1.46762657034976,0.2000000099523258,-0.533757511607767
7,0.0630861840931015,0.3691255283987115,2.231565234312092,1.607903727539113,0.1851704882122743,0.0972358679192055
4,-0.0475916108537289,0.0897239862505183,2.0885941247132163,1.222840084303449,0.1999716465246256,0.2823861404895595
24,-0.3668255943024083,1.940819053863249,1.1835086877134184,1.4892189355908283,0.1999344292039103,-0.0037134970029704
0,0.0777777777777779,0.3277777777777778,1.5707963267948966,1.5707963267948966,0.1640131166783088,-0.3736574044589015
20,-0.3786214312010837,1.6107183803646716,1.3299386383864191,1.6009618192701789,0.0887189577979715,0.0733837593512159
34,-0.5955105143933361,1.6564931984991256,1.006440959138432,0.8691603853638631,-0.1999470174208906,-0.2682848805811572
7,0.0044576449659448,0.3999694713154387,2.2600881131973605,1.796889949847273,0.1999398086494459,-0.0833474612830606
31,-0.3836344296872271,1.9755310080143256,1.371082884320293,1.280688331456797,0.0620864616254167,0.3112875927739507
6,0.0283305407268115,0.3269005908910726,2.2668570997801165,1.8046103050452136,0.1998716206632314,-0.0412231664647618
27,-0.3717196377332449,1.9736797757356872,1.5033477573331933,1.2073670518972164,-0.0565158390245401,0.0800739627372259
19,-0.3396959710877238,1.517877732339607,1.5609920361465734,1.7283780924289336,0.1893539888748122,-0.1219695670336552
30,-0.35251824193421,1.986631715491316,1.487020411589418,1.1026149108419383,-0.1999770748974152,-0.0928796430620066
28,-0.39725080177552,2.0731040389342668,1.2528826455262043,1.406068668359172,-0.0396205742784103,0.1614515603682669
25,-0.3801388615215547,1.8507446740765507,1.3002834479000906,1.5233056789730093,0.1999289718095127,-0.2599501328548721
31,-0.4194875435409181,1.874473235071614,1.4910261119392256,1.1108119169655617,-0.1999975068820001,-0.0695861005880756
46,-1.0151088149016514,0.803586789003017,1.3018859746542315,1.3977493572943396,-0.0809955710433693,0.5332926648826847
36,-0.6826571365018409,1.6243299096408803,0.9454393918302396,0.8932200390009294,-0.1999998876009328,-0.3174831989702437
3,-0.0275794786385303,0.0685515065381204,2.009192944565092,1.2437955022350309,0.0552258200534286,0.2197164268202102
48,-1.049981199518565,0.7353435190358434,1.35722310226104,1.3973800510141308,-0.2000000099395242,0.5404085455580538
27,-0.306497784543784,2.0988507267479086,1.3358388627555708,1.3046952186140923,-0.0640783834505017,0.3084387198675348
11,-0.1600460126922312,0.6891856365776393,1.8909879560258729,1.9427674039954927,0.1999692062437942,-0.2124758363241179
31,-0.399342329338057,1.9177149566990328,1.543779721378903,1.0854304550899088,-0.1999624770569392,-0.1911852174598109
12,-0.2825906478040443,1.3315081805226707,1.627097396306523,1.843695032397616,0.1999730695107685,-0.1202664762023661
45,-1.017221433440927,0.8534317673985481,1.3449114377391154,1.359444268694194,-0.1999999937579926,0.0062043645140632
28,-0.3685234606979841,1.922827701536116,1.4735322604563574,1.1533469854905125,0.0920824479121803,0.1720549371585902
21,-0.3848950568334102,1.564639207008824,1.500751824178968,1.657106213730032,0.1998999318220159,0.0661735767973899
14,-0.2911230163532585,0.9058553133460228,1.6455717261672904,1.819497588626132,0.1999885922329356,-0.006807150953069
27,-0.3422562850674726,2.120594945930846,1.3369150320675711,1.3188751586202754,-0.1996066139887237,0.0552670050970047
42,-0.9392223439382849,1.1300338510816057,0.7524488913503031,1.2091597343208529,-0.1451653814691039,0.4428160326592361
30,-0.3656072264468524,2.035267433217963,1.346366866552506,1.305466088708432,-0.199999920857518,0.2791836802923068
9,-0.0589574707995188,0.4699516567455463,1.9913559714939928,2.056473434563425,0.1999953570401693,-0.0501936527810428
30,-0.3924888388954699,1.933350107243472,1.417037227251802,1.245054124728976,-0.199975074336513,0.1610648163654514
31,-0.4271076032275276,1.88415075353894,1.471837737658296,1.090610822819012,-0.199991538116117,-0.0886634067965715
32,-0.4718092711130553,1.7903910079380991,1.389030021805421,0.8806374052923099,0.0141034351173119,-0.5291347342528734
23,-0.3815691884156654,1.8144342226570405,1.3086853298035006,1.521867031793796,0.1998065164009297,-0.0380037275013906
40,-0.8794302914827492,1.239691380306051,0.8442447400328259,1.064271724067201,-0.199999991619693,0.1755347355671808
29,-0.3806043896194368,1.9874617888328192,1.4688255685057978,1.2168749983475138,0.1167490649804249,0.007994537407001
16,-0.3340973979617894,1.2336646765995476,1.6284399228778224,1.7582861866730224,0.1999912012429025,-0.1833447760301303
17,-0.3033651246337752,1.2312343688113032,1.6035969304528574,1.7394062042596288,0.1999854101483322,0.199462775530294
29,-0.3720626188155938,1.9726423501984336,1.4864237811671113,1.2027378197887992,0.0619002938018676,0.0679835851589442
25,-0.351007662696486,2.0545979391121443,1.2329373704877238,1.376913730934198,0.1761038278468844,0.1064098517936895
27,-0.3404371354330396,2.112660660660529,1.3461314375188689,1.3198844614229313,-0.1984656764955593,0.093455149649163
4,-0.0195751039359987,0.1722119048497434,2.121690751114164,1.2988257056527828,0.022132986044935,0.1201691412886854
26,-0.3335418538035132,2.1056964230570965,1.3607327389207224,1.3268531416837093,-0.1986491181907953,0.1458061776437742
1,-0.0777760486624223,0.2622676967845411,1.5797987701979022,1.5678185850339847,-0.1998269146960836,0.3612378760790751
33,-0.5333179923170381,1.8111273247975184,1.180190903195415,0.920458071379598,-0.1958812769437841,-0.219882926379259
5,-0.1009319052395507,0.3168798569333856,1.5569302337851862,1.5534488648962914,-0.0359596553609062,0.4584859045304057
34,-0.5757549098519369,1.691309984872014,1.034252635064588,0.875466734320757,-0.1993499344995588,-0.0397407548794464
12,-0.2147450771776771,0.8036604709002734,1.749986940124307,1.9678775067551733,0.1999696593065489,-0.1444789178909443
32,-0.461223597377328,1.835387090016396,1.4243300118247495,0.9720981517309836,-0.1999737517678931,-0.4500859305264738
20,-0.3655950213996058,1.5246792896114,1.4582768426564208,1.6594082414182412,0.0424812782157615,0.0101843513234576
3,0.0783910308760292,0.3487044269840543,1.6725899698820452,1.5470262381569675,-0.065624447365781,0.1494973858668169
8,-0.0012657001183244,0.5088419450519915,2.178419360020433,1.989060042171224,0.1999570296452002,-0.1234472192495911
22,-0.3863334329379052,1.6746486619280845,1.4282084750619273,1.5874918036233785,-0.0020567412794486,-0.2148844588712505
4,0.0861174059244934,0.1514679425282783,1.5753243167427955,1.6321374145011494,0.0446318057978262,0.6328453812265981
9,-0.0282736411605672,0.5126942425483377,2.1136918971922736,2.009539988005109,0.1999648020851594,-0.1332449847480813
7,-0.0324262607841445,0.2539711937045666,2.2072026329722743,1.720357570511629,0.2000000099541321,-0.4794557603054856
19,-0.3695934760162763,1.494028977755865,1.505046540000711,1.6793240185881346,0.1998728488942109,-0.2303003188294965
17,-0.346400174110515,1.3402986199730271,1.588099823394094,1.7474381987777294,0.1999586025530057,-0.0399077787869447
34,-0.5644674033612692,1.6352508450988923,1.0597373815861086,0.8776926659764199,0.2000000075973608,0.104640828873853
20,-0.3408000880492723,1.5025517913021034,1.4769938151028494,1.646662619418989,0.2000000096194444,-0.5570457109444646
21,-0.4032084456699661,1.5198743623591624,1.5227212468769888,1.666099358903075,0.1615798271526278,-0.0559461135770063
48,-1.0031538982215462,0.8263996665578245,1.2107401785205878,1.52463074494547,-0.1993884137022194,0.728434891292499
29,-0.3569964953023979,1.947924936799984,1.459154398241315,1.1777432009929214,-0.0703827290750404,0.0697808410242891
41,-0.9149068903526002,1.2813666988930403,0.7627068246391158,1.0833315260940275,-0.2000000093411974,-0.0634731532594823
7,-0.097601745600834,0.4903348048131217,2.08470102498797,1.6874515404702777,0.1999756946716845,-0.0180973455875281
40,-0.8854279446948967,1.3476117118856628,0.7865674207594733,1.023595583144554,-0.076165817823256,-0.1673337004783757
19,-0.3476979128284705,1.6107464998684788,1.2581324941434129,1.698161343961453,-0.0078395578125579,-0.0919661512495206
16,-0.2905202101486729,1.09268264318282,1.612211697795663,1.7614671566112163,0.2000000099933287,0.2019496599851842
36,-0.6887759176585843,1.57350241349117,0.8599911416557173,0.8033091501117335,-0.2000000097043827,-0.1288522620008841
10,-0.1401294834935855,0.4766407146360794,1.9165385040130956,1.9496032359771367,0.2000000099598393,-0.2631372549016115
34,-0.5744790569547776,1.6609549438942732,1.0916445116188864,0.9007184517622309,-0.1999828787386178,-0.0823400145380039
23,-0.3845450617093028,1.7386731154845143,1.40418499807385,1.5993865294938132,0.0704396954682022,-0.3004714656556217
14,-0.2478987071861955,0.955627296453093,1.717115500071321,1.895998809059133,0.1999663066243835,-0.1188293825529605
25,-0.3414901522259035,1.8644047481409391,1.2682645740595202,1.4714960310197405,0.1999853887834595,-0.1112589098068153
24,-0.3489628566684297,1.801344023877725,1.2781197066095211,1.543540749097286,0.1999924191682651,-0.1930165176320379
17,-0.3463455895095079,1.2362365171244378,1.5910392593667328,1.7047401839598837,0.1999735036079477,0.0620237201847341
0,-0.0555555555555554,0.35,1.5707963267948966,1.5707963267948966,0.0335016220697949,-0.1714308429944289
24,-0.3756801306768526,1.850024134601174,1.2847716333952288,1.5058941244510509,0.1998333667941256,-0.1200943535017417
11,-0.1928805618486345,0.7654977289069372,1.7779417085137703,1.9732319784169907,0.1999755148074503,-0.1095499406168987
30,-0.3840711101264493,1.9885293377858173,1.4613783108678202,1.2192231207921764,-0.1998521300501823,0.1004487396411906
0,-0.0111111111111109,0.2611111111111111,1.5707963267948966,1.5707963267948966,-0.1997879936095705,0.3904692733760072
25,-0.387132336860752,1.835931080191132,1.314431500681911,1.5162363755262744,0.1999208297994786,-0.2326601950055631
14,-0.1487445933805835,1.090072878615468,1.853690487393413,2.0581928548178414,0.1999716625787067,-0.1870662183180535
44,-0.9755973486689992,1.0155687807154143,0.8559295172479491,1.238882273960722,-0.2000000097048661,0.1331884900942748
3,0.0555393583089745,0.232530279900942,1.587466181316648,1.5650275858536324,-0.0006101089261298,0.490095866009297
37,-0.7031627688045312,1.538528585559885,0.9419793625332792,0.8360594089059742,-0.1999998811047093,-0.3087840566834344
6,0.0156702623792473,0.2079586733605628,2.303509765365396,1.5574508956572124,0.1999767864086331,-0.0531675161287342
32,-0.3978707012320818,1.8730271352724164,1.5019977344807725,1.558803288732918,-0.2000000099087031,0.2263627376769447
4,0.0796570240395687,0.1448767690463387,2.1509926925089697,1.3952394551162064,0.0850636767011762,0.2259174027686633
27,-0.3533077147480458,2.0460571445145983,1.4361284422364573,1.2790310825314768,-0.1360355013309804,0.0812791269332211
49,-1.0759421547681232,0.6608696084632801,1.930522379526172,0.9334927824382842,0.2000000099589282,0.4636877814303153
15,-0.3121315188450159,1.008493829397706,1.6780092502620558,1.8170246177573748,0.1999944420725753,-0.1927998206049092
4,-0.0996713631032152,0.4462172456746873,1.612265639999185,1.563006506062649,-0.0777125364444581,0.4973291071101508
1,0.0324134614188266,0.2968961329425505,1.7307507256653647,1.5058328759791737,-0.1486711536469432,0.2197895794613011
15,-0.3200226631735935,1.065588246572084,1.6415575380113463,1.7836091044814155,0.1999874089242494,-0.0757677288521592
19,-0.3543494705746133,1.4777335479381934,1.527400623136435,1.729217104467759,0.1999077270265819,-0.1488963311741843
22,-0.3936347996172558,1.670741814571484,1.4384609135475497,1.613351059248349,0.1560656184961411,0.1090941913974427
31,-0.4115773042243789,1.838555604484824,1.4517638134446482,1.0207248119690149,-0.2000000094805347,0.0391523682028592
11,0.0522375863045671,0.7593541255324849,2.1786889071252684,1.914234306088624,0.1999948364354647,0.0312159163601079
26,-0.343945981821607,2.0200408682910505,1.151513696380471,1.4527233841041325,0.1999578022040671,0.2010874310093116
24,-0.3748107866299041,1.8656492938027465,1.27679389069346,1.4983984008600444,0.1992342912789885,-0.1410405318017066
0,0.0111111111111112,0.2611111111111111,1.5707963267948966,1.5707963267948966,-0.1999281040476795,0.3843946861724482
16,-0.3206219332373005,1.195277482215828,1.6391073363509516,1.7737262123626816,0.199985893631096,-0.1838086487455147
6,0.0803608554011477,0.3579058978678849,1.9633009853449208,1.479371082498616,0.1566727610211348,0.310566612813598
39,-0.8357183905173081,1.309564523476098,0.753999457755361,0.937423738938287,-0.2000000095207071,0.0959161594843693
9,0.0335361690186595,0.5535411045154972,2.176712156334196,1.9193646042403096,0.1999773939515758,0.0056549938625639
30,-0.3865572412340727,1.951720201180513,1.488699005046163,1.1961570129199075,-0.199965358804449,0.0902359915453413
34,-0.5838763707343456,1.6540018363767477,1.090874453136001,0.9021907840241896,-0.199982236518467,-0.0652002568925808
4,0.0555377393502983,0.2322776164980213,1.591241412856851,1.5637477531416093,0.1014465288732707,0.5524197715471445
38,-0.8011755850020261,1.455822518913628,0.7463381859150271,0.8431636608804287,-0.2000000098679753,-0.1145592409865208
24,-0.3659812197084604,1.9618744494779312,1.198709906139646,1.4503963942479363,0.1997893365321701,0.0141470327677733
36,-0.601502985453178,1.5899695481596912,1.0705435937878232,0.8818446801784032,0.2000000097965387,-0.2373714866797685
38,-0.7418250846552578,1.4501554468571975,0.8750413703408579,0.9358634589535604,-0.1999999743460282,0.1421815920394741
29,-0.3796161031458149,1.9663737143820208,1.428345336639557,1.2486926497827116,0.1282024866113609,0.2197988574952415
36,-0.6853853133707919,1.5226342762746772,0.9814669024474928,0.8578600875721049,-0.1080664661925727,-0.2573588182022788
18,-0.3207255008329303,1.2830329331811523,1.5878524566676957,1.680824093146244,0.2000000099671732,0.2271599545083204
27,-0.2959368174124996,2.139786339038805,1.2652862230923514,1.313295768748847,-0.0795571228797589,0.3472536879372858
10,0.0744934171989123,0.5996901894028193,2.222421080866132,1.7535457119159106,0.2000000099549433,-0.3150035890304972
2,-0.0378595691494677,0.2271842995979603,1.8845118145134787,1.4109359111615445,-0.0561548533128326,0.1714087829555544
11,-0.2245717553316417,0.7213377522681927,1.7503634328630309,1.9533996966179097,0.1998350409092353,-0.294525143670395
48,-1.063125804050049,0.6834564262196632,2.0428402620044093,0.977384404039089,0.0348078949005067,0.0750371383146893
43,-0.9155470464097096,1.18584312946543,0.7753598718580346,1.051610902665054,-0.200000009701012,-0.0658226794522462
45,-1.0046078609254865,0.8656481328750205,1.1626709970321991,1.4054056649557585,0.08300174033644,0.4083069239411817
11,-0.1878186872785353,0.7066315112716322,1.7971047598436125,1.9796962378158736,0.199984117651895,-0.149333515546366
36,-0.6628368618787306,1.5509210464711762,0.9281271445241313,0.916115139407932,-0.1999999180340081,-0.0664706500298768
7,-0.0470630893141054,0.338870788965955,2.200347588458333,1.84884106498261,0.1999607377788651,-0.1803040391706106
18,-0.3579981279044094,1.3211431759045866,1.6136691696673082,1.668968990423228,0.1998562184470808,-0.0064989232500326
0,-0.0777777777777776,0.2611111111111111,1.5707963267948966,1.5707963267948966,0.1999151556821059,-0.3097760448230235
44,-1.0131111680751486,0.8840031669748112,1.024421168037951,1.4141595105899984,-0.1256349646941027,0.6010318182157071
3,-0.0107158535161253,0.0622544713861335,2.1215739856115987,1.4221629434798335,0.0065851953182374,0.2078658887685207
3,-0.0291822334514381,0.1654871245272967,1.9717694456365449,1.251222538977906,-0.0209987190034503,0.0900857688758479
8,-0.0211543292739589,0.4496922844998623,2.2614987241711955,1.8269097611852525,0.1999658269185942,-0.1811852568487983
14,-0.2855920627562324,1.0059192616872756,1.6706568310644965,1.852553715163752,0.1999681831711861,-0.1054190251076012
23,-0.3864458391183474,1.767030160645608,1.3514165813711028,1.5478563364522728,0.1998764364843682,-0.0787073451306954
5,0.0386659267990453,0.1698940237791937,2.2244173596289496,1.4863407767401446,0.1999702713325939,0.1752265760260278
38,-0.7699514934716413,1.4984076543961964,0.8847088562932353,0.9066101796467712,-0.1999999864571186,-0.290136649935949
47,-1.0574386638262472,0.6874166698272981,1.393169288584266,1.2984883184079163,0.0043355282544092,0.4801725550535726
2,-0.0150919189726096,0.2029364662945929,1.799385697641645,1.4502010332397306,-0.1998866533454295,0.2198217635023578
24,-0.4045394649826284,1.89783524163566,1.298994810381208,1.517200759763472,-0.1503845254960165,-0.1793568677474228
36,-0.6572613102356972,1.5657482086257246,0.961258206019792,0.8725189103143819,-0.1999999067141214,-0.2399569447713015
0,-0.0555555555555554,0.35,1.5707963267948966,1.5707963267948966,0.0335016220697949,-0.1714308429944289
17,-0.2724678770060482,1.2429993090028846,1.6826762037897318,1.857035469649374,0.1999610612577648,-0.1317018365707128
8,-0.1010138775931855,0.3412743507625369,1.5505172024157383,1.531093026481594,0.2000000099569734,0.5594953341956742
39,-0.7460327777467742,1.4732730872272903,0.7945496574203348,0.9077823150440292,-0.2000000099634201,-0.2232488123685893
4,-0.0109028843571731,0.0760270766488631,2.1891330937531333,1.400275021794962,0.1766478436426878,0.1597583432058161
37,-0.596934704742011,1.612465541716348,1.003832166143928,0.9422031926840226,-0.2000000097436446,-0.1987286230993086
27,-0.3329947071542026,2.013933824800169,1.4259581687536578,1.2447760517186477,-0.0449694759620392,0.2559930845236621
30,-0.3644454740080512,1.9927953767611664,1.5061112940951669,1.205603980865637,-0.199963753728062,0.0527269270037842
7,0.0171692756177224,0.3324132560863822,2.203325987854276,1.5924553330474267,0.1999606478197757,0.1031244824787951
0,0.0333333333333334,0.2166666666666666,1.5707963267948966,1.5707963267948966,-0.1997909226200475,0.2462540891719368
36,-0.6540322801573643,1.6382105776465123,0.9408478560533862,0.9096102409472162,-0.1999314370301039,0.0530954650016142
18,-0.2182492865161174,1.343254871349154,1.6761409873750548,1.911711345971228,0.2000000099455478,0.1784820543350643
27,-0.3164080558509023,2.100093972261229,1.4496520241498765,1.3115530772169983,-0.1999879100540772,0.0259452100199847
33,-0.5130542466282209,1.7589422283195109,1.161762231090341,0.856155509747529,0.0044564974982172,-0.3795824660675224
27,-0.3504948926174876,2.1425783618805667,1.2791962000217776,1.3691918240478806,-0.2000000059184063,-0.0409758126722299
37,-0.688400378259081,1.5202956536914034,0.94931032235292,0.908852566133494,-0.1999999325095036,0.0799779908400285
29,-0.4393346066720087,1.975715530762309,1.351764994734202,1.5476130918213598,-0.1180654353282427,0.1174320850517901
28,-0.2983550102833147,2.1231775563229096,1.4578187550094466,1.257944490126647,-0.1999657381818884,0.1082807166757209
22,-0.4066819208792267,1.6845289765557252,1.4944922375169138,1.6047319326200749,0.1995382027449454,-0.1584780995145656
10,-0.1356210215195953,0.7101677582425358,1.8705989430334904,1.959776688666286,0.1999699610661954,0.0091759121620825
23,-0.4076211639013767,1.687355455018342,1.4919695752349238,1.5747375774697026,0.1989260435360711,-0.1635968572562416
30,-0.3807564851472244,1.9548638027781813,1.5808707314909762,1.134122921334252,-0.1999737183659776,-0.1482906178377564
22,-0.3762266650041641,1.6242829411160893,1.4399876536181568,1.5733046616849546,0.1867943322814554,-0.1393514897230976
48,-1.0671331206351573,0.6615484302672128,1.6172243954248358,1.1524822843545257,-0.200000009957726,0.350832871719957
30,-0.4123811220433077,1.8609508931569847,1.4429221852358918,1.004333467367797,-0.1999343909479132,-0.3786661861407858
21,-0.3086118402093611,1.5965315470637331,1.4790700125184395,1.7053987896182248,0.1999653648887593,-0.0153241260413088
1,0.0302663432060047,0.2280959144492894,1.746482358374868,1.4786160034546012,-0.1188507648130848,0.1994365990034853
30,-0.3657589591670986,2.009558379872139,1.4924150345174363,1.224395957705233,-0.1999991634834068,0.0873626102730585
34,-0.5788131183293642,1.686336443735614,1.0168607319381575,0.8165443029122665,0.1785634733249489,0.0960767408637971
18,-0.319197573540141,1.3172120452174885,1.5884831818428378,1.6965479634374596,0.2000000099704436,0.2182219858929401
4,-0.1126813367446246,0.0877158393372631,1.9851068384368489,1.1128884114364923,0.1999500099262351,0.3231163361276317
31,-0.4032426064396802,1.9235223670991064,1.5282501658351548,1.1042349237160145,-0.1999208718167223,-0.1224642231004257
42,-0.883925311752134,1.23531258063402,0.7726257956263165,0.9999507678986754,-0.2000000098842717,-0.1180799015439654
30,-0.365157663632834,1.9773043779725743,1.5388876974084873,1.2031936464906057,-0.1999862044973052,0.0175797211538123
11,-0.1838997068275294,0.6189661673301943,1.8386193412032463,2.020730475512717,0.2000000099477427,-0.3113999587094404
24,-0.3751079936113893,1.775694005389506,1.20415850237428,1.5218489821055448,0.1999761738165051,-0.0176258519722611
1,0.0996632054007805,0.3745687906711782,1.5168683240797858,1.5834499376898854,0.1151234756964753,-0.2258098587403345
0,-0.0333333333333332,0.1944444444444444,1.5707963267948966,1.5707963267948966,0.1587521130006082,0.0376993850135428
7,-0.0058162323396129,0.3380660036187889,2.198688899227653,1.5945970192110337,0.1999557953816812,0.0808196876618101
18,-0.3156091571057844,1.2859374711076892,1.5909614647415022,1.7068089793855408,0.2000000099676064,0.2152602826683565
3,0.0051005261136582,0.0597276867885825,2.0005843696822154,1.1606607953766903,0.1998626188626533,0.3128049263504745
2,0.0249175962288242,0.2712814559888638,1.8995936969902851,1.3668787097329271,0.0444317038635581,0.1022972781963166
18,-0.3833229037490983,1.3241071589248476,1.5724992314961297,1.710408726712887,0.1996954937970315,-0.0439025753926964
38,-0.7783814111867736,1.3990261323173012,0.8547970513489584,0.9524548523329028,-0.1999999116868376,0.0600055219208595
6,-0.047755308010737,0.2528633894555545,2.2216923544791083,1.5069530423185715,0.1997466382210736,0.0231688834057144
19,-0.3803824074715387,1.3907917239007244,1.582542304941688,1.6982087403501245,0.199888236537814,-0.2304826234378528
46,-0.9981411521718312,0.9318769877866268,0.9409973892059664,1.3130178118834137,-0.2000000099842695,0.2445997963453642
47,-1.0594206049374593,0.7920309380527085,1.3702129470792157,1.4148171338527165,-0.2000000099299975,0.2443380550072899
30,-0.4136116594956401,1.9735098527653177,1.5523584196951727,1.1054302362616,-0.1999567394070185,-0.3851029280077848
6,0.0140017223418963,0.2319368542383923,2.269539729752813,1.4959643621558376,0.1999706389039886,0.0617345352308778
4,0.0085500442531242,0.0812799301561617,2.133384228744779,1.370244426070976,0.199959598066813,0.2781496013836395
35,-0.6174627400594077,1.6475183719957118,0.9374584863570076,0.8088533563796833,0.2000000087826847,0.0279571278369851
20,-0.329378012455232,1.5293091340616567,1.5416997941818575,1.6748784496864146,0.1002520808761354,-0.0754419900656539
6,0.0774082620026312,0.3050300471969755,1.5824927958336217,1.5593169962159483,0.0970091522946465,0.627004576076166
4,-0.0508582884071131,0.4037705126781727,2.078307115533624,1.4729889404026082,0.097336646746509,0.134908661069761
13,-0.2585888352789064,0.9292050900153164,1.6944499472763876,1.875827195877003,0.1999390121294917,-0.0729222711465475
13,-0.2569282559400668,0.8621093941295127,1.676480483359731,1.8942108355841167,0.199969561307788,-0.0273689327415077
5,0.0333665469712888,0.206976385740732,2.1797571490195136,1.38446775393388,0.1999383088369176,0.227935643118667
45,-1.041699670417552,0.7375114337510547,1.260603832108733,1.381834174432795,-0.17098150536561,0.4737003794695572
26,-0.2743467630828407,2.1557522907830613,1.2210520478573184,1.359830549450841,0.0910312334672489,0.405004514545218
18,-0.3625930664089464,1.3983596317626403,1.5464863749828677,1.7065654481461925,0.199883885865634,-0.0683790314734092
28,-0.3643417181696273,2.02635942844017,1.4416318694737296,1.2611819271403957,-0.092727343825834,0.0104631706594142
47,-1.0222364985967596,0.8166825315162098,1.5994223170789232,1.336265520755967,-0.2000000099747163,0.0747704411797579
14,-0.2564505287233672,0.9797615052752796,1.7117329324272017,1.886548299511629,0.1999750349676879,-0.0980683030708201
22,-0.384004346801742,1.6897005339453277,1.4200831102815012,1.5930112629460456,0.0123173074728521,-0.1464802214929814
11,-0.1691307914128619,0.6793413471122657,1.832200569161449,2.004303012893793,0.1999660566716078,-0.1704276244435165
8,0.0005187972215865,0.4173643899568477,2.2773314659498936,1.8028255566731992,0.1999731924628191,-0.1433256152738461
22,-0.3586162118475541,1.6696173754835122,1.3835295225169997,1.5535908475063074,0.1999586808118101,-0.1533342441527026
12,-0.2224230315097694,0.7043650279190553,1.769501113393579,1.976063048081992,0.2000000099533451,-0.2808605808919841
21,-0.3959433745712569,1.5362014612385977,1.5169708664205412,1.667252970455741,0.1594920117511274,-0.07489485430002
32,-0.4121002927292344,1.8601187486165127,1.417811651774917,1.6048617150761502,-0.1971676145564188,0.3413210576154098
16,-0.2303093558853368,1.2638714215052202,1.7342283400383334,1.9593788842282145,0.199991765761706,-0.2368033574610711
45,-1.0129820069102742,1.0117621961482468,1.017639079191957,1.3360005728954951,-0.2000000099054923,0.3216702049979776
5,-0.0468221469956867,0.1332062856904145,2.1172952028599124,1.224662560721613,0.1998203302439136,0.1303079480634517
9,0.1045207665007258,0.5087367971380372,1.8965765769269805,1.5143710691754908,0.2000000099644417,0.4208441139910827
2,-0.0273952133631675,0.0251613389490029,1.9429689208653311,1.282457724916573,0.1361004889717408,0.2798665802855291
30,-0.3925321968844541,1.955114978034704,1.5044370303538184,1.1813551931223207,-0.1999603651914609,0.0203520864058267
4,0.01531077918778,0.1391123318513395,2.225207359590802,1.4357240216338016,0.1290825316291362,0.1498994229933797
19,-0.3690465049575615,1.439812292649398,1.5687046638366322,1.7257972267206334,0.1840184138136105,-0.0045245608396785
5,0.0778851239314914,0.1970847003073191,1.5604610788312296,1.5755430077285932,0.0574139795242765,0.3979804856003366
2,0.0527180095194271,0.1405335422369052,1.7339663738992552,1.4853776119938775,0.0342998767342589,0.5073668272130403
39,-0.8618640291624854,1.3759685102790595,0.6731731640782694,0.927227516515744,-0.1540830713490535,-0.2086237049880074
19,-0.3397663337640874,1.3778027540223603,1.525514626004968,1.6664132498576043,0.2000000099940607,0.366644199563826
23,-0.3494390406627102,1.7236485572746862,1.355112143852983,1.5848289162763924,0.1999889906942487,-0.3042088380872226
5,-0.0052374728023948,0.1201461377240648,2.3150878558543067,1.4933559466346535,0.1999762461710751,-0.0186681833759695
28,-0.2998551244915065,2.118169887273207,1.460300718494926,1.2598299179652728,-0.1999658532752329,0.1224699338592357
17,-0.362093693220787,1.3106976610764067,1.5702507692065577,1.709697646413141,-0.0746868825294614,-0.0004451118678422
2,-0.0257841318067932,0.0270833384103709,1.9253702024605608,1.3049331458041518,0.0875567198442565,0.2709591105611723
31,-0.4255319038349631,1.844048448219069,1.441515808054481,1.0015018354247185,-0.199987360529099,-0.3459423618239937
35,-0.6145687390127496,1.605676320964948,1.0087285476716694,0.8829307780067587,-0.1999996548604533,-0.2442734081250863
9,0.078141256279058,0.4795650216879595,1.6027752450343709,1.5624941821636866,0.2000000099606166,0.635251511556185
7,0.1052551193944049,0.418136682187945,2.1394279121267177,1.5000460943113965,0.1994501777338459,-0.0663041932710525
10,-0.118616345408569,0.5283496751094413,1.918621958294187,1.9420027251680283,0.200000009993259,-0.1836192393104436
28,-0.3796433679275871,2.1123560681666675,1.2698203409698348,1.3829644942313264,-0.2000000069994091,0.1122688101811173
41,-0.9088048850989148,1.3089148662274488,0.7474312196162085,1.062274400705917,-0.200000009944686,-0.0558043315224525
6,-0.0153075010907408,0.2240290366298871,2.279615812995706,1.7849215979109416,0.199986061625546,-0.1561159868696149
36,-0.5768945235177273,1.6376823041788582,1.0689831907537322,0.9352527345617512,-0.1999999854974133,0.0385378175936282
14,-0.2422551392818308,0.8844768032922383,1.7962928349759917,2.019835604323056,0.200000009994011,-0.2925967752679051
40,-0.8388533603043543,1.307463464426367,0.8415492764350514,1.022293287708964,-0.1999999921026663,0.1931091813297734
37,-0.7288782123409898,1.4418761632372192,0.9078319939461093,0.8585059410765506,-0.2000000091046931,-0.0970286032415128
27,-0.3564058346066863,2.11272078440998,1.4349383796241622,1.3016457328988222,-0.2000000092703716,-0.4654014294061959
49,-1.0754788950574226,0.6531177280833637,1.752858366159974,1.05821968889733,0.2000000099618263,0.7028374084155539
4,-0.0871386347472504,0.1595687992175561,1.9993199753251407,1.3191405314775748,0.1445500826628908,0.287133562508909
0,0.0111111111111112,0.1722222222222222,1.5707963267948966,1.5707963267948966,-0.1999402509556365,0.3794902419806801
4,-0.0112757514697596,0.0795632156463734,2.2006125583121308,1.3752403745700854,0.1999840810176714,0.1917422447775696
5,0.0639438066643518,0.2566029645430245,2.2743733833220343,1.613973294696399,0.1998596341981248,0.1277602212258715
46,-1.0368748070220597,0.88513363743254,1.1443128111448626,1.4240847313791771,-0.2000000098779308,0.5287610097786734
22,-0.3431405811712379,1.6464799819227969,1.4301694939520695,1.6299872041636738,0.1999454745687203,-0.2592231439954413
23,-0.4142886025068765,1.683214339119924,1.4320288682964186,1.608419762923804,0.199809322535711,-0.1569365078014619
49,-1.091563181946111,0.6260106572332852,2.214808994033609,1.0591236614690138,0.2000000099587743,0.4636877810761038
3,0.0533581359268955,0.120437725953011,1.8714222396400315,1.4413590825566314,-0.0835277115250058,0.2944779270600097
8,-0.0639923518879578,0.3460008318300538,2.107621804871832,1.7956481811280245,0.199999701242735,-0.3028982961360896
27,-0.3107797675472823,2.105213522126302,1.362929125377212,1.2998943628952466,-0.116684477919164,0.2424825735620241
10,-0.161036007248794,0.5515589620583035,1.8455683822419984,2.042867732203714,0.1999816419845609,-0.1749567074576347
48,-1.077116951979427,0.6871683277610997,1.5999477068569998,1.276952734107316,-0.2000000099537433,0.3132490641873824
42,-0.9648731802770566,1.0669172960214066,0.9325176000100543,1.1957429912192516,-0.1999999592049789,-0.0888147077368744
25,-0.3398497756935869,1.9025544024423,1.2291183295336108,1.4630211381088014,0.199981161820136,-0.0446315434485652
18,-0.3512038945189144,1.3390626263308487,1.6087710625168423,1.7663876619096297,0.1997818935022453,-0.1650123419866583
43,-0.96517814491118,1.0467212824087868,0.8644957254317145,1.2894811068680154,0.0405953449454016,0.3494004797024956
46,-1.0655846792938035,0.7538368002420328,1.5053032423045971,1.3657174188923225,-0.2000000091001307,0.0439305115532206
41,-0.9872644990991074,1.1471776648729988,0.5306422904497927,1.2753435073829067,-0.2000000086842172,0.2342278864156051
2,0.0235023128328977,0.023972755584005,1.9108970771220068,1.3533379743529512,0.0450747398339391,0.3478991572645813
4,-0.0295049357498019,0.1587672341680077,2.038417519130979,1.224785114922468,0.0447500362932569,0.1936962465885403
8,-0.0097535253424987,0.4019266403606578,2.2114894474532942,1.855990781505428,0.199977067039178,-0.1066080141265735
3,-0.1001292788857003,0.3056615083792487,1.5690992111947877,1.5679374388580194,-0.1998650238343824,0.3449582836159385
1,-0.0556707817749846,0.2506740275952098,1.5546489479627947,1.574281571871287,-0.1998184581031455,0.398059849035907
44,-1.0425303098272851,0.9039837628294864,1.1836953769114356,1.4273706084270608,-0.0307741879780933,0.1080237640360931
37,-0.6925998880766611,1.5656678845587169,0.8594032945719103,0.804789211466637,-0.2000000096981572,-0.1170783222445032
7,-0.0408726651041934,0.4790477327609442,2.1775586242463927,1.8051652388161976,0.1998577207304001,-0.0901164925567208
36,-0.7118235689272346,1.560372427097782,0.9418129111316542,0.8867448536062126,-0.1999999067159562,-0.3411803682283615
40,-0.8771840493316606,1.249787242424882,0.7037489796665053,1.0160523323173334,-0.1999999423311275,0.2012663823040784
43,-1.0090047441497036,1.0574512136418526,0.982522171982799,1.315383756842617,-0.2000000079568456,0.0525691745890036
26,-0.3555795527968475,2.057023079202919,1.2080909694221358,1.369234210878428,0.1591993542385325,0.2048845169685931
37,-0.7583711099328904,1.5030073792071277,0.7945370423283915,0.8146684982454374,-0.2000000099586575,-0.158543678910463
21,-0.291078973284319,1.623302502327754,1.5607944960382325,1.7444307900698666,0.1999649662675484,-0.0914530860324518
40,-0.9674248919660632,1.2059328996392569,0.7141901450839381,1.1803422685115803,-0.2000000076195706,-0.0514260749061761
23,-0.3852766964203168,1.7569215517516954,1.3537909547474722,1.551343639312708,0.1994499490779175,-0.1015393260700652
37,-0.5694061244597293,1.6314240419287265,1.1584858364101986,0.8901409352938303,0.0193400892100388,-0.3557179216777266
11,-0.1571687134028211,0.7614403470307348,1.859974441179309,2.0363519165221025,0.1999398413730217,-0.317047291696771
34,-0.5800994455582877,1.6632258330867042,1.0917134211160515,0.8539463444326736,-0.0293507273610544,-0.3275565604773598
20,-0.3515889288228426,1.5362028915618973,1.4490802665039455,1.702774882189657,0.0735761883239942,0.0170910973421156
19,-0.3532091516779179,1.4777832053470352,1.480905813709267,1.7024610687909976,0.1999523210859072,-0.1485617012911555
9,-0.0206854606768815,0.4491554008570158,2.335718118646417,1.836333679709334,0.200000009952883,-0.557223429635896
0,0.0555555555555556,0.15,1.5707963267948966,1.5707963267948966,-0.1998930286589152,0.3064476115556164
0,-0.0333333333333332,0.3055555555555556,1.5707963267948966,1.5707963267948966,0.1994579704298532,-0.1929509034648879
2,-0.0418522144253313,0.0450509874084416,1.8852584520962576,1.3743332163940514,0.0082335943328135,-0.0971928064621036
48,-1.0493395760166462,0.7299229695579666,1.625416554607913,1.2064111158651531,-0.2000000099581116,0.285309132103488
44,-1.0038814319276754,0.9223509569475932,0.9743083315577844,1.330411626411692,-0.1999999847068901,0.1931608685466506
47,-1.0496835898932386,0.8619395684797462,1.2652908759799342,1.4196483117494445,-0.2000000099966205,0.2908708987058559
9,-0.05293368925938,0.5875967217031313,2.125028939657145,2.0131370299486746,0.1678411848659027,-0.3141199465794365
11,-0.1271348163777,0.661216111541219,2.042449680684973,1.875676415805096,0.1999750177465906,-0.340340945170312
26,-0.3267015970560826,1.9734291298228208,1.1850786144521577,1.4425778170673946,0.1999986566702911,0.1721286449944324
35,-0.6127418416555264,1.6346365695982064,0.8780104459370834,0.9394990752023146,-0.1999999207687077,0.1432002619825279
12,-0.1833295316699587,0.8036854784571374,1.8490709255079008,1.9317710657651552,0.1999686153244909,-0.1797517437182932
11,-0.2252228811142022,0.7085743622536964,1.7557140598681311,1.9382347075505584,0.1998709276214605,-0.2823582577779089
2,-0.0033742710087949,0.0001258093878302,1.94347141782311,1.299081241869535,-0.0210476963918747,0.2823633559911097
29,-0.3469483239752794,2.055014998285668,1.4191015596177916,1.296789579380134,-0.1912080887626644,0.2540167340488448
27,-0.3512128517338407,2.088401266181072,1.1810861516313895,1.3631890647644245,0.0951958916098541,0.2501511519393701
37,-0.7339638661350927,1.5284944970516534,0.8163835565235953,0.8048925926993123,-0.2000000098060834,-0.1408749565474
48,-1.0447336086822183,0.6746917051145125,1.83590538153914,1.1559834898254435,-0.1494023283318764,0.0848554475461564
21,-0.365548830698245,1.5674319879493956,1.4878182570126397,1.6602667245291252,0.1432758327735674,-0.0707622852312899
22,-0.3580819434782432,1.6796692456046691,1.414912630864654,1.6480609143089908,0.1764020808531713,-0.1138090627708407
9,-0.0501012762714025,0.5526656122242302,2.0925822565939765,2.0694073440159872,0.1999797089780123,-0.3582455071356831
1,0.0064274249503728,0.2552796831033299,1.7772679904615565,1.4524014159278589,-0.1057521221808297,0.1748012907503323
33,-0.4822788466525519,1.7938575330469622,1.2117758030679564,0.8728834898631297,-0.0256473871285373,-0.4076896978537027
27,-0.3071696239785437,2.101553760077815,1.3407151820745806,1.3054558505216582,-0.081399211870951,0.2965654285975139
20,-0.3636675946191767,1.576207372427143,1.4066249630636891,1.6496462342117548,0.0330433597722726,0.0487242844090221
0,0.0777777777777779,0.2833333333333333,1.5707963267948966,1.5707963267948966,0.1803125719895828,-0.3792818520278246
34,-0.6031497237932848,1.701644993361262,1.0232867310431342,0.9016705476438098,-0.1999182852724893,-0.0403080651546068
2,-0.1046628074205061,0.1666667828255943,1.858864785232816,1.420362743878526,-0.1999313630480181,0.1375762509193673
20,-0.3800262154130107,1.6184753030920669,1.426684488603149,1.617668199475174,0.070554808059739,0.036925006979706
30,-0.3311774422673306,2.026485505070582,1.5015553096917014,1.1688897865634478,-0.1999999159479047,-0.0344309349529949
31,-0.3983877913707113,1.9565043852101056,1.4939121837404112,1.184049463977177,-0.1999631427561747,0.0203461527274512
32,-0.4606599586525827,1.784838086117691,1.4729295997556786,1.0431529461576106,-0.2000000046883976,0.0777255233721834
14,-0.280588065993638,1.0097537019997995,1.6754926676538329,1.8664721690609631,0.1999916957269642,-0.0689271375901503
0,-0.0999999999999998,0.3277777777777778,1.5707963267948966,1.5707963267948966,0.0787592040528488,-0.3182789076510651
33,-0.4679060284358688,1.8149270118766927,1.207791474708591,0.8651087118876638,0.040590101521858,-0.394051991630526
9,-0.0388336763921034,0.5060468320429495,2.082611640044723,2.027246332213969,0.1999915125125039,-0.1228993537948811
8,0.0259429572414174,0.6159133579573511,2.242511016377483,1.9377160131575204,0.1999851763014751,-0.1117980443260818
23,-0.4013359252179588,1.6691467355858347,1.4935947759684662,1.610917302777962,0.1630167897015331,-0.1264384786163905
30,-0.3488230210926167,1.900796814265256,1.3553963667389493,1.6639330669287618,0.2000000099418334,0.2407214418055459
15,-0.2703543987147124,1.1065813380884848,1.639984750249658,1.8099324939199632,0.1999795408860486,0.1665762673758422
3,0.0185443413348677,0.0714055369784071,2.090918646254812,1.233316691496041,0.1998936339859421,0.2565316782911273
30,-0.3652675281018179,2.005104293643171,1.492334313754308,1.215427322846957,-0.1999940451895296,0.0832820619096526
32,-0.4594309801172234,1.7878855519018233,1.4718827261265854,1.0499549527091268,-0.1999863981121954,-0.2080510208201696
35,-0.5949472149056528,1.6723904058626162,0.962012087055717,0.8041765657078344,0.2000000095116435,-0.1113780109623892
22,-0.3453599898957828,1.616958217318983,1.4887413839485983,1.6167976716518684,0.1999743428301879,-0.2150699230575912
6,-0.0093001684397111,0.3352535506117808,2.277895338626536,1.8884031855641992,0.1999518645469705,-0.1182260067651399
47,-1.0389635251794362,0.7469199430123795,1.3219177556336676,1.319320400402218,-0.2000000099512905,0.5946887595258294
39,-0.6888875125186751,1.5595509725301553,0.8556546576301727,0.8486131319119384,-0.2000000099634021,-0.1092005655865691
9,-0.042721133145592,0.4619897598466746,2.196447887518678,1.9965722796540384,0.200000009992022,-0.5156654624084603
28,-0.3308116616629014,2.060523550654792,1.513961531977014,1.272238365885507,-0.199996190301879,-0.0095750076308487
16,-0.2795324533005323,1.078369021870102,1.6321020955827574,1.8141261954083183,0.2000000099933664,0.1436590597280374
12,-0.2119265981572481,0.7497632398571392,1.7375544288960971,1.9740631224147964,0.1999896309710502,-0.1136957123762286
12,-0.1826763372742527,0.6764232453575988,1.773409736403499,1.9516928073461144,0.2000000099567947,0.0610733462733404
12,-0.2216828131075275,0.7619046029839945,1.7330514066326086,1.9470869903797352,0.1999724783169943,-0.0997700026789256
39,-0.886363337257579,1.2836236932654808,0.6764208584997482,1.067172033965018,-0.1999805700547245,0.1955579875004187
5,-0.0731919120859026,0.1279246203825576,2.1389160911228995,1.476318542738034,0.1999525706112656,0.103656805691841
13,-0.2743326892434294,1.0998754611972823,1.6867991807546954,1.8647044946309408,0.1999799473162597,-0.2451540075789245
21,-0.385859003036366,1.567219408240102,1.4665956879642348,1.6293241636193732,0.1508408803040038,-0.059938814141311
18,-0.3046479104210284,1.2658167057026353,1.5997257428851466,1.7392725167316536,0.2000000099729374,0.2029211488743858
5,-0.0588161259661449,0.2616143703755964,2.007904159897242,1.374988380778597,0.1954598966245259,0.2735734440303737
37,-0.748654209003515,1.5061836403862197,0.8144534128394465,0.8181920224484494,-0.200000009833372,-0.137526339287975
49,-1.0632949175718056,0.7712081080536288,1.475299228974853,1.3803960137688374,-0.1405444330425907,1.0699133156275993
41,-0.9102129349039416,1.2966232077155937,0.7531082118537764,1.0691758123721542,-0.2000000098937555,-0.0590074468964089
21,-0.4020349110942793,1.5902053642568297,1.4970248649504525,1.6280316612756598,0.0724198713116697,-0.0423147601647619
29,-0.3684923883959407,2.0885655179254554,1.4856181340899806,1.2582847112679196,-0.2000000085609974,-0.390211225182505
42,-0.9212730648609542,1.209855445964252,0.8439975599155081,1.1307577506332769,-0.2000000095361634,-0.0524211347466922
13,-0.2352109377350474,0.8203678396905925,1.6888739029553277,1.836384949438321,0.1999875968567989,0.1531339883065799
20,-0.3349433825977637,1.5619803906434264,1.5156752030041556,1.6577684250136384,0.0660413634206824,-0.0532706610530241
40,-0.8780017221541037,1.2417541489552673,0.847793866941009,1.0636712102170838,-0.1999999912294145,0.1754704261059659
32,-0.464458650017641,1.8196416861331923,1.391764834889747,0.921595948456706,-0.1865199513396084,-0.539202752778623
25,-0.3522688278137401,1.9410063275122305,1.218221285441194,1.4422479031764166,0.1999436813024193,0.0502263703762831
47,-1.0229386207146078,0.8131903872855746,1.586648249522314,1.32480183495303,-0.2000000099636327,0.0832864865495544
37,-0.6592751802993769,1.5904989326429302,0.9665871600594188,0.827164204130645,-0.1305548424328053,-0.272204601676114
3,-0.0288151620220963,0.0990106550787171,1.989132122197424,1.244615058042451,0.0542930387439872,0.2063781104238191
1,-0.0777122361720776,0.3312335383356402,1.6784075806525092,1.5356897253958068,0.1541925887328367,-0.2013869621998781
3,0.0252412553510548,0.0475762639206324,2.121731312074933,1.2910119841715506,0.0489515120759141,0.1997646672468472
4,-0.051421559411551,0.3226029484830657,2.123300747075353,1.4404083361769031,-0.0215555248319619,0.1546957540454913
38,-0.8348287364949702,1.319651938296306,0.7592564384129386,0.9415681115637518,-0.1999999714735062,0.1099920247309226
45,-1.0018895949985536,0.8818413783292366,1.1363890404489378,1.4027388798177978,0.0183237074863397,0.4458165938756643
47,-1.044634005662226,0.732042813416122,1.4925966290834962,1.2926133202584509,-0.2000000083432977,0.2599135995504761
26,-0.3485764894749678,2.047406996021547,1.448047992834125,1.2695907739517354,-0.1193335330764157,0.1126031833312322
1,-0.0115294746317732,0.2815729298863795,1.666067556538854,1.533768551965619,-0.1795922353036015,0.3452886545114655
6,0.0849882346776155,0.1955005746599953,2.1582990335908274,1.5282690296102937,0.2000000099565972,-0.3351439153166209
44,-1.0130542785947236,0.8773820427327246,1.12968661134514,1.4072925442879436,-0.1203303475568199,0.4834169393616832
4,-0.0952755064207311,0.4647683215960306,2.021971137323652,1.5156149739904352,0.1999771387732519,0.1382964495163304
25,-0.3642533380621314,1.9456075373401107,1.1844766410675387,1.4911027929103853,0.1999829684631528,-0.0370221772164893
5,0.0112857176000143,0.251512566010072,2.3151076932661145,1.7222684153510175,0.1995783758242676,-0.0744247092791581
10,0.0441354560365277,0.606799903595634,2.2163936253284544,1.9024545961479824,0.199998568853208,-0.0731340100527392
31,-0.4493407944463263,1.906003668289012,1.47306111181644,1.00450613629679,-0.1999103504649345,-0.5002819610294058
18,-0.3260106719320959,1.3198185177603814,1.6156529607858996,1.7541365605590924,0.1999124273357328,-0.1928451266523723
22,-0.3372371417697171,1.7775975499629442,1.3013995895769934,1.6164759485828966,0.1999422885103699,-0.0178276094712072
43,-0.9428823353928932,1.0958410090231891,0.8402022096004824,1.1456659992878184,-0.2000000081251941,-0.0203832992965504
9,-0.1169761876887115,0.5178563324364913,2.0305857780065875,1.9058139101854823,0.1999773187496563,-0.318333271135199
29,-0.3573447136969166,1.9473898702322123,1.459746808805738,1.1773393099845415,-0.0669170831669979,0.0700410192707441
15,-0.2962940218466886,1.1506768822155111,1.6455108802377008,1.8109258664164976,0.19997853111691,-0.0451676374948457
3,0.0776430768519077,0.2066441777606542,1.535899625220571,1.5804518901593425,-0.1887809112249593,0.4259611063779409
23,-0.3846081590218332,1.7595237343575074,1.3760921443488936,1.5652388437994142,0.1998781839484954,-0.0972507051292256
49,-1.0668684712703151,0.6750475468386338,1.6867763428625209,1.1021677181750895,0.2000000099875946,0.8362860504145255
30,-0.3915124020466423,1.9487023845796376,1.4789869832482676,1.1973396797270353,-0.1998467782411103,0.116321308439696
0,-0.0777777777777776,0.2833333333333333,1.5707963267948966,1.5707963267948966,0.1997182121031883,-0.3612153276465669
36,-0.6599359953157373,1.5335173540306564,0.9099541502681116,0.8741244941430055,-0.2000000074569968,0.0927273020005074
2,-0.1006628973814526,0.3231336401690332,1.520868764319692,1.5694501683493731,0.1377996817303483,-0.1746871333459553
41,-0.9428635363904392,1.1195072943609916,0.94262154381293,1.205103353827034,-0.1999995843072638,0.1737064480976997
5,-0.0345403947028715,0.1166472385781247,2.1738155568626265,1.3973813738939214,0.1999271643564097,0.1307351173180063
38,-0.7627070753824821,1.410406719491116,0.8601145418968539,0.8767168096004145,-0.200000009737944,0.0322344465951817
8,-0.0686470276391161,0.6045450348834779,2.1684606437990026,1.833478003353883,0.1999763774772329,-0.1929727795197036
38,-0.7867064189314896,1.3828314439767737,0.8324770974603037,0.889255148895113,-0.2000000091694161,0.0898936111295744
17,-0.3491465858218885,1.2293011227190127,1.6106968643751485,1.7167605153010903,0.1999910761595467,-0.0960154929007197
37,-0.7172316383906401,1.4811656364068675,0.933591184267078,0.9178866845831352,-0.1999999242441566,-0.1329035475167559
0,-0.0111111111111109,0.35,1.5707963267948966,1.5707963267948966,-0.199681905421993,0.3561175064565777
1,-0.1000058545997209,0.3039454677163626,1.592602235325847,1.5634490088183166,0.1276267135562366,-0.358251886593996
24,-0.3769762222780916,1.7940907148661982,1.3389961319651942,1.5602151942044475,0.1999198687790425,-0.1413338208210115
9,-0.0338180341800789,0.5796860084060224,2.1225836584952216,2.063684379519555,0.1999602252460394,-0.2787159179210307
33,-0.5381511635169681,1.7294864335929343,1.087565698721681,0.8344665192097669,0.199999866142139,-0.0408756929656039
25,-0.3552937921631811,1.9839143753194928,1.275007554390703,1.598549775664307,-0.1999996961246052,-0.3508738972078469
49,-1.0447685300305691,0.67445760474262,1.823491764315639,1.1613878090050638,0.2000000099925692,4.80913669974106
48,-1.0687239854363948,0.6693160722017925,1.4727559414652776,1.2722297591670966,-0.2000000099261062,0.4868895498176606
45,-1.02008268890751,0.834711959005031,1.2377916685535986,1.4247857538623945,-0.0890251785548643,0.491551032922328
3,0.1020494981693528,0.3646087175088897,1.7944585541870932,1.542307287202915,0.1999279134206771,0.4719123827202198
0,0.1000000000000001,0.1722222222222222,1.5707963267948966,1.5707963267948966,0.1997793340465314,-0.340153370821415
45,-1.0445844232217938,0.7734461513056057,1.3184291506793837,1.3267649304702214,-0.1999936731696386,-0.0853710527349219
22,-0.3500335940137929,1.635947490144927,1.4149018163469176,1.5796518136241906,0.1999839210743259,-0.1066100677550148
43,-0.9642810240367335,1.1573883246382444,0.6875963119532454,1.2117326958600318,-0.2000000099391221,0.2164894362624793
28,-0.370501377535393,1.997253614204913,1.1517030457642417,1.416250455575534,0.1999868642904236,0.3740261408135823
3,0.051373234815638,0.1887813686491787,1.8454854125764708,1.4294798226037218,-0.1813302641208558,0.3141295977463846
14,-0.3047753905981976,1.0713934439956132,1.6392468708243708,1.794942622797383,0.1999733355292064,-0.0606399729202802
29,-0.386638279101367,1.953022002557452,1.408729109042559,1.253872797045025,0.1999018259543859,0.2453171768325747
28,-0.3517016778255846,2.0133750982572787,1.4148958549146808,1.2779122473013913,-0.0290430180822562,0.2610851411179736
31,-0.3723029675810875,1.9859142885423688,1.4725481691446642,1.2387071988837266,-0.1999999259327283,0.1203061039814076
23,-0.3514155471598121,1.721121979686358,1.3569277162340023,1.5404677262558455,0.1999815227026812,-0.1445507019877708
13,-0.2243750819564924,0.9701578321421432,1.7173337089505534,1.8714381129160629,0.1998615326558891,-0.0832602755824006
25,-0.3544677218674413,1.984887902463276,1.2146825225795526,1.4393630872698564,0.199906978870283,0.0149961207341197
6,0.0399972200058816,0.3403059509789105,2.233550959327493,1.565648237419145,0.1999579553881493,0.1495356174355411
41,-0.9265902993046414,1.1522618460733451,0.8255765534344119,1.135497087530993,-0.2000000067490145,0.2206092343113342
38,-0.7853052655627959,1.3763158019172703,0.8287837552514414,0.8771957054714445,-0.2000000090709168,-0.0062984611466812
17,-0.355957993946693,1.316864711739533,1.578604140379701,1.7220731141817716,0.1999611496547886,-0.1064854264538023
8,0.1006426196510063,0.5251638004837949,1.5966661545124392,1.5601845271431247,0.028753348416011,0.5067349678743428
43,-0.9414258941912136,1.103599853036555,0.8791454705086093,1.2016522551038034,-0.200000008764794,0.2907054370231326
7,-0.0994522078561497,0.8707909660457919,2.051155431358132,1.9674904603864616,0.1977165215145161,-0.3434504382195885
30,-0.3423514188061955,2.0047684771214804,1.4943268234517912,1.1362275859362296,-0.199994348887838,-0.1257226397288456
3,0.0800071334433385,0.1836508722212608,1.9483975181963784,1.4746901164557256,0.1997779322643642,0.1986345242184597
17,-0.1924656108836029,1.3112327589760313,1.7778114015844206,1.9890511058823488,0.1999918396753163,-0.1429188512226885
8,-0.0189063408959665,0.3995966354932836,2.255961262027378,1.7758982446379452,0.1999759893187183,-0.1442033703788008
6,-0.079991138651205,0.2663335104398138,1.6414529691126685,1.5113113934497124,0.1999591300647032,0.5232998374874717
24,-0.3847373217637007,1.809961903282388,1.337329008677278,1.539534574030026,0.1994402050553178,-0.0574455769082063
49,-1.0854472149337542,0.6549877342389703,1.776691518778359,0.9662413314245032,0.2000000099676969,0.628073017648693
30,-0.3728732939047492,1.9969547270472292,1.4392614002015929,1.2613897554514513,-0.1999831598847416,0.172704622943626
2,-0.0991687640026728,0.3984813495044994,1.6911456594851355,1.5444845726440202,0.1996298408499906,-0.2747807282528547
28,-0.3447576268417454,2.05041395290376,1.4460141389307122,1.2679606073141645,-0.0926338748961433,0.1251224249804818
2,0.1000448089068881,0.1641370928558181,1.5477717193451266,1.5790513837627582,-0.0916841304517173,-0.1249335482850374
16,-0.3295357517488178,1.1094990251924812,1.6601758609202246,1.7828592522657851,0.1999950755664985,-0.1612001924132725
1,0.0776582506168769,0.2287565328536437,1.5462660724904875,1.5771724795046584,-0.199947357453522,0.0981254854689342
19,-0.3822525932714607,1.461540555882431,1.5106763700631003,1.643722524936579,0.1998270603045452,-0.1386258098204823
9,-0.102999646143375,0.4203790575213513,1.9959356310453755,2.016577915615661,0.2000000099463701,-0.3820094489266863
30,-0.3785795642984105,1.9744949596226808,1.5431991585181963,1.1644666158900232,-0.1999717809058716,-0.0660432779053355
21,-0.3381833861429073,1.5763389587839118,1.4935250813749177,1.651056313364911,0.1999638415178943,-0.0101287936089363
28,-0.3423929118076742,2.0795178517126334,1.414819011181649,1.2849823134443024,-0.1699745340852792,0.0832256140626542
18,-0.3694129409365653,1.4081020107461988,1.531983790048633,1.6912285042981268,0.199974537985424,-0.126795734454164
0,-0.0111111111111109,0.2388888888888888,1.5707963267948966,1.5707963267948966,-0.1997852141949948,0.3683506733458357
21,-0.3976011750724295,1.7428640302999363,1.4924858222391943,1.6071255839354108,0.1051491818131216,-0.0921870642040458
14,-0.2578447163711317,0.9071418432393052,1.6925424161043503,1.8913930157249816,0.200000009993213,-0.1535070878421706
26,-0.3640105692130018,2.020589492242442,1.1791152144458632,1.408987511039105,0.199877809129154,0.0831876154300654
41,-0.9956737683946064,1.127822320193153,0.842783604809318,1.265000155881029,-0.2000000028194033,-0.0532075173320923
49,-1.1000498105772438,0.6049136292091967,1.844172163481422,0.8606894268130661,0.2000000099629778,0.517470928734909
29,-0.3763540762995425,1.989174455243912,1.3788385922696929,1.2860550160869852,0.0738308459238891,0.2681871588303506
7,0.104441195207509,0.3991530209147284,1.9903271636602025,1.5439165776098818,0.1999380727743094,0.3935736334076015
27,-0.3196553533266716,2.092858073085801,1.4585914846784966,1.307165862841807,-0.1999814724819827,-0.0231054933696843
10,-0.103895753703049,0.5192621454712367,2.0868218141284327,1.7370205032682826,0.2000000099562413,-0.3414055489192203
19,-0.3716742397702778,1.5039502791769606,1.4901341843095164,1.674783512847244,0.1964995070644191,-0.2414013042225874
49,-1.0638348593223552,0.6801884594354106,2.0249319738384823,0.9709036069680392,0.2000000099015029,0.4636877835416272
33,-0.5008365183356727,1.7334307303052643,1.0501643529649956,0.9569787933283502,-0.1999905801231015,0.0568827545933863
39,-0.869807023764848,1.3767495319433318,0.7867216664042811,0.9917904931139828,0.1950586323932336,-0.2271944963702418
12,-0.2129835855417317,0.846273316370327,1.724922169992004,1.8894001940337344,0.1999331300672252,0.0761641957957124
7,-0.0315629387689105,0.3164659026345122,2.2333644894586246,1.8941620905966352,0.1998916714001067,-0.249079141684743
20,-0.3689039084936505,1.469807755575172,1.543716647722993,1.6550995901217196,0.0856593006633681,-0.1197545952531249
44,-0.987078894987002,1.0057140670859983,0.9523856506136203,1.3070208884945802,-0.2000000088500158,0.167548324017404
27,-0.3217874217577963,2.04192643208005,1.1961849230018,1.36740965331875,0.1999736829440069,0.4314159393556883
1,-0.0554752909678841,0.3483495072958354,1.596501457565699,1.5633759849054385,-0.19422152371515,0.3865177337245816
15,-0.3288295570605417,1.0600320658221234,1.6341366983602257,1.7367940551016936,0.1999867546998736,-0.0698175306696721
31,-0.4659846285165984,1.805315417042812,1.397632231065307,0.9797229502142064,-0.1999556059592879,-0.4579808547571807
0,-0.0999999999999998,0.15,1.5707963267948966,1.5707963267948966,0.1997652969348927,-0.2996355163111939
31,-0.3979527622081758,1.9166863039066884,1.543598460512441,1.0937568974220897,-0.1999696828187482,-0.1450106864518954
23,-0.4149236027314995,1.6578350102133406,1.4959192583945136,1.5971429360158886,0.1996561823110434,-0.1448879814418599
3,-0.0069181234335459,0.168858104123632,2.007599786916052,1.2398694956115135,0.0153291182880338,0.0629909994663608
30,-0.3641013119429028,1.9983231142465896,1.450759002068315,1.2546478543012796,-0.19998666749431,0.1521589954007414
25,-0.4030733272963429,1.8889184973244664,1.3002806502070765,1.5134896987801794,-0.1637591858595738,-0.3062322020992028
47,-1.0049461970747706,0.9152467240942604,0.9703505198147636,1.3268048553865102,-0.2000000099874666,0.448838005231404
6,0.0397116304399744,0.2554631808988624,2.2485137368228774,1.577739635986931,0.1999700653529058,0.0638078129172561
3,-0.0664096497959101,0.1299447746223559,1.8948718393829207,1.3491215959781122,-0.1515609714576925,0.2596735316732892
41,-0.8772168855405054,1.2501161491457913,0.7743597804245095,0.993222972422776,-0.1999999888637553,-0.0670942360999698
15,-0.2346057344881737,1.0008035165321776,1.6915760161962847,1.912480183198008,0.2000000099933904,0.076667639989366
0,-0.0111111111111109,0.35,1.5707963267948966,1.5707963267948966,-0.199681905421993,0.3561175064565777
49,-1.0649942944913675,0.6786353866016235,1.6677945787694792,1.117565045159406,0.2000000099847792,0.8795003945937092
29,-0.3635656027953911,1.9389920186639964,1.4600889916208128,1.176947198412269,-0.0085543746115763,0.0892749527336319
0,0.0555555555555556,0.15,1.5707963267948966,1.5707963267948966,-0.1998930286589368,0.3064476116271347
17,-0.331279409478166,1.3040101862939668,1.6381891640510895,1.7673091781986583,0.1999913778788271,-0.1930412969179141
1,-0.0562145096627263,0.2958141068171621,1.679741964736257,1.5263706415784424,-0.1999529981012371,0.3004019699855017
7,-0.0148811756859687,0.3036360989108423,2.184356608488832,1.9104014365112247,0.1999743153883248,-0.1130486240077586
12,-0.1913315996330539,0.7372296009147237,1.8264429430153708,2.053523670821259,0.1999979283332642,-0.2928469401401735
47,-1.0261685886123342,0.8579825856052797,1.1381441811707358,1.3502249599808889,-0.2000000099809717,0.3808037279992055
16,-0.3007530010459124,1.1041950704740586,1.608922109999929,1.7783301974459145,0.2000000099932612,0.1523057315896631
37,-0.8395866263986214,1.4033348195372204,0.814830326535974,0.9533066036119424,-0.0950533982159395,-0.2490826289886505
3,-0.0132054788591618,0.1660136139197678,1.9925003434207775,1.18975299376092,0.0340916707203734,0.0566171730376175
7,0.0289461228214639,0.3735952462317322,2.239880741634641,1.9087886341010407,0.1999323186871262,-0.082273977126577
25,-0.380696489455218,1.8737242032762225,1.2467277767744402,1.5282187422472613,0.199829336656948,-0.1841137715977142
20,-0.3655207437640592,1.479638876795262,1.5355215380575995,1.6643731151882284,0.0978282708395675,-0.0038882469610419
22,-0.3771638161411297,1.6788156124316722,1.422787002348576,1.6062397137190805,0.1233671298904416,-0.1127291950577778
11,-0.1523163667034163,0.6490740757954642,1.8191308277335505,2.029006990925493,0.1999845884146229,-0.0337170877505623
0,-0.0555555555555554,0.1722222222222222,1.5707963267948966,1.5707963267948966,-0.199791428702467,0.3691810615972527
16,-0.277114135124159,1.0990133094466108,1.6334438743677475,1.825110580189202,0.2000000099455263,0.1378306885601787
6,0.0599458433981034,0.3159803952197778,2.3101198515531163,1.6903254042607887,0.1999449901987985,0.0200106933397394
12,-0.2343978941673236,0.7161438296260282,1.710296839251826,1.913107516627878,0.1999962438773388,-0.0234012955844051
15,-0.283912630847777,1.024573914435506,1.686800510683332,1.8329015717466937,0.1999843502270115,-0.1638425086361574
17,-0.3428980983192539,1.2162194288173178,1.6206235839661698,1.7359758550324618,0.1999873884874506,-0.0351739672905288
9,-0.0554636717644646,0.4801407862412727,2.011761580654655,2.052508687903872,0.1999846640533616,-0.071906417903145
45,-1.0337352458407625,0.7691355928348456,1.2420648418327551,1.40699176267362,-0.0969894187294263,0.4883677240189666
28,-0.3690520772781564,2.0120032626576894,1.1627891744163374,1.3973448731335971,0.199968001244543,0.454822085252299
48,-1.0705934983164405,0.7038413196139264,1.6515721949425082,1.2824761295709497,-0.2000000099727977,0.2503615509281603
48,-1.0841595621177635,0.6680061116064261,1.4654842084881403,1.2591551704072868,-0.2000000099416939,0.4637779117103562
3,-0.0086029842330793,0.092870701794223,1.97240071097878,1.2395942626158512,0.0553619109560105,0.2600939497218762
30,-0.3967136291558357,1.9239311133572243,1.418081578859363,1.2365289939831927,0.1290039894755264,0.2897179047377469
26,-0.3638839689806931,2.016368167125216,1.177033876129661,1.4140288034945665,0.199895941189868,0.08076677172645
49,-1.0543620132136418,0.69986910728855,1.375142396488462,1.3049406622338169,-0.0965889135001953,1.277911280230032
31,-0.3915257731286754,1.948311503631083,1.4799968461182456,1.195164867948222,-0.1997065687510766,0.127140832492723
5,0.0402375373248832,0.1510527228024071,2.241148688891206,1.5309627283558254,0.1999233253377613,0.0600981695965661
24,-0.3862674022969121,1.7659267759793629,1.362041019895349,1.557781297026899,0.1998960835660225,-0.1778487182790522
31,-0.4044897556036246,1.9013120866709807,1.5359598491202044,1.072915906019569,-0.199961009312144,-0.1810852991351877
33,-0.5069729563452057,1.7062100470709265,1.1849614354458191,0.906895480225802,-0.2000000018214398,0.0509681405016646
5,0.0404144447342522,0.1741937299976546,2.3445565486934523,1.5662860439601043,0.1999164555547116,-0.036156955152285
14,-0.2613003726447327,1.0676882352584272,1.653552004196916,1.832392481612892,0.199979835941846,0.1351042774866334
27,-0.3090005639002464,2.1005097971154254,1.345833190777574,1.30479339566676,-0.0881457787678267,0.2847950430669348
36,-0.6622763245717918,1.602406172458879,0.8783482993629317,0.8002565873678315,-0.200000009483396,-0.1903176688516676
37,-0.8027755581886731,1.4616341303722336,0.8574928576734404,0.90934916600987,-0.1719709704165934,-0.2944722770702363
7,0.0274729487021843,0.4039029854586314,2.32584268698958,1.815447958909515,0.1996698735923565,-0.1285856937923622
26,-0.3846900947148995,1.952288780690621,1.438833917551909,1.2340420141835056,-0.0186028525334369,-0.0341282767212356
47,-1.0397806204207904,0.9238962496840126,1.1411512876537184,1.4232351495120363,-0.2000000099814334,0.3694075998721602
2,-0.0028430378134146,0.1377073604882978,1.878400013842855,1.3329353139656968,-0.1943730552323783,0.1397267949607298
18,-0.3404097770670946,1.6480792352353348,1.4710138843525251,1.7095864616162626,0.0469513862631876,-0.4196860780387252
18,-0.3788491792301598,1.409507782694188,1.5816154713418822,1.709662263871248,0.1998222980809,-0.2638464077023744
13,-0.2773107677241194,0.8941957293875086,1.6827616850521905,1.871429360533804,0.1999677530519144,-0.066876705536082
1,-0.055508712094295,0.2241152061686328,1.6096432144430022,1.5584824114263691,-0.1998864629837756,0.4051357684223594
36,-0.6718000982763731,1.5928585962237545,0.8706209520485739,0.8001195168626731,-0.2000000096016548,-0.1624383089559217
6,0.0613021582738864,0.2824914945440934,2.217379634329353,1.4839281580161168,0.199967039400836,0.166117244599409
43,-0.9609128485778377,1.2224705835579506,0.6945303725686411,1.1641385743564234,-0.200000009928277,0.2196997139049196
24,-0.3914277947701728,1.8491658390102808,1.4893243061986308,1.5729870439228495,-0.1622422683716129,0.5053012519214988
33,-0.425279821753714,1.7762301513373846,1.4632874513652665,1.639493562802807,-0.2000000099650979,0.2664794654124943
49,-1.067319134497869,0.671605806264914,1.7106449036535365,1.087796938432094,0.2000000098216603,0.7863936205198078
6,-0.0265919717309174,0.1852227415689432,2.284884867319141,1.563439809383388,0.1999878230020097,-0.1214632867579432
5,-0.0487769502143472,0.4011686823547203,2.1496387730028967,1.5009742914447588,0.1999466319274798,0.1330941703608179
27,-0.3190127795443705,2.0625263875165545,1.414192066588674,1.2575131718360513,-0.1187268720010849,0.1864998817521937
49,-1.0380127652671982,0.6931520258263739,1.6117951097574572,1.277030296767378,0.0161940213957511,0.8278843036536027
17,-0.1734356512625079,1.283538938748304,1.724582509198461,1.9798350383160963,0.200000009949624,0.1705914075511332
45,-1.0193687791375283,0.8435445701511014,1.2381298374158,1.4115244618190657,-0.1999999587644302,0.3732580030455612
12,-0.1868478639245357,0.7123945180692157,1.84443850728241,1.938998226077343,0.2000000099442447,-0.3140113146620292
10,-0.1050420303927503,0.5498973630459298,1.9059706042197089,2.004896114668472,0.1999889866675598,0.0017014260663979
20,-0.3355557169670179,1.4601488320093867,1.5606855424728732,1.6445299386765035,0.2000000096678673,-0.6324249675478512
2,0.1008615102808069,0.3535961295692157,1.6725318460401637,1.550994555807764,0.136816033668612,-0.2952492243056061
0,-0.0555555555555554,0.3277777777777778,1.5707963267948966,1.5707963267948966,0.0275446500877321,-0.1597308552689293
2,-0.0830034997292275,0.0915438420258238,1.8461047942426545,1.4201409563777556,-0.0542421479322293,0.2678684471346848
14,-0.2991114134007002,1.0149756940779244,1.658586555221353,1.8352479829023631,0.1999734733490627,-0.0680877375928269
39,-0.8523640021370187,1.3882093356975902,0.6862861673024039,0.9149841340969538,-0.1838588032536503,-0.2180302407670767
16,-0.3105245795834649,1.0988861538990788,1.652068625265036,1.7994883109125264,0.2000000099418923,-0.2246109083350468
48,-1.085589827283398,0.6146332015892244,1.857351948567901,1.0308396247143232,0.0290511495992928,0.1421865032632608
46,-0.9717497907610504,1.067878118929482,0.815452673533235,1.1698290056649443,-0.2000000100006839,0.2789670760254754
46,-1.0493089786281309,0.7045900117641711,1.3824003863640135,1.3455873601183392,0.2000000083264995,0.4375710515602531
14,-0.2007665364820492,0.9130447560801256,1.7436650964107852,1.9651972205307624,0.2000000099698276,0.0131946561009919
20,-0.3773689615859048,1.5735392531663297,1.4761213670161109,1.6457747190255725,0.0485280353540289,-0.0357962366771274
6,0.0557069872829523,0.3354009204004197,2.23482666263846,1.7607658518936022,0.1998615004414342,0.0066869257481863
7,0.001127254865398,0.3804945649180041,2.234605533131633,1.8019024733803355,0.199963915401887,-0.0469303324075511
9,0.0690731280301695,0.675952274487896,2.2040657783534865,1.9173652007331323,0.1999751968256544,0.0120533076576216
29,-0.3757578163444041,1.9861315932080392,1.3881824361768107,1.2805522766628883,0.0689574326220538,0.257812662417527
23,-0.3398231615791889,1.7535035840154176,1.343165368833814,1.5814789336180923,0.1999748663641602,-0.1236639528930299
23,-0.3825669145889641,1.665415818659377,1.3943304391430131,1.5808669680909238,0.1996955376182975,-0.1645014791831044
42,-0.8358128600658113,1.2834630311688198,0.9257304745920628,0.9026770815970278,-0.2000000099426135,-0.3463881273728728
40,-0.8249230853973909,1.3291993749429003,0.8428190621223788,1.0059974619076282,-0.1999999861861591,0.1740967895769645
22,-0.3853297369242996,1.6834183626324262,1.3967971364643912,1.586456598023704,0.1889234012730841,-0.0512262625203019
25,-0.3867124713935113,1.831717958424072,1.3006945746627192,1.5300104438558897,0.1999176723096346,-0.1898508663611822
21,-0.3395136575254504,1.5095414882081402,1.474701260277305,1.6374560288053348,0.2000000099146174,-0.5182053493730916
24,-0.3587155373748765,1.803638289113182,1.2129851473931068,1.624695230802188,0.199970357917612,-0.1205845696367889
8,-0.0484125558656257,0.3509831923939578,2.0976102834960546,1.833477223872516,0.1999980761699522,-0.1669806041595842
14,-0.2557105517766277,1.0227824675576658,1.6954266156249969,1.8960867759036764,0.199940820740725,-0.1050456282721917
17,-0.3554253596086292,1.224269780369661,1.6374021964755396,1.7390621765895593,0.1999925075114941,-0.0407151066718076
6,-0.055171909195968,0.1963155368884678,2.224738801331544,1.482145007046879,0.199964783856837,0.0161342594852073
32,-0.4890645226215273,1.855351404554842,1.352925051995788,0.9460526391480744,-0.1997950584901263,-0.4032320094020823
34,-0.565826667046205,1.662111062917484,1.0955352996589809,0.8807590468957225,-0.0751036578808557,-0.3068987141156715
0,-0.0777777777777776,0.2611111111111111,1.5707963267948966,1.5707963267948966,0.1999151556821059,-0.3097760448230235
1,0.0777749817077301,0.1886850199200739,1.573636238523994,1.5698131073902892,-0.1998757437729906,0.1213015575484398
1,-0.0340497029115396,0.176781119506015,1.6623527194049696,1.5317328614992798,-0.1999098790017081,0.3925031959532134
9,-0.109430154645763,0.5424459898650733,1.9575735936549048,2.0133229389241416,0.1999507105386152,-0.1823420707627853
2,-0.1007654303835372,0.3126590624928365,1.505907335379396,1.5704721876294283,0.1458932039471946,-0.1592475449870797
47,-1.0240749807474592,0.8120075458340633,1.2248320514943938,1.3541256285749856,-0.2000000099682513,0.3244972856684635
49,-1.0562432244386168,0.6898519084098313,1.3839497017350535,1.299156543381936,-0.0603128468888099,1.2618567333225073
7,-0.0253390322720309,0.3069778019083667,2.1753934855249266,1.8406932289087936,0.1999839436942819,-0.0771555890344349
26,-0.3549815378376147,2.0586459086181983,1.3822257789459569,1.3006587690687823,-0.0949069285748639,0.1212691101213146
4,0.0098322276710029,0.1476070225627151,2.164912627139364,1.3683934436461695,0.1999295615497856,0.2792285407851573
26,-0.3789599275786031,1.88081010218898,1.2470998103406767,1.509973611569611,0.1999802114279242,-0.1722526588100089
41,-0.8319988042842251,1.3109376174166885,0.8092546295170048,1.084842401261004,-0.2000000099624659,0.3235525837192109
5,0.035726896344839,0.2017369413105647,2.198643215992723,1.4152154767675338,0.1982921127005687,0.1235109372609758
42,-0.97586228898146,1.159475299232955,0.857700009891067,1.2225615596029853,-0.2000000085345994,0.0063931376607173
48,-1.077373500700407,0.6473770186463798,1.5474875728276114,1.2297458463370152,-0.2000000099474718,0.3836636655880936
25,-0.3914296737111584,1.862137756593126,1.490966343381677,1.568936685038372,-0.1950096800936714,0.4962071653800834
2,-0.0595086756165952,0.1044668931541088,1.8167240927603585,1.4434703574245291,0.0566681257992507,0.4469136726777638
16,-0.306900478196212,1.1173151854378984,1.6675020168211798,1.7956053475705749,0.1999802354792007,-0.1613018956566251
41,-0.9182761475325728,1.274276999146896,0.7734700935569148,1.0926904547827985,-0.2000000098747076,-0.0671520559557155
1,-0.055672999881917,0.3382752145235553,1.628267184891973,1.5501116296669442,-0.1402025274683773,0.3516733347633306
4,-0.0635392702320908,0.0776775724891173,2.103586890795503,1.301551422073829,0.1645248553288155,0.2225781862539923
16,-0.3185376194891051,1.257184921565465,1.6214553649213652,1.7676870601770895,0.1999897601027638,0.009788693350036
29,-0.395216305762927,1.9296281862614064,1.4221693399038653,1.2316889829529216,0.1999353096685297,0.2153461820608411
47,-1.0348551132664308,0.7628780700851964,2.4200102678176503,1.302587223392318,-0.200000009905932,-0.2183736972412161
18,-0.3596244193307144,1.3087151709866336,1.6046719514477934,1.6738531606251703,0.1997295701601874,0.0016966192687186
49,-1.0484902255898148,0.7228021169097745,1.329363585510526,1.3182922665936847,-0.1035414420440333,1.3860912630753903
43,-1.007561772084471,0.8935279599954742,1.1278732168164591,1.3377882654576323,-0.1999999998503943,0.2455030284585554
32,-0.3927214389683776,1.915012041690488,1.4435958387937884,0.9935984604542086,-0.1999999081923335,-0.4634773687591399
5,-0.0274322518659182,0.2848901198042679,2.190707058706556,1.505907168810305,0.1996055220510142,0.1177494810852214
42,-0.7902741815348087,1.3682965607353386,0.8287379788842539,0.8842503776143329,-0.2000000096931105,-0.0290056804471419
3,-0.044741398436565,0.1069722076548941,1.9573734189060072,1.137119589422179,0.091312991047334,0.1574657893457374
5,0.0182088268812431,0.2110020651739263,2.3003173852947096,1.6184811749922428,0.1997605787191192,-0.0030075064769498
23,-0.3789422742518351,1.7232745140107937,1.392351389923368,1.5797304317023,0.1533451411140678,-0.2973843102123552
41,-0.9183825193061992,1.1735577812971494,0.6942469860103468,1.1375652259493536,-0.1999999550664432,0.425510065437953
14,-0.3053463005771749,0.9896406572705166,1.6541970642891268,1.8149733923521816,0.1999412641122075,-0.0972289189597529
19,-0.3350546194842307,1.3390192702979735,1.5500818314638476,1.67436317752551,0.2000000099477057,0.1890303779302356
42,-0.9850868916208888,1.0381267597071089,0.8419333724912743,1.2105781182190627,-0.2000000095892805,-0.0737205149342723
0,-0.0999999999999998,0.3277777777777778,1.5707963267948966,1.5707963267948966,0.0787592040528488,-0.3182789076510651
5,-0.0047878253106355,0.1470638274586681,2.287836574930617,1.6096391663748355,0.1999074008033801,0.0077673727875036
2,0.0554238750681228,0.1675600153778873,1.644155983873878,1.544598153482375,-0.0452743966436382,0.4827648868628161
33,-0.5109147902031524,1.7642731464196548,1.241894252990463,0.9017817387095872,-0.1999989981000335,-0.3242629794563953
2,0.099916225292884,0.3713224941536633,1.5609242404487471,1.5725394752973425,0.1336222685962518,-0.2546410673741363
24,-0.3817132270346673,1.826342435954057,1.3194139721479754,1.5340952627573197,0.1999088275257008,-0.1190405674449398
38,-0.8231850497031403,1.4310981626876764,0.7169536175814013,0.8669892604696243,-0.2000000098948842,-0.1731137693627658
48,-1.0784422501613653,0.6577435318485045,1.75661347160605,1.0238895879804613,-0.0521519303386012,0.148221893472817
29,-0.3789167853856572,2.0549049471389043,1.5332128005709986,1.211555540837226,-0.1809030267854553,-0.5000185374405447
28,-0.3369581337238924,2.0763675568841853,1.4392885833143794,1.2929419493500611,-0.199801578224057,0.0567828987282508
21,-0.3320373770180024,1.5966399621428655,1.4562450955298285,1.6584139634118795,0.1999307961659901,0.0010924482333463
36,-0.6415178672969517,1.5517913442807825,0.9561379934337476,0.913796436239151,-0.1999999334651046,0.0933926252391645
13,-0.223107382007514,0.8861969062509039,1.7105267065527276,1.9653410515237,0.1999793616071953,-0.057293598840806
11,-0.19850572602805,0.8234764777820042,1.8127357746150832,1.9566874179685312,0.1998866090049703,-0.2899250689249613
0,0.0333333333333334,0.1944444444444444,1.5707963267948966,1.5707963267948966,-0.19987751810821,0.3680978232686064
42,-0.9340608377790848,1.14386553255572,0.7300733375039439,1.1926002845610528,-0.1735260695942861,0.4513488842227677
15,-0.2822378959181451,1.133334740887178,1.6875706622984747,1.844895916955212,0.1999928375374228,-0.1159906636456364
12,-0.1767093755997481,0.7496218814288427,1.8078792420317265,2.005478910927848,0.1999793727796027,-0.1752519481178816
40,-0.8977292132157744,1.2161957865534596,0.767672742777739,1.0201148217967144,-0.1999993459388639,-0.1348017519499411
30,-0.3859588860794956,1.952141088064005,1.4896606589343886,1.1960698666529577,-0.1999292245230913,0.091221050400504
34,-0.5673436483291676,1.6318133939074173,1.05073215539125,0.8790430722534356,0.1999999807952473,0.116060830336788
1,0.0998828380490229,0.3436589671288318,1.548730761804853,1.576360127511659,0.1603607499643956,-0.3148165911066923
22,-0.3858390674208632,1.630563023636889,1.4329144536193947,1.6076623358611992,0.1587205990645889,-0.1118520348512792
5,0.0999396363078908,0.105806852142127,1.590572209158216,1.5634042149782443,0.2000000099453019,0.5603521911275167
24,-0.3717187870091636,1.8288940879857856,1.285011497219298,1.525158639477871,0.1999725127092556,-0.0383042799135059
13,-0.2605212526220395,0.8470527502074844,1.704010379561458,1.8829359886422592,0.1999761318250788,-0.0820583824737832
6,0.0341852263130526,0.2245240390750759,2.283535369732652,1.7330899377176383,0.1999506615594756,-0.0163818446768078
3,-0.0029691227580268,0.192325961387802,1.9491328905012943,1.2969206005879292,-0.0363807242788038,0.1392315404065117
19,-0.3631363304912201,1.581978110569823,1.4262186410513262,1.677591590125277,0.1859994612451576,-0.2481762823366997
3,0.027009077795372,0.0946307095096336,1.9652065272119383,1.3596618472628326,0.0185552599641373,0.3533348670302706
20,-0.3380184638895792,1.481616162511887,1.5469096983459334,1.636489789065261,0.2000000095358857,-0.6223021495448487
47,-1.0386283345578236,0.7421705455764279,1.4073057910272606,1.3130659506578155,-0.2000000099554101,0.5136515811165258
28,-0.3733670280859864,2.00006732580883,1.3853390450265746,1.2807364863915724,0.0361508701868556,0.095701834875402
13,-0.0870221417877961,0.8567746234196507,1.9975830438223223,2.084234755610084,0.2000000099927715,-0.3852841649206584
30,-0.3693269793119682,1.994637600076285,1.458323166766439,1.2379432555442829,-0.1999867444892422,0.1318781291819037
36,-0.7179566416431667,1.5565109676333542,0.9427745612945896,0.8928681242951537,-0.1999999037833545,-0.3385850123700143
1,0.0090926721011477,0.2414917921755166,1.7174882749703269,1.4991422705557842,-0.1997257065318509,0.2769127590168106
24,-0.3501810552154052,1.8498027597767328,1.262864195802484,1.471838837421016,0.1999470319200456,0.0138613740962483
4,0.03490891340932,0.111778617899234,2.242537290849958,1.395337022165272,0.1525942823598427,0.1421614496884549
43,-0.9935183556480855,0.9786613173054752,1.0412485590124656,1.315412383875422,-0.1999999856752157,0.0209643924745411
22,-0.3423804919407672,1.6637044894245954,1.419443384804998,1.6319665966981989,0.1999293439413842,-0.2812878552234273
21,-0.3346684507609774,1.5540207525433545,1.4683779450741152,1.66883163013113,0.1999484740421467,-0.088245117125286
31,-0.4435100294011716,1.8168526233539608,1.38463527435926,0.9731458393312892,-0.2000000056259792,0.0632221504664618
13,-0.2213689177871823,0.8673348095544039,1.7147567580130438,1.932940435574932,0.1999758898008292,0.0289991424460206
40,-0.7881112756162083,1.3699390962270497,0.852725482606564,0.8986315846196117,-0.2000000099588522,-0.1220244612590709
0,-0.0777777777777776,0.3277777777777778,1.5707963267948966,1.5707963267948966,-0.1784475002654385,0.1018413723860011
41,-0.9446862761894874,1.24105118318736,0.7874957221236567,1.147183824653296,-0.2000000091972979,-0.0420784548888
10,-0.1426737800309279,0.6881912026296153,1.892301664748464,1.9857740437969844,0.199931566927836,-0.1527208586892115
31,-0.3997621149981109,1.8421817667190663,1.4981151903655867,1.5638610661993275,-0.1304704166036281,0.2796680768009955
2,-0.0228619892406664,0.0087634901853659,1.9437759528544287,1.3233459732220303,0.1068968475098072,0.336593357228885
48,-1.0488923023030496,0.7276779365631688,1.6368075376688025,1.2138096171491457,-0.2000000099653973,0.2711199882475013
7,0.0105363177338968,0.3232096916491681,2.253050767877374,1.8905667019234,0.1999852471905665,-0.1329687574039992
3,0.0488184614920242,0.2756530179759503,1.8617486293104035,1.3987917707273398,-0.0691687723456738,0.3904589637696292
3,0.0996311975348466,0.3025084529560438,1.5235139141466956,1.5807518913396263,-0.1998436935682493,0.1947333530425987
32,-0.4621454655218546,1.841973850393544,1.4165237891342208,0.9643946775032456,-0.1999717760796236,-0.4560801782974517
0,0.0555555555555556,0.2388888888888888,1.5707963267948966,1.5707963267948966,0.1998516155651503,-0.1585819396226601
40,-0.880970389611718,1.33596190882031,0.7819323698666434,1.018489191656714,0.2000000097796053,0.2631035540995796
13,-0.2647597765486378,0.8409948692169188,1.6915564770486693,1.8680902272320132,0.1999710051881036,-0.0741572256455757
15,-0.3198253512634615,1.2277110858383289,1.6493898584183793,1.8221839790003247,0.1999755113070414,-0.1530629916441447
0,-0.0111111111111109,0.2833333333333333,1.5707963267948966,1.5707963267948966,0.1193790020558087,0.0225091082685294
3,0.0130404412805091,0.1102526364797575,2.0120150158789496,1.2196974068378998,0.0668475913157287,0.1845567852755419
42,-0.9564740342164192,1.2080524286805852,0.8181576068189482,1.1797343583560531,-0.2000000094732998,0.0298434957250411
16,-0.299657233531826,1.3164791010719863,1.6694942014899592,1.846351593610056,0.1999913187732988,-0.266919493090493
27,-0.3639131278305531,2.026906780219664,1.3649802143361909,1.2976329399291535,-0.0068852870125534,0.1219254204808041
41,-0.9138267634888244,1.1826420643407862,0.6884610476580004,1.1188994002882224,-0.1999999782217829,0.3996617562062767
6,-0.0733079103616786,0.2793120699730941,2.0599655965950827,1.4779470817772775,0.1670695695590552,0.1460483223906528
29,-0.3540440189517353,2.004648839565933,1.5460216409049798,1.2321777747940783,-0.1402784468701158,0.1021615530288993
31,-0.4006498370508314,1.904153780970844,1.4995195968684296,1.1386378559319386,-0.1999895702658546,-0.0397441040913487
26,-0.3057484068332684,2.1002318993493527,1.333631609627281,1.3064210759869208,-0.080901583492713,0.2906086468852176
38,-0.828741356119052,1.3774204678565165,0.7400570675112814,0.9602611117960472,0.2000000090722296,0.1359994303698738
0,-0.0555555555555554,0.35,1.5707963267948966,1.5707963267948966,0.0335016220697949,-0.1714308429944289
30,-0.3661428481698768,2.009283162301229,1.3915876700219254,1.2917153450280032,-0.1999239536488867,0.2337784446896087
21,-0.3741742000231779,1.574596316140683,1.5011487240579466,1.6663794421803662,0.195261962270851,-0.094449409678793
3,0.0777543800463116,0.2737075864016037,1.5692918385055403,1.5708981062661862,-0.1627407362662726,0.4910094966452205
4,0.0592776140188923,0.2450103244282015,2.1385722468283515,1.4253990279909898,0.199868006479949,0.2890976620751299
9,-0.0130739850482468,0.6662775936066015,2.1557746912029128,2.025149433819316,0.1999514737823946,-0.1742222535163034
42,-0.9392355729157869,1.2601160153054156,0.6833032640304904,1.0896886171408044,-0.2000000099450277,0.0230665362814006
35,-0.6931312586776849,1.5700307917510865,0.8519123653557639,0.7954709080093413,-0.2000000099357358,-0.1289194021314606
6,0.0159919810908093,0.2093978435637722,2.2184130112316947,1.5103739447117892,0.1999759562117722,0.0277152520004578
1,-0.0123775366421252,0.1720477649920667,1.7137087444451191,1.5080282386106236,-0.1999034371427286,0.3038544605561067
31,-0.4396041458079735,1.952490686512556,1.5024654241886477,1.0410426613003734,-0.1999669818166928,-0.362500628075931
24,-0.3611412628931595,1.9341180000320823,1.3033952238645892,1.5647561760442872,-0.0136358473073238,-0.2878796376320273
21,-0.3738360116775533,1.6120344822574408,1.4585646568473916,1.6346558989634945,0.1983161002037449,0.0209503515862896
48,-1.0954713110176817,0.6376470228940173,1.7918564649906497,1.0879971317973265,-0.0821706393156788,0.1529654879014292
4,-0.1117142620365474,0.1035935660583872,1.809554119453347,1.3809248930875035,0.1752288395532678,0.4345277885829123
12,-0.171852116336108,0.8611089816532049,1.7988220351424555,2.0210502271298885,0.1999786104404577,-0.1210843824953881
47,-1.0244647536271352,0.8091485143505308,2.278258831301008,1.5425424725407877,-0.1904980957063436,-0.7092644820146978
46,-1.0425236020220547,0.754441464028806,1.259112392612968,1.348711210416895,-0.0262253436448624,0.3498302849674695
9,-0.1027380598311584,0.5047299651685668,2.113023870685373,1.880367568477817,0.1998472334636599,-0.4096097440910448
1,-0.0774309624924106,0.3717821635142571,1.6752859661963324,1.540859677462347,0.1625610477933268,-0.3041340056785965
42,-0.8281000487599509,1.388382909965697,0.7252405317916115,0.950759983118802,-0.2000000099957138,0.0822172134377277
38,-0.8263573702954395,1.4237787037798535,0.7164809043195586,0.8729780421826034,-0.200000009977441,-0.1366227887949757
5,0.0185909136312498,0.1343791532634428,2.3440503338959555,1.5639791049815015,0.1999310736252061,-0.0027095197527654
25,-0.4108863861419159,1.7679655609205975,1.5000750059869628,1.5638917943057589,0.2000000080364751,-0.4482863138010577
12,-0.2197961067836981,0.7874250193722744,1.7438466111805777,1.958207824555661,0.1998476792296994,-0.1195768745455485
28,-0.3406529349048464,2.0964755255712246,1.3937140923828024,1.2981419923046982,-0.1999199599637336,0.0452292754673577
9,-0.0770572950504927,0.4606841571955128,1.6524359929051735,1.558115476986897,0.2000000099934182,0.5189769015377129
23,-0.3875103914025542,1.7201639405485245,1.4029923426595072,1.5682387347651283,0.199197501081483,-0.1194767196434903
41,-0.8232483905596478,1.2992231877513212,0.90837033564714,0.9765886539166498,-0.2000000099506744,-0.2300472108221772
27,-0.3039618921065957,2.101621543893584,1.1524260389294962,1.4158616631730438,0.1999777654917796,0.46743122559719
19,-0.3549721049548006,1.412805548841299,1.4869915226586028,1.7033181162931168,0.199998625253737,-0.0626247754206264
14,-0.2961015627706191,0.919673726606601,1.6946831653502326,1.8484151594738287,0.1999831641550271,-0.0751888401424465
13,-0.179180023621219,0.8558540522463479,1.7957431727164694,2.020699878403036,0.1999836474036469,-0.1424238818271315
6,0.0596433194125902,0.3758677433675502,2.25543096015719,1.710765284450764,0.1998415114329129,0.0304171759928976
7,0.0773755465145003,0.3164018467927622,1.540326806777392,1.5705052036303346,0.2000000099558471,0.6291854413610751
18,-0.3248923926537906,1.356609140197341,1.615860094377075,1.7560077207370757,0.1998880040222588,-0.2161866729724657
34,-0.5309806459720243,1.807127610296798,1.2042426290598254,0.9268592650449164,-0.1993598362458098,-0.2192229858601989
38,-0.8126247429867498,1.3377069323136488,0.8337571388718228,0.913408792339894,-0.1999999013313025,0.0147300664123263
48,-1.0659365235148897,0.679746518454139,1.6626395555820803,1.121905243176549,-0.1996965894894708,0.3410463872223855
16,-0.3012653668516685,1.3023985175984427,1.664669138440166,1.831932926203237,0.1999914924146098,-0.2539655823766903
2,0.0251752229300244,0.1077899771691524,1.8961945484068727,1.37356978909791,0.0522438580435886,0.2868029420027035
16,-0.3083542875401188,1.182562722677464,1.663953443118606,1.7931665393899303,0.1999848920543131,-0.1042909453803176
31,-0.3800925019556488,1.9855266297938223,1.4472163441267352,1.2379862762195226,-0.191953198741303,0.1715717677263201
28,-0.2993584626373015,2.1393302896271584,1.3539137552168707,1.2960943299665113,-0.1999475100334525,0.2655796129173345
44,-0.97381093309065,1.0411310998906536,1.02191714987258,1.3468143557485694,-0.2000000099528401,0.3577662999153524
20,-0.2823609201602152,1.5595086982423745,1.6310918601837496,1.856306565996203,0.0912300458466237,-0.1988589154472259
7,0.0064825610230048,0.3817406131253337,2.2978586507305376,1.9212702453994808,0.1987572174316018,-0.2458819510732872
24,-0.3851521459384815,1.783312608255622,1.3589529479530196,1.5486752602107852,0.1998754750225582,-0.1524090324942321
1,-0.0144385199794049,0.155398856594593,1.7435702542450766,1.4773547120860788,-0.199908583531604,0.2647199216722633
30,-0.3501461534952316,1.992544442635793,1.483193495371614,1.115024685403394,-0.1999939512716958,-0.0563386694132655
30,-0.3655930486625496,2.032488839286438,1.3652610378947596,1.2959739225577656,-0.1999999214903493,0.2546148092586747
6,0.0070491644567187,0.1989368838106598,2.191776731112276,1.3141188410767273,0.2000000099934197,-0.4013264707441831
41,-0.8103736687147663,1.3114949102346982,0.9196925359454492,0.9702609868305784,-0.2000000098224184,-0.1352242515978665
9,-0.069174343994968,0.4386527296197383,2.122312125810657,2.004302303674685,0.2000000099425696,-0.4822902031313172
37,-0.6581002460782662,1.5266958321331423,0.911923294016395,0.8699218652647039,-0.2000000080843457,0.0429226107948401
16,-0.3157398902969047,1.159555467621452,1.658524283268724,1.7771332215961613,0.1999894916435061,-0.2167889587835615
1,-0.0115651538361312,0.2733501470423701,1.6448532427337508,1.5405875542500207,-0.0858717997646467,0.3790122302764262
5,0.058763011836946,0.1837128914265553,2.245939798335743,1.425002300658489,0.1999107199668376,0.0414709730642533
38,-0.7604774300067001,1.4642944328640657,0.9266735511965698,0.862270165718875,-0.1999998862132118,-0.3686993343009108
45,-1.0026583041625037,0.8774875429520386,1.144144599386726,1.403683938575934,0.0356707330382066,0.4352373753032978
7,0.0611189262705365,0.3308942417260248,2.2446173141386847,1.62977231010398,0.1999697990974603,0.050742392924443
25,-0.3394502736642488,1.9590679912649704,1.1265981132772307,1.450888209186737,0.1999217641635685,0.3449584954071924
12,-0.0565497985757158,0.8776336697953885,1.9905398348954064,2.0488194393689736,0.1999819773850035,-0.0328266896876252
33,-0.5294574615536688,1.740205234658646,1.1008587265994887,0.8402932488695839,0.1999999158264751,-0.2964605897575686
32,-0.4517476456702907,1.9310359207208228,1.4793508435275893,1.0181421872134413,-0.1999999198037867,-0.5599027319935367
49,-1.102214406978934,0.620096491568003,1.5631005159255604,1.177626199468112,0.2000000099282984,1.044456875400886
1,-0.0114357629764174,0.3227286582389148,1.634574451544557,1.5455348638015736,-0.170148598695859,0.3475101763289476
2,-0.009620231540231,0.0645836296594662,1.923049470995721,1.2580064832890738,0.1123462471186503,0.2873721325945212
23,-0.3487151183263423,1.7832200076606564,1.3069954040136675,1.5369785006335486,0.1999708456350908,-0.2071937018299199
14,-0.2627749133558811,1.0135203462301452,1.7093199482795338,1.8739414511094472,0.1999910118775456,-0.0875589013206508
4,-0.0471791763783892,0.0907234321859698,2.10522443900374,1.229793875225603,0.1033601440175166,0.2229579536625877
37,-0.688060966920189,1.491506786829386,0.977585763731275,0.9399497864505052,-0.1999999831438444,0.110778852249785
21,-0.407280001909554,1.5700106589241862,1.4976749765363078,1.6092192085688284,0.0710686316414775,-0.0429865305841318
9,-0.1105129734087392,0.4694083419000088,1.873657100894724,1.9715538186840609,0.1999912485935555,0.0592775272585903
47,-1.0350863269499204,0.7661413073952049,2.419307922073875,1.3223517974487016,-0.2000000099748483,-0.2356191222334645
43,-0.9859645332501404,1.0154594032556783,0.8158816782790064,1.300524038328862,-0.1999999789120941,0.3679040962722225
17,-0.3493613669804306,1.2973739609029398,1.6082341382887702,1.7256512690851245,0.1999622995099811,-0.0612584932816832
3,0.0235974331526583,0.028969823328351,2.0219086418536047,1.307274248246436,0.0537278000615325,0.2827155794069809
37,-0.7456531695939292,1.514106568217504,0.8099560002472739,0.8120640783235988,-0.2000000097918659,-0.1459465011927182
4,0.0368795142340421,0.1522036089732491,1.9618542315211545,1.5167585310746097,0.1512378213417118,0.0540928065252717
3,0.002251456234352,0.0201464369086014,2.0866431603815894,1.296335840924545,0.1998925249655049,0.2965944431578244
6,-0.0263654496986793,0.1700689476886087,2.270117760696684,1.5297238428582551,0.2000000099532484,-0.5154051729528686
46,-1.0304088814547216,0.959198576368525,1.098499328890119,1.3882581985914575,-0.2000000099965364,0.163481719429655
25,-0.3739400575787551,1.928075149967308,1.177718528607164,1.4956166142571998,0.1998813713926245,-0.0429280834788082
9,0.0080155043372994,0.5064543420595878,2.2182819497331447,1.9755800102601733,0.1999930839419276,-0.1642224363137025
1,0.0089734437826821,0.2623417505927584,1.72216992179421,1.496296673408302,-0.1614125265190261,0.2321143231882381
0,0.0333333333333334,0.3055555555555556,1.5707963267948966,1.5707963267948966,-0.1999049142638773,0.3136719650955606
45,-0.9978538175969816,0.9373647052768812,1.2366349953528546,1.3899855217810742,-0.2000000099304002,0.3001232236221966
26,-0.3374089117673045,1.9331270670849736,1.2125109444048745,1.5431262946560844,0.1999901770075111,-0.1054389114886379
48,-1.044782626941027,0.6744541604792557,1.8281330029156544,1.1587291875046484,-0.1691236378758284,0.0935243012834432
30,-0.3996765712239364,1.868762359718218,1.5025181035187585,1.5613097174114967,-0.2000000099860643,0.3135257126209956
9,-0.1058172955677325,0.5361597677805338,1.952582855769668,2.038410941815215,0.1999829773270541,-0.2018157712089661
48,-1.0385208933626868,0.69165764056168,1.6316409530725815,1.2673574111213286,-0.2000000099471501,0.2751121555625926
6,0.0395367529091161,0.2719032358630505,2.202533011385474,1.6057582662272594,0.1999730250599226,0.1494588028810327
47,-1.0207768035089453,0.8210937380909249,1.527276789561356,1.366082455346551,-0.2000000099642006,0.1202060655869764
26,-0.3493333688847682,2.0022097500449374,1.226958070126937,1.3918218014468902,0.1998817661474989,0.2171998882656035
0,0.0555555555555556,0.2388888888888888,1.5707963267948966,1.5707963267948966,0.1998516155651503,-0.1585819396226601
2,0.0253459652582258,0.1747113776188612,1.843598754205976,1.3968015651123886,-0.1998872946249806,0.18876720166629
19,-0.3941747388571978,1.4287481983003072,1.5437370101597647,1.6806239842014283,0.1998579882654107,-0.0594889784578261
33,-0.5472869071999251,1.6848571870568732,1.140124280997787,0.9365157997727626,-0.1999916594575977,-0.0635775153930536
32,-0.4415168816473941,1.8443505384590924,1.4535311917450766,1.0675594736636334,-0.1999996021447815,-0.1333440131262538
7,0.0400584741865187,0.4628848525386503,2.2383825416353087,1.8629909329808063,0.1999299884784739,-0.054849512866466
15,-0.2802005001210265,1.0915290763667749,1.6795230387386422,1.8419556999073152,0.1999911146123796,-0.0991952144334514
14,-0.1559511584477826,0.9481162648111692,1.7797359848134922,2.057932655062212,0.2000000099503072,0.0414438198169684
3,0.1027136924543236,0.4209362004130274,2.061341823139463,1.439988276190535,0.1999552775260649,0.3638070620229873
8,-0.0878622121755557,0.5916225004408926,2.0583594600346427,1.8977922861468133,0.1999551389704081,-0.1231514344608962
15,-0.310069839232927,1.0847679500043887,1.6699310029533248,1.8001931530051136,0.1999630937571472,-0.0849994951135204
8,-0.0570286250234403,0.3307284295643696,1.7638608059522252,1.4826065044316068,0.2000000099587723,0.411962256553062
32,-0.3990190313198565,1.90517703805337,1.4295960823681693,0.980704809816392,-0.1999999106057912,-0.5237205469410734
10,-0.1689970331370072,0.6436053319843258,1.832255453863416,1.9844362336883268,0.1999306629586494,-0.1538420659290851
43,-0.9584754523583996,1.0736780404986863,0.8475780981269221,1.272758668525812,-0.0748885239798341,0.3973879984428937
14,-0.2189380176120592,0.9615918927122729,1.7406862845055189,1.9616107652875108,0.1998338644285553,-0.1811026869730898
19,-0.38639489308089,1.512142584996655,1.5185124921288828,1.6895941813827249,0.1998513547326123,-0.1982016327183455
6,-0.0994988602077099,0.2954066734959196,1.726621818789516,1.5246758256617987,0.0869704941079844,0.3884561817113265
37,-0.7204045564344586,1.5186296746984618,0.9307605461521667,0.8344575737605358,-0.1442430602401417,-0.2907364934690884
37,-0.7204982106380511,1.5532649626132418,0.9395545991745332,0.8919929659345044,-0.1999998952249776,-0.3197424632171315
14,-0.2865856220625979,0.991972945711126,1.6897311816599707,1.838119335603136,0.1999432837590692,-0.071090077457769
4,-0.0834839750153938,0.1425883776414753,1.9203646379199368,1.386740238720367,0.1274749863535772,0.1501963738931072
33,-0.4888093417144642,1.7381823962142342,1.4354003957149128,0.9820538772436712,-0.1999911385621826,-0.4467971335252532
8,-0.0008497531206538,0.357754589989578,2.215202101567064,1.926989843271088,0.2000000099539661,-0.4852296605529436
13,-0.2494496788536007,0.8661236858096556,1.7131813998010497,1.899836828281633,0.1999705773482367,-0.087004024740601
42,-0.9397899246248986,1.124226514758558,0.7405457432058196,1.2035632976510142,-0.1490045875875327,0.4467387059852805
5,0.0633117142457467,0.2323135080555851,2.16800702462462,1.5565805855332382,0.199758211326012,-0.0238778545903264
31,-0.4400912710556007,1.941536059075862,1.3697778592493872,1.560784523188366,-0.2000000099672294,0.1762505802858515
1,0.0323171549056404,0.1547730699411428,1.7022445062783105,1.514693066463346,-0.1048491601832368,-0.1666775381936894
9,0.1025315731273492,0.588540188271568,2.1086379262295107,1.6206779907398068,0.1999777604871452,0.0025368703525108
35,-0.6427347168935884,1.6450051946886797,0.9399431246009212,0.8994699171535406,-0.1951164769998953,0.0147872682967792
38,-0.8482614004597187,1.2943364834796605,0.733828985193048,0.957955815793722,-0.199999995782111,0.1817752471451469
35,-0.6251791866737416,1.5789346088460052,0.9574803496387344,0.9395143688701196,-0.1999877865400715,0.1619502376141677
17,-0.3108374551305334,1.1757821598940672,1.6283935318377356,1.78655204659781,0.2000000099685672,-0.035859925684188
35,-0.6005180378136278,1.6102688770380802,1.0480219489571194,0.8779253245754259,0.043459531705808,-0.2340662732425681
49,-1.0588252369892697,0.6832208246328816,1.406362989046846,1.2948873143499775,-0.028034174333838,1.214516263704134
8,0.0226616880206959,0.4508690256040146,2.260100775459085,1.8235531098551496,0.1999711343195906,-0.0951624504498503
11,-0.2030220528799965,0.9017625718893038,1.79494766990212,1.959790825009617,0.1999278650899908,-0.1614172139109966
22,-0.3662147281527524,1.559366606928696,1.4952253783729414,1.659232674148871,0.1998149252122177,-0.2515262685017623
12,-0.0159148447063725,0.8124121454817634,2.1107446971025805,2.0333675401920264,0.199979377954662,-0.10894861334199
27,-0.3115321869336568,2.079163060089736,1.192275044569049,1.354108408279296,0.1999175260557479,0.4185187938787922
39,-0.870549411302451,1.2571964003168696,0.77399757044879,0.9807072267046972,-0.1999841970119324,-0.1323658197756606
26,-0.3361118322530169,1.971036587214101,1.1251303488996367,1.4426076357312347,0.1999722219105476,0.4004698926314476
24,-0.361463504676755,1.8476177467095245,1.2762662462707546,1.5627060605239955,0.1998994968831262,-0.0711052606121799
25,-0.3680142755212141,1.924403560909262,1.1933347629990916,1.4981172000842362,0.1999148848913313,-0.0578790401815589
1,-0.0777478767244542,0.1850814445214275,1.5855787331846098,1.5662851707880432,-0.1998428623287544,0.3328243289123151
8,-0.04503715213826,0.380405100423144,2.102470581480537,1.92235843976256,0.1999812547524626,-0.0847998081155394
8,-0.0754464436521169,0.4695335941510106,2.10534526134399,1.8630662427757885,0.1999442880472781,-0.1302817936270408
8,-0.0830591975400863,0.6553732357389896,2.047656153389488,1.9470039590712231,0.1999621533182068,-0.1435047975978603
26,-0.3624959005659514,1.9397699174920944,1.1905900026347975,1.493303149999476,0.1999845237361558,-0.0724600765436537
23,-0.3514433365635013,1.863818215358576,1.3329444117172875,1.4900900769536332,0.1999447698045582,-0.1062044308008838
38,-0.7984574867198352,1.3594129102873598,0.8217955316093306,0.8919115850968207,-0.200000009229354,0.0778145246769081
8,-0.0946950859786166,0.450872296097282,2.06870245287684,1.934599383944401,0.1771257266276679,-0.2973783831425877
45,-1.0365696594437568,0.8024167846431156,1.2362632314350943,1.3680921182529031,-0.19999993093167,0.0652512418287286
30,-0.3771632857887071,1.9872556922107083,1.4495576033976416,1.236567012137214,-0.1998425530872774,0.1512673532321111
20,-0.3533049872566025,1.5779695514137246,1.504997865895234,1.7083220770909573,-0.0274423062814931,0.0563433476415297
24,-0.3713833393594682,1.924491089074718,1.2366868826237063,1.461772319892903,0.1989946582432504,-0.0837112475537903
43,-0.994280738885992,1.1282393719435913,0.8314446854081492,1.255926455378927,-0.2000000099636142,0.1552038551154184
24,-0.3489512883164147,1.8396821853527068,1.2473338889565806,1.5349968404916108,0.1999533948853222,-0.0057427384671723
18,-0.3760135277279579,1.4035871483736129,1.528527476885591,1.672291254888733,0.1997774609281287,-0.1386329986828292
12,-0.2331914795089386,0.8442065844654202,1.7318253564324717,1.9584325949978632,0.1999923231132878,-0.1346989454840455
31,-0.4221471613617121,1.8674210133990208,1.5307272796094291,0.986052598118563,-0.1657873431624875,-0.3887361744770817
49,-1.098575054894947,0.6370358921219227,1.7611789787795882,1.0949951516247456,0.200000009992104,4.933762270809248
20,-0.3777999043051452,1.585145900179429,1.4359734850612025,1.6389071546658838,0.0911286305658914,0.0375941917646871
27,-0.3098671689332206,2.105299569556127,1.3634810718384127,1.296699775954876,-0.1182857553901707,0.238020488368611
22,-0.3650677792769616,1.65472149934239,1.3652118905332205,1.660211262996292,0.1994286788977828,-0.1099100060074358
2,0.0993552667947802,0.230608104887503,1.4827541122820715,1.589474984647469,-0.1998929435282913,0.1636835483774402
44,-0.9865203578775412,0.9620744096729686,1.0024308870222909,1.3589412628220212,0.0794133653048754,0.370217474220553
16,-0.3177021700784043,1.2474772807867942,1.622927061490278,1.7671604209778975,0.1999722125633397,0.0109132789608998
21,-0.3830229294374975,1.6122355960639985,1.432041791328464,1.6198524983547813,0.1020861701890249,-0.1178237627174099
46,-1.028804109415128,0.7720064334097715,2.368992091217313,1.3454384537681163,-0.2000000099735354,-0.2698133284034073
16,-0.3396859458905304,1.2135075925267504,1.6210784501959732,1.7169120257318224,0.1999861358603091,-0.1199807121343209
4,0.0787004863766756,0.3399945615248272,1.7325228425350527,1.5327892301056976,-0.1545493773801822,0.3407972138345491
19,-0.3315391767000306,1.3942876256357033,1.577349786707435,1.653857201543252,0.2000000099390979,0.2854081673130501
22,-0.3693049720652921,1.6743510451071275,1.4171986925092082,1.618599623034249,0.1998461524995957,-0.064545725548278
0,-0.0111111111111109,0.1722222222222222,1.5707963267948966,1.5707963267948966,-0.1998382639615445,0.3791306568509087
26,-0.3471185306763292,2.095506001051209,1.2591231698778014,1.3429735119899089,0.0297139851020421,0.2084449870452155
11,-0.1101930353786961,0.6334426175890208,1.9286886463549475,2.0322627605285617,0.200000009953457,-0.127355513435224
13,-0.2576901167022417,0.8017012144147808,1.7087599980321269,1.879077294093822,0.2000000099619846,-0.2084092938866557
26,-0.3458926016302245,2.049492656517505,1.446282827356134,1.269189088758487,-0.1171849836253864,0.1320039944102571
4,0.0108525383727111,0.0953784632840687,2.1856615553286414,1.3891463702663438,0.1738761448145327,0.1856576411837671
28,-0.3412578091794687,2.1176942623247514,1.3232626850393157,1.3190247143249956,-0.179035410742074,0.1515154085723603
2,0.1026068320469963,0.1739366014936094,1.4624286871890106,1.6335142444186137,-0.1796636542494219,0.3069300518975635
17,-0.3166124688659065,1.2383372267437078,1.6221137019481997,1.7739276614295982,0.1999914989072932,-0.0089517567207912
9,-0.089666768110965,0.3987574509889107,2.049607158699308,1.8056449606231064,0.2000000099538892,-0.334838975266826
13,-0.0901363047396743,0.8640694370673125,2.03288671939544,1.9588338133338448,0.200000009967011,-0.1749716439935416
10,-0.1250590851849584,0.6313622484456712,1.8925489356333765,2.079221198312648,0.1999203802751663,-0.2118657025318782
33,-0.4563891102856634,1.815073950864672,1.0417429909834386,0.9691501645560706,-0.1999999916905234,0.128857182912594
15,-0.3308816782798864,1.1421065204261822,1.6618813733246665,1.7916834290777384,0.19997727285539,-0.1063947428566829
18,-0.3375761060126781,1.3404543288251218,1.620209195711885,1.7484852987187525,0.199507384541351,-0.1854567101355129
30,-0.3544836303716802,2.0506929569773003,1.3730439963426928,1.3071073507300388,-0.199999918358877,0.2633547742069779
24,-0.3772100754504241,1.8747987415981444,1.2561544748630862,1.5371298525596906,0.1155173811495048,-0.1621044457193381
26,-0.3371042169783194,2.116140735600708,1.347281609722648,1.3264221529222655,-0.1998063295048245,0.0733323229841157
8,-0.0848925415344014,0.451620263193968,2.019625221439872,2.0314348157526565,0.1998276444659035,-0.2836045848384828
28,-0.3314130606665875,2.0173680775797243,1.4258634048190455,1.2461127523110171,-0.0427248515564978,0.1938105709024478
2,0.0237375919124724,0.2133521238159572,1.8973410288479664,1.3599667576138044,-0.1993866589534998,0.0253644270630662
23,-0.3452385509999629,1.7512637963059583,1.3323697941985468,1.5975098892963708,0.1999621137828172,-0.0852129177303096
20,-0.35820292370621,1.5875275301712717,1.4475774647045454,1.6902020075949646,-0.001447529442975,0.0527658834034217
45,-1.0231108197628496,0.8255050350052787,1.3446376883497568,1.3468282551811228,-0.1999999930736026,-0.0086795337613922
16,-0.3107593722736959,1.218555862107214,1.633028063989245,1.7843614511736765,0.1999882483242538,-0.0501736056522009
5,0.0142935934289946,0.1878315345714586,2.24620829621819,1.4511012078255907,0.1867555998856054,0.1180920150158112
30,-0.3815236595297986,1.892206682496972,1.483002525815044,1.097845724006283,-0.199993287797184,-0.1463573039170094
47,-1.0573636599347196,0.6845805432861857,2.1326797987010817,1.125209591567574,-0.0253097849800344,-0.1484281206630358
34,-0.6090865534266533,1.6640253743620013,0.9219031716373304,0.7973966437703086,-0.200000009030552,-0.0930146783360417
48,-1.0758155091796506,0.6952267412660162,1.5952796461668353,1.292144376541625,-0.2000000099700699,0.3149309595512536
32,-0.4619241711050537,1.885037718156913,1.4361419501390795,0.9630893161489136,-0.1997087535965658,-0.369136587568484
7,0.0267464452442554,0.2956160530352663,2.250383929410253,1.7927601722992037,0.1999823476656498,-0.0529872601226162
47,-1.0491915192756498,0.8591881747259399,1.285366335013185,1.4246375379375622,-0.2000000099959587,0.2746235404667244
28,-0.3233059671169175,2.0525043558292144,1.473869969197784,1.187530984780214,-0.1301786014490274,-0.0498801264082519
5,-0.0114488980900149,0.1210731980631524,2.267315582433019,1.338526571378546,0.1999766001887607,0.0347140688689836
9,-0.0215682619906511,0.5932247326760768,2.127438292899404,2.0759590831146544,0.1999757468169261,-0.2089440956936538
49,-1.0495931057970245,0.7245297342994385,2.2338739270952086,1.1413342762505518,0.2000000097320899,0.276886671903358
30,-0.3773179974502355,1.9391755199487768,1.562074943003848,1.1186080459276573,-0.1999637828043845,-0.0648228626854824
24,-0.3275722658752181,1.7712354586145933,1.3406331362810473,1.6003222191324624,0.1999904257829993,-0.3197010937977321
46,-1.0155520646801413,0.8008657648845661,1.3042878481235842,1.396418239460961,-0.0697149885987815,0.5268378497701786
1,-0.0999959180410497,0.3285650316833684,1.6012226278570036,1.560706029858614,-0.1999339367277044,0.3589009601955226
14,-0.2486436142276047,0.8695572577717579,1.7063074382629733,1.9004743372842543,0.2000000099623923,-0.1491246504308771
31,-0.410289488879054,1.842326877709926,1.458042205372129,1.0274245137685505,-0.2000000049107372,0.0796213227296982
31,-0.4004023931579852,1.8674704580911496,1.3791616698904083,0.9978105272620784,-0.1999979763255986,-0.3319996303612335
45,-1.0432209625672342,0.7475754130156915,1.4292898597803454,1.288990534053057,-0.1231409537415529,0.1608753154528858
10,-0.0976621105764684,0.5783950872620588,1.8871517116811607,2.0634913415460368,0.1999902232779523,0.0093421288309997
28,-0.3512102152979732,2.0683032296878148,1.2335946607079844,1.364674694941193,0.074591945783646,0.3803928149720361
37,-0.7295934122424522,1.4786740372575666,0.9249679061442572,0.949870140238861,-0.1999999904908325,-0.121803876080413
32,-0.4613449649205542,1.890545564809562,1.4338570656862597,0.9623783843987364,-0.1999999126538718,-0.5912662525866907
42,-0.9743184964690488,1.027194232893868,0.8920640655496239,1.2493946819588213,-0.199999885264848,0.1393263044562523
22,-0.3509945671389021,1.6505945181585402,1.4056184040990214,1.5834955373185606,0.1999420753732967,-0.1782586960207585
34,-0.6242371789884152,1.597180716991209,0.9560670173403364,0.911371590756623,-0.1999668033201675,0.0413433731324267
7,0.0125666974309315,0.3354227625199468,2.2685421789672717,1.6847254421712432,0.1999291708028742,-0.0006751910296929
11,-0.1273383907087824,0.808589313497946,1.878546313443456,2.066488347419296,0.1999561078531878,-0.1748848559051076
23,-0.4085702125415691,1.7028907651661185,1.4928600500014166,1.578231801813551,0.1999004814596985,-0.1641413089795764
21,-0.3685359864172722,1.5567897753609,1.4481040323686178,1.6088941000428494,0.1999824737130161,0.0511700692381732
3,-0.0267109858966773,0.0240205967255614,2.0837127725270133,1.2238964328398874,0.1999377029966912,0.2916433019752726
29,-0.3680850568956613,2.0007966078198027,1.4564318182129758,1.2205288935933416,0.0115124267561969,0.0651762501700497
30,-0.3615620005051684,1.94176091815707,1.457539857425962,1.1699729506973553,-0.1999988406045369,0.0187952182325122
5,0.0860801512733714,0.2215641976473015,2.264400781193052,1.601104170654671,0.1366245170377108,-0.0631344818462407
0,-0.0111111111111109,0.2611111111111111,1.5707963267948966,1.5707963267948966,-0.1997879936095705,0.3904692733760072
15,-0.271654604601917,0.978398237172014,1.6401869739082198,1.7814686533374704,0.2000000099486318,0.1819084479817035
24,-0.3574817555876513,1.8453331681907323,1.3166551473668775,1.6004904228925174,0.1998825680803782,-0.177184639568067
35,-0.6290580262701922,1.6316007523936158,0.9290722434327396,0.8679338482426961,-0.1999999261523964,-0.1915199753821867
14,-0.1814967899696737,0.8998002281221702,1.7701460952546937,1.992775123783154,0.2000000099439204,0.0059580382564549
1,0.0290647955877562,0.0700537879611835,1.7398215840247016,1.4706492690423478,-0.1097256733101718,0.3587003965790663
32,-0.4923920617683205,1.7468388413272586,1.210232817628656,0.9260434900294748,-0.0682737695304213,0.0871010908172946
35,-0.598367027782189,1.6599400393688732,0.9283648352521704,0.8838679387618432,-0.1999999192715074,-0.0404063701479345
12,-0.2221597361571449,0.7278640581942664,1.7343408413040464,1.93767212377608,0.1999939049959828,-0.0952287569456706
41,-0.9099948747883704,1.311447311209076,0.6634112382915358,1.01821597218227,-0.2000000099539516,-0.0386672106237056
47,-1.0366697354235368,0.7505503325480314,1.425200286382113,1.291653390784932,-0.2000000099472949,0.2495314242148609
20,-0.3787401380269043,1.6241810408291937,1.416393724330936,1.6195895246246297,0.1040340073979155,0.1091634903587803
6,-0.0940496860522815,0.367678831743611,2.053047702708517,1.535256885558245,0.14736873562028,0.1121011166031179
28,-0.3045914868525198,2.10820344846666,1.4607537920263152,1.246220132723321,-0.1999614073555172,0.0907934863731467
32,-0.4341721012621875,1.872956966027792,1.4560640520092587,1.0780759260965849,-0.1999999249138133,-0.2083869126206359
6,0.0342824906727222,0.2803036398544765,2.229193695881639,1.740075977522935,0.1999648362458232,0.0338114325742536
13,-0.196677304939675,0.9042645917278492,1.7737375880267958,1.984867620944325,0.1999468959669578,-0.1259362551651228
32,-0.4744132159591382,1.80280033638244,1.391716209301029,0.9877154994639152,-0.1999224579289666,-0.3327883193831911
4,-0.0492052923391635,0.3620680758409367,1.877496843190972,1.3076813128575469,0.1057877941995617,0.1717503911536479
39,-0.787649189013062,1.3624095084149157,0.9083297597852092,0.948210871189036,-0.1999999831326415,0.062146372633098
48,-1.0548276751724746,0.7847490346773781,1.4582463214781622,1.3911085198183777,-0.2000000099721494,0.4398683930045426
37,-0.7335720973607703,1.4918450080732202,0.8318001371796382,0.8775293429449857,-0.1999999111269337,0.0397452613573728
28,-0.3467012483058376,2.003843262661463,1.4913181821492056,1.2294083184634608,-0.0628255641247996,0.1557986028150412
18,-0.3231636308258482,1.3608404079808392,1.5612550872054438,1.7191314740674033,0.1999045561731267,-0.1550186389172014
20,-0.3063347366598631,1.6022807141645294,1.4785397546973569,1.707590266529883,0.1336259289621482,-0.0192679354195819
15,-0.2912308291659754,1.1119977767538631,1.6733906744655709,1.8306687210532404,0.199992332396803,-0.0979736474754394
19,-0.3329836328791273,1.4140897273103783,1.575051055350576,1.6479044990254716,0.2000000099934786,0.2936416466181181
30,-0.3529832085193331,2.039084568146364,1.4056622693922858,1.2983353095625658,-0.1161622274366751,0.2714713350360656
4,-0.0619650938229014,0.0657359688215011,2.109293461838041,1.31524256041504,0.1506608882431769,0.2042501991418203
42,-0.9749236555371524,1.028012711477365,0.8666330362968591,1.2575964983641366,-0.1999998751615842,0.1821782767044783
48,-1.020342614928701,0.7345623039202412,2.1808942231026034,1.2094595253793317,-0.2000000099514875,-0.1098959206351534
5,0.04099637900855,0.2397247114255487,2.287288107970033,1.6104149947509772,0.1998430891168266,0.0324750874532651
39,-0.8408273391844033,1.304139945042988,0.7474787878480296,0.9480220218019778,-0.2000000095500717,0.1463257281991437
13,-0.2787272861643307,0.8453108332215054,1.662133973685067,1.8473708112854683,0.1999762641755743,-0.0551270547244422
2,-0.0311122199645056,-0.0006463197184527,1.948710580187432,1.2511177715610082,0.1583781831451782,0.2740411647090913
35,-0.5977700389239301,1.616920860386042,1.021403350928102,0.9347978624982868,-0.1999999194941606,0.0073300725501232
31,-0.4159148281662848,1.880499115791631,1.5421919387712673,1.009614261836736,-0.199961459485204,-0.4379231088047445
49,-1.104714217258029,0.6027592330883554,1.8306896478260064,0.8684545497928359,0.2000000099683023,0.5471748423256566
14,-0.2575431243752641,0.9778432989192508,1.6818799071323247,1.8973311181916075,0.199952286500284,-0.1630793065974402
15,-0.3014892782789932,1.0148299215128211,1.6612088634308917,1.814736615589393,0.1999881793958528,-0.1656118036184063
22,-0.3765622886573216,1.599302482161537,1.4682511250164847,1.6272495072463504,0.1256207188408733,-0.1834610124036643
19,-0.3530153704817009,1.4213495813210464,1.5155709709302008,1.7017548551947317,0.1999539066525616,-0.1308655569619704
16,-0.3247018109569855,1.1862471490623685,1.6021828500645303,1.7581392072056672,0.1999578685662013,0.0300373448890241
7,-0.0999821592352658,0.2858507977092399,1.6209225757655243,1.546455716626664,0.1999525609782169,0.4912307772806275
21,-0.4111610913005399,1.5771747714035973,1.4987645811077694,1.6120069405737172,0.1313031803309191,-0.0824184764489587
41,-0.9128099281497066,1.304871642365006,0.6679959977653365,1.0256587591005333,-0.2000000099575443,-0.0338211806221186
44,-1.014622306553424,0.8710464533038043,1.0580788006106094,1.4229467665654552,-0.0620160178013605,0.5639517787949695
32,-0.4790004038404618,1.875237457566068,1.383146652081285,0.9501563970403178,-0.1999988591977345,-0.5505368588706336
1,0.0316061505986773,0.15887898339706,1.7133802185442786,1.503461725298905,-0.199967132321659,0.3011880798067161
39,-0.7258674182571051,1.476038044659846,1.0487732107443628,0.938687642273029,-0.20000000996342,-0.3585794133532713
39,-0.790527360594926,1.381662735656955,0.857074107104216,0.9744674469223676,-0.1999999840592859,0.1652238633305204
35,-0.5960467432992843,1.7124844584107033,1.0316891642895083,0.8992692205002654,-0.1999999070005302,-0.3224105658066325
29,-0.3780269447899176,2.0595777539582865,1.4949906217542033,1.2387358321430375,-0.1838167857061535,-0.4741306573882224
30,-0.3843788059379998,1.889757434747834,1.4816517951574664,1.0934160652837706,-0.199989493584845,-0.1499007107207122
46,-1.041369675820474,0.7472952596699417,1.4343395820495228,1.2894185704316563,-0.2000000090183336,0.1810040304337042
31,-0.3982396070063256,1.9241732585291456,1.400518556186233,1.2508426564052064,-0.1999997778983939,0.1793032051351909
0,-0.0111111111111109,0.3055555555555556,1.5707963267948966,1.5707963267948966,-0.1997494250847666,0.3681730098392338
28,-0.3655533142984496,1.9526727060187088,1.5944979800740158,1.125170416254427,-0.0178773342932547,-0.0045750633088335
2,-0.0225940799807021,0.1068484846173167,1.8702486912396288,1.3564569255735428,-0.1976558660454148,0.1947647757089579
0,-0.0555555555555554,0.2388888888888888,1.5707963267948966,1.5707963267948966,-0.19994013439657,0.4580140344587278
22,-0.3373620746837479,1.782459969748743,1.3218423845854144,1.5430059595864347,0.1999465022177429,0.0087780517795426
23,-0.3865968455867318,1.718277201316455,1.4127707267787797,1.599922088851884,0.1721491411335232,-0.1377740247191405
10,-0.0736478008141826,0.5619920641954586,2.0225326689567904,2.043223891267348,0.1999896066466739,-0.1989071694024405
16,-0.302024803670588,1.1470534333973477,1.6640314042755229,1.7943307418868366,0.1999671781659392,-0.1894954909143348
5,0.0555362790860787,0.3640215384500876,1.5716274055328707,1.5701741994867786,0.1190545822055383,0.6197572677351872
35,-0.572919908163267,1.6711513418523505,1.139432300874267,0.908457138466398,-0.1999999163041317,-0.2391810612360232
25,-0.3769254295627748,1.951435840982944,1.2638232270863394,1.4968358371007733,0.042563845254362,-0.2910898651263262
44,-1.0155028941753217,0.8667329438277711,1.2038221715249855,1.3654206906283566,-0.1999999899929908,0.0764853406155384
29,-0.3573662100605972,2.0465612909492066,1.4116533185031752,1.2907895261533886,-0.1784653085970313,0.2182957232437688
17,-0.3547587060786241,1.342595853737472,1.5809947187688689,1.7212160362372593,0.1999587442943838,-0.1424540955094828
27,-0.3250942204518501,2.10899656232112,1.4043936782619442,1.3180649108493288,-0.1999887546499377,0.021004353305473
3,-0.0492317325593664,0.1089818486126787,1.9776345203307013,1.2671619486757542,0.0664935547115072,0.2146224004834055
0,0.0333333333333334,0.2388888888888888,1.5707963267948966,1.5707963267948966,-0.1999195398148711,0.3072963520577247
7,-0.0028617545497437,0.3082735377904367,2.27827069163018,1.8441309437388047,0.199945594143026,-0.1713709625331932
38,-0.6830726723222293,1.5502001997189163,0.854846182139535,0.8676635194087521,-0.2000000099604603,-0.1205930494384007
44,-0.9665906770829956,1.035168076489922,1.016617514882402,1.3236695887049152,-0.2000000099303811,0.4235975830950098
25,-0.3657249461889656,1.914337257444089,1.2456830304811222,1.5152360061152113,0.1998630745805289,-0.1960009473120265
5,-0.0588571130614904,0.132548902810028,2.190000437243547,1.3436690287853577,0.1999430566766518,0.1155892479680046
24,-0.383982684441862,1.760374402211223,1.237500815218751,1.6099908069471944,0.1999393969502652,-0.0358097740898692
28,-0.3352045104517968,2.0099561575662563,1.422191192456756,1.2456895086212505,-0.0202712822726865,0.2024772820586337
30,-0.386847641892329,1.9876153342707408,1.458029824369822,1.2171684777443126,-0.1999665384205069,0.0929345563452802
34,-0.5721803981484844,1.695998310689755,1.0115301954236369,0.8117892416033309,0.1361900902103391,0.1691961268685057
12,-0.2061527998403284,0.6434213932847236,1.7903485941377024,1.92178704939768,0.2000000099795868,-0.1776598059564297
10,-0.1475410113681328,0.6575621445763181,1.9083628776159625,1.971823562117668,0.199980462472063,-0.2220942180859138
3,0.0997731607908569,0.4229139486943224,1.558823452391897,1.566705306175194,0.0661299820694809,0.5803417839347588
47,-1.0427296598703877,0.8629150136213753,1.171570119508777,1.448748388504359,-0.1775156747759585,0.3548792808585165
7,0.0363581897565246,0.3532150207289457,2.2578738341715674,1.6847727133815535,0.1999614304819122,0.0362989664064389
32,-0.4558083737978698,1.772885069034253,1.3681858154621462,0.9456251123242756,-0.0614292139447537,-0.487420376430883
1,-0.0779863829467841,0.2766628866668194,1.542844091602836,1.5766240355820629,-0.199745310218432,0.3959488829705292
29,-0.3690827721228352,1.9476991826582408,1.5306928577509264,1.1488367918099691,0.055387208918236,-0.0108179285148807
15,-0.3119651191265049,1.23862897148706,1.6489864672210557,1.7997940355723243,0.1999912278395751,-0.1627891333369082
21,-0.387311465724653,1.5892943647317987,1.4712652871992926,1.6048440172977427,0.1998064977451857,0.1174242005974717
26,-0.3205752913902506,2.001710945602293,1.2062246921148638,1.4075385682220622,0.1999834961452503,0.2539150818890307
16,-0.3339534122669749,1.305633997008229,1.63430912891892,1.759480001388095,0.199953684119866,-0.1762331319790492
10,-0.0994203221282558,0.5815327618468771,1.9184242582840063,2.079442115182675,0.1999881643215415,-0.0908594669248544
46,-1.037634603810934,0.7576780807025236,1.3986967774715762,1.2971320908918187,-0.2000000094208821,0.1573440361647781
26,-0.3789940659136159,1.9521683409833024,1.5184952514853816,1.169635964679865,-0.0370938984034133,0.0364699493483159
0,0.0777777777777779,0.1722222222222222,1.5707963267948966,1.5707963267948966,-0.1998398960524347,0.0661424112394177
45,-1.020796853663312,0.8311950310667499,1.2049761796977858,1.3496473313118658,-0.1999999664624205,0.1044359293692031
7,0.0848837722047145,0.3384231575409522,2.252957722064799,1.5144074927821032,0.199993694228809,-0.0219182043463152
47,-1.0303696346075115,0.7588240571626,2.4229572965439896,1.2885866234961252,-0.2000000099036029,-0.2268900577528497
14,-0.304321343588216,0.9671117469618428,1.6525586965170245,1.810575561736528,0.1999718221277368,-0.0465675938557362
42,-0.9710110155135836,1.0452915088649717,0.9565413406576496,1.2225815028707334,-0.1999999718119953,-0.0451426678163443
14,-0.3010996720651211,0.9623921121079766,1.6355058951593038,1.805083317371719,0.1999756864993852,-0.0174042435696246
7,0.0076435302858276,0.3273937333699953,2.225142584243093,1.737377020845082,0.1999604465936928,-0.0038820896053584
26,-0.3603801338383741,2.0298330236242488,1.190140758701835,1.3985382094815568,0.1998977363974334,0.1239842496753999
33,-0.5049181960963651,1.7086141603317546,1.174465456106935,0.9109268967070608,-0.199999991624745,0.0566371876509025
31,-0.3929735382567409,1.948282887441113,1.4709302085128169,1.2091841249859017,-0.1999999318598541,0.0702314103079292
14,-0.2943629984232412,0.912127334837726,1.6547363529406685,1.8114631056087325,0.1999929452106571,-0.0501091203375482
2,0.0106671787460143,0.2926159279168588,1.6346925693240504,1.5441650371286997,-0.1997236041036752,0.4802175389705316
28,-0.3579524693173092,2.0285608394118184,1.171394490697656,1.4109828708532062,0.1999920819153641,0.4541896523327954
18,-0.3646370036706673,1.3773687801594514,1.5521427868541815,1.699172700561382,0.1792720734402627,-0.034326178806209
18,-0.340186313223926,1.3836610757466845,1.6064963164415698,1.7477472181075826,0.1989643179523549,-0.2847463077624704
9,-0.0152243021904054,0.5060637525758773,2.1808895702150206,1.887174799310161,0.1999677569293011,-0.1029736312395869
4,0.0780497631151209,0.3319611750853183,1.589995394521628,1.5731148854396724,-0.1324813749116609,0.5915916996778369
35,-0.6128995421990129,1.6407249257320016,1.035750532602342,0.8495341511036459,-0.1999997463607852,-0.3263910991930014
4,0.0034670140709865,0.0956038303864625,2.1378796259549,1.275803196896092,0.1358783426897293,0.2124372392769824
35,-0.6072800056621965,1.6592596259737806,0.9472043375161032,0.8064948463479366,0.2000000091199067,-0.0669402200860555
11,-0.1641614401575935,0.7734132686503139,1.840880380072866,2.0422508340421257,0.1998732618780387,-0.307862601811727
35,-0.6116770612219486,1.5897107734185167,0.99525107170013,0.8665801056700729,0.2000000090451281,-0.0820161243613066
32,-0.4293712231822157,1.832187575109805,1.4312755102899413,1.611642043945008,-0.1983987699773597,0.3458112064121482
32,-0.390126677870817,1.907687750163486,1.5011922727015357,1.555265174184124,-0.2000000099511614,0.2121307712924303
34,-0.4636139351493896,1.7699620146780226,1.3497637073185782,0.9433762651521664,-0.1075725368961382,-0.4839865733601066
29,-0.3503894538216238,2.0861815301388025,1.352736429372106,1.30941606564996,-0.1999772791668532,0.2315646020984027
43,-1.0149882265634371,1.0020615259024763,1.0265718969192843,1.342269422191448,-0.200000002870115,-0.0045052864010637
40,-0.9350460819840456,1.1516986912233151,0.7847946109857897,1.0919896889395688,-0.1999928923187856,-0.1309083602737088
9,-0.0723395541219547,0.4195528578252818,2.095692639299904,1.9248136480600733,0.2000000099493604,-0.4091485729187901
0,0.0111111111111112,0.2166666666666666,1.5707963267948966,1.5707963267948966,-0.1998444228098203,0.4071323335602944
47,-1.056668371766847,0.7068250742851976,1.5244468534973006,1.217225393391954,-0.2000000098209462,0.1737418198361106
4,0.006461407037458,0.0742075407130354,2.213701815405164,1.3083487493867996,0.1983932711452704,0.1358710419955209
28,-0.3717679702715929,1.993904314311208,1.150114202001367,1.4165253626180914,0.1999898595951784,0.3853166634210323
41,-0.7811449443177475,1.362411186173256,0.9304701248791556,0.9559736266426834,-0.2000000099714024,0.0857212943997
20,-0.3803701353305979,1.5524023756201857,1.4831804605808596,1.6379743502778767,0.07697487543907,-0.0485605002747434
2,0.0548542037546975,0.2109185046444912,1.7137070941415171,1.51417945103412,-0.1974058154453964,0.3786145371406759
44,-1.015532043214714,0.8685607332370866,1.108580123195697,1.399524404694902,-0.1906145728949334,0.5491759803201249
36,-0.6413000443750696,1.6189735336238855,0.9055907065656524,0.8083178034002382,-0.2000000090826098,-0.2028437855895456
15,-0.2886044023880924,1.121978416383383,1.6847816231336932,1.8383240368574376,0.1999925116515885,-0.111006745062183
41,-0.8850615863719005,1.3015947315747145,0.6583478612632611,1.0166572696094425,-0.2000000099912542,-0.035479971782632
3,0.0812922165708213,0.1826075184315644,2.0128928730872016,1.4752687884249347,-0.1545248656859356,0.0008114118780471
0,-0.0333333333333332,0.2388888888888888,1.5707963267948966,1.5707963267948966,-0.065248876132601,0.1252489774661425
19,-0.3273204830787746,1.4495531730833668,1.5508458148279107,1.7584805654229063,0.1998984485788215,-0.0965366625112085
41,-0.915499970808482,1.2839208036885694,0.7656611176815371,1.0844807083535175,-0.2000000098854737,-0.0618707191417735
48,-1.080658290229267,0.6842938109991118,1.7180212112751343,1.2361269424236936,-0.2000000099764174,0.2025917276773465
13,-0.1584054238198469,0.9030281870063406,1.7739195163038115,2.019956468920898,0.19979252017546,0.0491207563402656
21,-0.3543082049322215,1.7000802913338289,1.192687163135663,1.580648275393671,0.1999111371206905,0.0789680547842067
20,-0.3838690631059077,1.5122827496504463,1.4976379769530634,1.6267089368031444,0.0842819155663206,-0.0462634898909583
45,-0.9762217031608944,1.007933660240128,0.8643880235638957,1.244814046346001,-0.2000000099345118,0.1882835621130867
24,-0.3474701250241694,1.8366470425379675,1.2426895322885851,1.5380571564987844,0.1999581076302646,-0.0007848535202691
6,-0.0378890018674289,0.2647148296969493,2.261236474910054,1.7928784940314746,0.19994923002025,-0.1548686158315004
37,-0.7681225887061366,1.4861216314033097,0.7900713952865939,0.8219687627682193,-0.1999859132418346,0.1257543569602708
39,-0.8401508728416214,1.4130645010000116,0.6835960047927241,0.8871787339933366,-0.2000000099152979,-0.0755340328894507
44,-1.0173698507321465,0.8591741967058434,1.1207141170257415,1.3986073235454108,-0.1764469910085835,0.5222074791925811
8,-0.0236204811480269,0.4533772363208448,2.150086955228124,1.984415806791393,0.199965167867916,-0.1489812924439515
26,-0.3783307420986536,1.9267647121259897,1.160314151146684,1.4970841142695523,0.1999545665236086,-0.0280361797360579
35,-0.6406998228764098,1.6172419238998434,1.014382257624865,0.8246672167389129,-0.0607405541625792,-0.3042544953971991
31,-0.4052845636595165,1.855441857359364,1.5104182856765132,1.5472948634747832,-0.2000000099428231,0.2650823285131229
3,0.1000451995138988,0.3910087068010575,1.6051925561067204,1.558639853714909,0.1157090390859783,0.5486325958461303
49,-1.0978559243200705,0.6136535753935505,1.850423646893988,0.8913289429179517,0.2000000099626887,0.5029928716125819
20,-0.4015198291930056,1.4933512357960168,1.5102832792934515,1.6471645965530135,0.1306860019962616,-0.0689831220165731
5,0.0324377238640909,0.2670449246415001,2.1284199068930487,1.3794064224081406,0.1219944060312142,0.2155171961609356
48,-1.078688504435096,0.6874924887811353,1.4185813768443207,1.2844630408536533,-0.2000000099493393,0.5369111527442761
27,-0.3743980822982962,2.0905402452082216,1.2483807067063193,1.3941622667648452,0.2000000089635666,-0.0621337672574354
39,-0.839913753003283,1.410026877006833,0.8560460666802268,0.9718281472862444,-0.1262227613417545,-0.2431313525840848
1,-0.0116034564148419,0.3090805217464643,1.7208092967655997,1.514222964320486,-0.1478110726679359,0.1976232495553757
1,0.077909057439988,0.3599704833083221,1.6522626439717154,1.5454021018973054,0.1702525297888583,-0.2722311975791203
34,-0.5977566399329949,1.6167874999086111,1.0210153284159045,0.9345858536827292,-0.1999825654080644,0.0784965611050715
5,-0.1028753360002038,0.3012731452306568,1.6452643434193472,1.5024683962444048,-0.0969912833700663,0.4124543297073392
45,-1.002938317792749,0.8759113114860657,1.149574943878923,1.404103670279767,0.0416850756580297,0.429850612418146
1,0.0777041178811713,0.3043410138133749,1.5476451377060751,1.5774578834787862,0.0744405248519202,-0.1874400838029604
44,-0.9840050632828212,0.9773196377828364,0.9981668973949294,1.3064046822189062,-0.1999998305633037,0.3671750388999634
27,-0.3654429362424545,2.0743228192243715,1.214932874837194,1.4176768331795655,-0.1999996154163719,-0.2358862264782106
7,0.0055986200961452,0.4201810662894449,2.2417460280146937,1.9181716606662085,0.1999860328894002,-0.1481163959011522
2,-0.0571815326139473,0.1524177115388292,1.7439895952728133,1.4934583537818245,-0.1998508274900965,0.3142650847404258
22,-0.3878826339330693,1.68670067000797,1.4004389169302325,1.584171956995572,0.1977405503367247,-0.4126337998006713
9,-0.0580723065661443,0.5355375342294899,2.056459308662687,2.081090480521977,0.1999513407155317,-0.3023284019040299
36,-0.6904594196556676,1.5392010089596555,0.989886261630328,0.8256442549299444,-0.1999644748883025,-0.2900062494936296
22,-0.3762318896040542,1.7546802368524033,1.303408566519673,1.5392049446235478,0.1998868496230766,0.0025295743286244
0,0.0555555555555556,0.1722222222222222,1.5707963267948966,1.5707963267948966,0.1991419824164819,-0.1458217832139876
1,-0.0152478639442934,0.2538433012686108,1.7488550800222322,1.4682365479034896,-0.1018394377106074,0.2201241942721822
29,-0.3887771470440305,1.9523597354028333,1.5103795575585703,1.173382493007551,0.1813936775911904,0.0431097863800928
34,-0.5801152235255252,1.6585610132888735,1.0980455550041537,0.9033205114062172,-0.199982651861151,-0.0697352074846461
11,-0.2020793619132861,0.7666890153885149,1.7743926207211356,2.0037110204579203,0.1999495065660829,-0.2942185487172735
25,-0.3651399890120285,1.904065406058315,1.2733886867874054,1.4299392801654165,0.1999262213388441,-0.092861233320937
9,-0.0979257081838825,0.4711161193474419,1.9533197293665747,2.0439408808220785,0.1999917747125017,-0.1410669746333412
21,-0.370849574741409,1.5170723667673174,1.5162942195918898,1.6519903526732174,0.0842028633183517,-0.1068612303973013
35,-0.5837990538045481,1.6794592226363327,1.0090486230936389,0.8150906772850637,0.1994482934146941,0.1371982993784658
7,-0.0946925277026527,0.4270262675616285,2.093473513671432,1.625991088837628,0.1999512848192552,0.0038901202068532
12,-0.1919450336639844,0.7347571635760867,1.7692235308375697,1.9789961519396075,0.1999859376390373,-0.0581022391251773
9,-0.0847892554012881,0.5005474056235174,1.962450944879328,2.055088539108364,0.1999741073831004,-0.0905768961681033
1,-0.0598276515252608,0.0762840808756564,1.755386857593435,1.464528863321748,0.0146935051413274,0.3628458961380282
6,-0.0292549883554081,0.2146552998745811,2.246904742137299,1.533431582942949,0.1999200259726407,0.0308922145046677
3,-0.033391945519893,0.3053731133063511,2.00040897826222,1.420176314120314,0.1132065691992237,0.1618176878758277
38,-0.7356957332075467,1.487201432100019,0.8121010812262355,0.8813553516745568,-0.2000000093449818,0.1209403028425004
21,-0.3687071715944158,1.681021479455403,1.4254308427360396,1.6483411111130584,0.1983477948244663,0.1004804848507358
29,-0.3287424272795978,2.0469821530630297,1.4563086936858038,1.1823328054661149,-0.1999610060539824,0.0361838132950749
22,-0.3457178328696397,1.6247040607070118,1.4761000732567648,1.6130238649874626,0.1999582581501761,-0.1816325314569626
17,-0.2743931202611841,1.234279714167431,1.63505737422748,1.868987557307429,0.199990479190496,0.0704239332330622
14,-0.2463504018874824,1.011704393028462,1.7135042856123786,1.9360387635518927,0.1999887393169603,-0.1022661114123894
34,-0.5518554896593405,1.710462347450778,1.0606011591847015,0.899096180589178,-0.1999999270653303,-0.3368785571258218
10,-0.1064761015556711,0.5958630144834712,2.1174396420692254,1.8192434358090963,0.1999516741016597,-0.2929401133425532
31,-0.4115537948154736,1.8404783180772883,1.470756669589553,1.0341648786938733,0.200000009792271,0.1972546194745882
33,-0.5110740470775457,1.7651701584251998,1.2682696787630814,0.8816105108418594,-0.1609432466072147,-0.4934890290832522
16,-0.3384760163722555,1.1322533670937276,1.6531219157066683,1.7675112178854824,0.1999877208809683,-0.2197227594318292
49,-1.1048350492919026,0.6237238031166199,1.8254282856967787,1.0501285401796414,0.2000000099674855,0.5576975601835101
39,-0.7581018498452754,1.4655661598877892,0.8165142828056913,0.8487479944497242,-0.2000000099591325,-0.1759696221854124
7,0.033228935885654,0.4040599585564738,2.1976266699519496,1.8645237759838047,0.1998930565600907,0.0129993338412934
29,-0.3669280245059531,1.9866335438545173,1.4894327810641863,1.1999933353604937,0.0109769128181864,0.0225428841862553
31,-0.3929442437972627,1.8962683497890205,1.501808633157287,1.5564977949723626,-0.2000000099446959,0.256968663712571
13,-0.2230336534085614,0.7985001356103809,1.697442733743463,1.874891672568633,0.2000000099643961,0.1441239106427261
28,-0.3753059493256419,2.058587933277528,1.4923038269069533,1.240291169010767,-0.2000000087444629,-0.4341175515737364
38,-0.7940816197635352,1.3764784396389271,0.8499604007836918,0.964486972099632,-0.1999999044554346,-0.0837499005165313
1,0.0990853031091818,0.3355872400484359,1.464045736656506,1.5901126494748647,0.133264044078857,-0.2952146546070439
33,-0.5754406261684188,1.6978275420383209,0.9761222648110728,0.800132145783549,-0.1994503745332802,0.0193799079384157
32,-0.4666157128601426,1.9040845527391368,1.4448623965170722,0.9738601417432562,-0.1999999082003472,-0.5903175856061361
28,-0.3607077477918697,2.0393010016134294,1.376615279414926,1.2921249776978712,-0.0621674564586426,0.1239636470655754
4,0.034773244538498,0.1410598673259861,2.1528171310809,1.3957935351126631,0.1999340666384662,0.2689445459059312
36,-0.7267953657681534,1.561520019563622,0.956633330383573,0.9145756514892062,-0.1999999063872899,-0.3305449124897457
9,-0.0859067095727975,0.4649043900023339,1.9911324242737631,2.0205349920573448,0.1999839215001935,-0.1258629717388758
39,-0.8532723980431886,1.3400270428941286,0.69747213826613,0.983867277576176,-0.1999998977690084,-0.0826253094928442
18,-0.3448378270810127,1.3102723375598988,1.6042311657768304,1.7100971110229255,0.1998353275510035,-0.1545090571501242
26,-0.3179676043993594,2.048417132665022,1.195950442054544,1.368328564689671,0.1654706207876174,0.3957355602816005
33,-0.5136269017035601,1.7654334012970008,1.2965079321409805,0.8680627867628415,-0.1074098872357081,-0.5185872401298763
32,-0.4187311285788189,1.8504730485042145,1.3754738504674773,0.9723848277968582,-0.1999999188384289,-0.4955826115139053
31,-0.4090657682234285,1.8946358563600665,1.416410162174378,1.2215875076386853,-0.1999998375107914,0.1340977205858576
6,-0.0254000737095238,0.2803061642683733,2.2629011730339865,1.5300301464217103,0.199953823317749,0.037820244440997
30,-0.3724832405689931,2.03067897912242,1.4126484739270548,1.2625031022245077,-0.1999987000188949,0.1742041763419939
46,-1.0162063610914662,0.943290147641988,0.9589700671520572,1.2951023298078963,-0.2000000099886507,0.2291705516309034
6,-0.0290188443626287,0.2462504504609902,2.183219821253095,1.504438100273251,0.1999575304300187,0.1037968139466807
13,-0.2212103887926274,0.9498631023659988,1.7409145767476897,1.943245292042029,0.1999708788900759,-0.1052236839635124
32,-0.4582234121683327,1.8172800792026849,1.434062534762714,0.939564294090414,-0.1886369348295331,-0.5680853103777678
20,-0.3394910936123076,1.4968415888319884,1.5425012680378298,1.6396103174576149,0.2000000096812415,-0.6183791911765797
39,-0.8393208813181133,1.3075769657523526,0.8353568958726267,1.0168483291288832,-0.1999999255667552,0.1680547059479976
42,-0.9033753594840294,1.174498152486813,0.839570784070764,1.0627057596181615,-0.1999999821564698,-0.0641526631472249
32,-0.4468302338748032,1.847063616546673,1.4590607275892302,0.9750581395880524,-0.1412152713750366,-0.2592511238393699
29,-0.3284484633697246,2.0169320067074303,1.5198002914574484,1.1944915269068173,-0.199893439650979,0.1217843645861416
31,-0.4094565781913518,1.8387667218087336,1.5079110181566815,1.5614134947526208,-0.1449805519370365,0.2750733251973831
15,-0.162179208093571,1.0997607524798911,1.7735007601466517,2.006832375818409,0.1999811559788938,0.071552988537731
7,0.0621455962109351,0.3755778404408462,2.322087923908545,1.473327385722683,0.1999745896064178,0.1387526850528838
9,0.0852837222855808,0.5058898629776316,2.073558230945144,1.5285657177281908,0.2000000099591164,0.1695086570020554
30,-0.3932859339046948,1.8633057474613888,1.480548665919576,1.583054779954222,-0.1850902844746997,0.3511565692144728
48,-1.0446780268443283,0.7265171057294172,2.249952877932463,1.1249221776720797,-0.1496974771702557,-0.0290521432012276
16,-0.3441531060867181,1.2929837539371452,1.6197398687389235,1.7920289987239144,0.1999523082202536,-0.1385610968995433
39,-0.846311426741329,1.4023623563008714,0.6827510940518717,0.9011052591702552,-0.2000000099310853,-0.1693023334172085
43,-0.9949745214778886,0.9633524325272852,1.0990803815341288,1.3190017511810717,-0.1999999766211747,0.0189994833231369
5,-0.0579255137920316,0.1805341166659408,1.9412914859738688,1.4119774862823995,0.109974530234143,0.277730144628676
44,-1.0282341218032185,0.9784087602102772,1.074188788482223,1.3766211985988968,-0.2000000081190369,0.0796266151672143
23,-0.3846608797099544,1.7348941330858585,1.392305345335279,1.572927227987971,0.1997081315455142,-0.0811590316639852
47,-1.0671757726211075,0.7155587419442335,1.637514402219329,1.2971005949552656,-0.1811463264689014,0.0706676596924675
22,-0.3875606016175677,1.6693842659897722,1.4317849735405783,1.585664540132318,0.0057090445049686,-0.1234588270078411
5,-0.0736101562953805,0.1396438570364321,2.1347670714047293,1.470342786741743,0.1637397768212143,0.1286806453017344
10,-0.1523161592830594,0.675586306293471,1.8379385071483,2.0149820127773364,0.1999688588998045,-0.0803735870520149
35,-0.6400889013514146,1.6214792561498723,0.903316238024507,0.8065541106052908,-0.2000000098559566,-0.1475383793985832
19,-0.2834158261022697,1.4198499208278517,1.5927524348015636,1.8526211591711648,0.2000000099414314,0.1870030032224164
2,-0.0552997154405961,0.3776050476834264,1.6260979222741463,1.5561339606717597,-0.1252112990392296,0.4026120872224882
10,-0.145108160219808,0.5456378670215469,1.867085375883852,2.0685174397445305,0.1999889750470176,-0.194824993088873
49,-1.0596321875930776,0.6808009931263403,1.412707974263702,1.292532097091548,-0.0164225573282668,1.201511542942986
48,-1.037811247238732,0.7703981139760464,1.2153959880259375,1.3521522760870794,-0.2000000099959364,0.6863575374013103
15,-0.2873899271791021,1.1156387230000866,1.620140348621879,1.7677212077980329,0.1999779389852745,0.1923294746657251
13,-0.2093705969205798,0.7696879976853747,1.733404186615024,1.920881088840975,0.2000000099481825,0.0767826321882542
21,-0.3815069784524914,1.6536732346456295,1.4545556746476216,1.551441062259447,-0.0247249800226114,-0.0955897771438819
31,-0.4094756669817653,1.8423941676569,1.5112512009826045,1.5518418882909335,-0.1893539358219642,0.2684760381493666
5,0.0092981499928611,0.2141179040717264,2.2083900729802,1.3496450815290455,0.1404987101566834,0.1409070856704427
21,-0.3372045128007064,1.593260794327007,1.4870031858470778,1.6545358756034012,0.1998617757951102,-0.1373552483631394
45,-1.0033158962179425,1.098887061517239,0.8886067877199988,1.288283010967439,-0.2000000099319179,0.1309627089930118
21,-0.3728792071168236,1.6029400808218173,1.4656813340869288,1.6560722809052,0.135513214530782,-0.1218240457639114
3,-0.0227885838654077,0.0181767300708468,2.1106055239823203,1.2504169069870437,0.0657143033530927,0.219527501906207
32,-0.4851630084169792,1.8820153772969088,1.376708743223224,0.9548129884727068,-0.1999982392240857,-0.5476355898147515
48,-1.102604443921872,0.6185615592784293,1.5617161309954266,1.1738677103148367,-0.0739128042686005,0.3718243746117411
20,-0.3651633126637553,1.5159102366415582,1.4461689706826646,1.6520344569844168,0.05876339726872,0.0579744456690055
15,-0.3252858504406307,1.1201629251591685,1.625997568628632,1.7480632611015898,0.1999792857708569,-0.0674472535804521
35,-0.6396380490335064,1.5723387918284444,0.9478367893632988,0.8888034552278276,-0.1999858308568063,-0.0018782315629418
46,-1.0444469098721585,0.7164973195035309,1.4778600262323334,1.3279868465174651,0.2000000094210334,0.142490962978969
21,-0.3828485963676992,1.6481512072187152,1.40497558290628,1.6041121842532038,0.1989704730721776,0.0673634790094718
21,-0.3446498078549026,1.5845477097676508,1.4904295663025715,1.6270178579276435,0.1999558024882135,-0.0001116181338411
14,-0.2788479753353366,0.9567038399337464,1.6786008289876289,1.8347793980328613,0.1999858415756263,-0.08819060253226
6,-0.0138706805525981,0.2381219234247476,2.273092241933226,1.7774510482134973,0.199936079365205,-0.1371620893732036
11,-0.1840301510520301,0.7479046772666651,1.8127491260555129,2.0098138203481404,0.1998369731874978,-0.3053193771955391
4,0.0037631014388773,0.2144511375503427,1.8559072958913188,1.397894156559886,-0.0254736475640003,0.3874298590597688
14,-0.2790903614649888,1.006816957991797,1.7077620765802006,1.9062225975514664,0.1999726648359569,-0.0973165032547993
17,-0.308938693861731,1.1914823661392095,1.5953807244685034,1.7166937484727536,0.2000000099686718,0.2187211715578826
37,-0.7294903465362363,1.4664025545785262,0.906403706469808,0.9224962953260348,-0.1999999164422014,-0.2004296573050046
11,-0.1501702188501065,0.7254076236289838,1.8225740688529355,2.0294087437379167,0.1999721717743769,-0.030060420998632
20,-0.3506066116625329,1.5183353557350006,1.4614785025503974,1.630544214484336,0.1301616542654469,0.0029206583654089
0,0.0333333333333334,0.3277777777777778,1.5707963267948966,1.5707963267948966,-0.1997317424188848,0.3180073275846303
30,-0.3790334457678033,1.925202169015768,1.5487099621705949,1.0883404203076457,-0.1999862313215271,-0.0811117933240632
34,-0.5712115579345001,1.6914894516120786,1.11990755865881,0.8422340492851833,-0.0782492612590367,-0.3830854468132789
4,0.0321680824105518,0.1197812139098445,2.226131127276693,1.3596377624245457,0.1364084234468975,0.152181010721647
22,-0.3450265546585189,1.6287621174254736,1.472006463506494,1.610804536967766,0.1999405828551172,-0.1588972356657283
0,0.0555555555555556,0.15,1.5707963267948966,1.5707963267948966,-0.1998930286589152,0.3064476115556164
33,-0.5802775593727603,1.6862055333486408,0.9964007521655898,0.8074248732502974,0.1298524310470713,0.1907379464892937
11,-0.1951624367004941,0.6277734278990886,1.806521096327577,2.045230233291248,0.2000000099929078,-0.2971103709086005
48,-1.0681295949913123,0.7128703065265294,1.5037799971785883,1.342444569660638,-0.2000000099491911,0.3996384973829595
14,-0.3114824073941616,0.9879444416095368,1.6478928523745875,1.802850004999556,0.1999536477747899,-0.0761479999291315
19,-0.3057869284618823,1.4390779337469397,1.5206528356352162,1.810867351762108,0.1999999277477195,0.3205730950902479
13,-0.2608017169416831,0.8934997939472957,1.6915811000341332,1.8800950972046104,0.1999756160239554,-0.1097295540931593
9,-0.107604054028512,0.5298983256998314,2.10015477097658,1.7876295515775196,0.1999555025110595,-0.1643775936258284
1,0.0999772824575258,0.3279181814342249,1.5670173252609114,1.571699460540647,0.1204581485459846,-0.1640682443256153
21,-0.2955468065863353,1.605548279992358,1.563386091091905,1.8359982115006952,0.1806527043915362,-0.1373746835417392
2,0.0754475270263622,0.4193733579870791,1.3527960695634371,1.59260601229543,-0.1993247934157909,0.2975124760662181
29,-0.3736717282641788,1.9919274504192968,1.4479521746423585,1.2410759268355096,0.0616215210149391,0.1283165931517888
26,-0.3737889121475811,1.929752407991635,1.1799163679268698,1.4873710169944383,0.1999607771048129,-0.0588714897897771
18,-0.3633222650884723,1.428982449817602,1.5386788240310292,1.6990488879746135,0.199921920689775,-0.0807619364056015
14,-0.2331560368450967,0.9545795107917456,1.6776141236212592,1.8899100544748608,0.1999707809940677,0.0157543722432772
8,-0.0599975747630827,0.360981010822933,2.173249074318681,1.9953428140411675,0.1999945028479915,-0.478079077457
49,-1.0659502561300596,0.7103875959716575,2.136430767425571,1.197018566136166,0.2000000097314773,0.4135424915944038
9,-0.0632113676863364,0.5551130529668488,2.0813888731088976,2.014453894611912,0.1999834695422016,-0.2670935284044172
32,-0.4952978937196355,1.8418479551208304,1.330480777719293,0.942712643725102,-0.1464576542497282,-0.2766965269991369
34,-0.5865453095657711,1.6762756202093216,1.0042311745372157,0.8135937102754525,0.127909153345127,0.164720380165029
38,-0.7740541130288826,1.36708427401632,0.9416871229794364,0.9559711231753516,-0.1999999423182387,0.0686361034403245
9,-0.1232826329153107,0.5901995783659353,2.0094209956612925,1.836290938927433,0.1999668271051534,-0.0968745449152139
13,-0.1566645612774106,0.875159906053643,1.8337804713946515,2.047319818433837,0.1998531787095474,-0.1694401821972561
23,-0.3760215126716544,1.848274024845728,1.2771011936154704,1.5017802311093558,0.1545102538994344,-0.0513734102511172
15,-0.3014012639426707,1.053784080477079,1.6438235140066892,1.8071963119878784,0.199970337906534,-0.0683419331303042
7,-0.0097682149932806,0.2876891691182398,2.2984946789827685,1.7147368364691404,0.1999785484875248,-0.1326310783496828
0,0.0777777777777779,0.2388888888888888,1.5707963267948966,1.5707963267948966,0.1544764426950508,-0.2874611966702439
11,-0.202187920101201,0.6834664171344864,1.8047614405539367,1.947074719619136,0.1999536307848458,-0.151112080830241
5,0.0858841956554675,0.178083683107439,1.891747007356095,1.5396716031771882,0.1966496371410198,0.3055573247730583
46,-1.0178805875337933,0.8618983584486926,1.1244287202742438,1.337224662946238,-0.2000000099218706,0.2279757987629495
1,-0.0344406813421463,0.4278722836132613,1.458480194660396,1.585833436429716,0.0835071806487786,0.503020590482465
21,-0.3436709719257222,1.5972195625720838,1.4855169850077967,1.6340650926984557,0.1967020174301409,-0.0003810681074994
43,-1.0009094802304253,0.9338974852863552,1.01414163159839,1.3561737381362358,-0.1999999598657723,0.4743225180401536
38,-0.8009647250297869,1.4647445232048153,0.8548712628569941,0.903905155101899,-0.1589693747846826,-0.2970202585960909
0,-0.0777777777777776,0.3055555555555556,1.5707963267948966,1.5707963267948966,-0.1999339340142471,0.4435297310424763
0,-0.0333333333333332,0.2611111111111111,1.5707963267948966,1.5707963267948966,0.116202589184499,-0.0235042319116032
28,-0.3479326484881005,2.075853301658235,1.3702844819661717,1.31278658841197,-0.1607885309929886,0.1222676294779062
2,0.0213146895982589,0.1262876484366444,1.875888199606214,1.349600346404786,-0.1847131145845302,0.2425156353041233
37,-0.787356737717749,1.3841592285627713,0.847358257570539,0.9460551483468717,0.2000000098942372,0.0670373152761058
35,-0.630797503176407,1.614436222962441,0.9719572711493304,0.8857403831779981,-0.1999980883841996,-0.0896831127498207
0,-0.0555555555555554,0.2388888888888888,1.5707963267948966,1.5707963267948966,-0.1999401343965987,0.4580140345852546
6,0.0636803643344272,0.3119050028934476,2.2631444158640246,1.5964384586182765,0.0921537915996838,-0.1275025571405034
44,-1.012420880966762,0.8824455587284415,1.0616518424905603,1.4273336814580184,-0.0615460432088106,0.5633457919206372
17,-0.3493027491064521,1.241471310688428,1.5954558784298256,1.6988778858691531,0.1999726305449501,0.0264179204378587
48,-1.0605547542301783,0.6768708038305955,1.419961472102676,1.2876645576542385,-0.2000000099401148,0.7162800898024744
6,0.1026314201836601,0.2263166005446521,2.040884392147563,1.6485725734743204,0.1999601397450171,-0.3019124779241801
15,-0.2004933669649946,1.0825490795402202,1.730667204714315,2.002504970680838,0.1999795489408739,-0.0391767723528796
19,-0.3626545831866871,1.4768132850231266,1.4743965648204715,1.6898718554960157,0.1998475949371158,-0.1551654206297773
21,-0.3428752346440804,1.561940268783247,1.5014230544355254,1.6311517678198668,0.145895605858476,-0.040304866542844
37,-0.7693074088405232,1.4101080953890286,0.8496348271754126,0.8906914549845828,0.2000000091523877,0.0200511412851883
27,-0.3440408995260006,2.087667082514228,1.3905108357456069,1.3117263140166509,-0.1999579966857806,0.0288092277816701
27,-0.3640315814269936,2.0135148536794065,1.166166682788406,1.4146304150254032,0.1999489098901564,0.1694927735908463
14,-0.2611992493339648,1.0299114732447143,1.708716963478599,1.8830239887661064,0.1999743483785366,-0.0906745988840915
0,0.1000000000000001,0.1944444444444444,1.5707963267948966,1.5707963267948966,0.1985157296788187,-0.2420414008807337
2,-0.0780402744604306,0.3334278868154237,1.5494393380966525,1.5724071537038151,-0.1988002787047015,0.3877565497799888
30,-0.3666277911936413,1.9618289439093624,1.4825809421625475,1.0777094189617216,-0.199990810424383,-0.1917174359499174
31,-0.3987519397325182,1.924232821614656,1.5384397585048086,1.1009567259367752,-0.1999891843204266,-0.157390479166486
1,0.0333146430221331,0.3431389724051382,1.586667993166719,1.5652617123872523,-0.1993341908186986,0.4049731771515119
22,-0.4158800374936377,1.6279934940765464,1.497132477411304,1.5969291542875987,0.1449400847273305,-0.1081707428140969
36,-0.6481645643548205,1.5379248373936338,0.9791810317572692,0.8784846053076536,-0.2000000077741216,-0.1760130574764672
18,-0.3413071972859005,1.3127744812413835,1.6382194957732916,1.7012156067023425,0.1998463896030504,-0.3024559462293781
2,-0.0063920632662781,0.0300431966705469,1.9424446384098868,1.2747515517267602,0.0073281172992626,0.2380419937985859
32,-0.4504085366726151,1.815519718122233,1.3927108711239438,0.97986350398955,-0.1999725843749228,-0.0522847246750903
6,-0.0064018406659323,0.212900233945302,2.2394857900824885,1.633743909015127,0.1999358818131719,-0.0138078957659677
3,0.077463316336081,0.3037324416160915,1.5309946472432951,1.5791037865201836,-0.1680106903802202,0.1865944963261025
0,-0.0777777777777776,0.1944444444444444,1.5707963267948966,1.5707963267948966,0.1999210610547306,-0.2055364662061665
38,-0.8557197054600125,1.3899092374109534,0.7860105047610144,0.9671284514608433,0.1091720301560787,-0.2329866718140349
12,-0.1980557056129016,0.7964225920306227,1.7543273728248652,1.9940225733249013,0.1999716441587851,-0.1040099006140024
11,0.1091376557158245,0.6722451244182518,2.0230105789985995,1.6357191144857477,0.2000000099660018,0.3656136427271629
21,-0.3447001735675757,1.5444468058268566,1.4596755104747157,1.6412205896929888,0.199958485785477,0.0267038630093812
37,-0.6722912137498817,1.5942892682320475,0.8671099478986601,0.7961354207479497,-0.2000000096480902,-0.1121118217578176
11,0.0187010829914836,0.7927331173305082,2.219914094605718,1.993280729951203,0.1999910818513432,-0.1363238554178534
48,-1.0645262272943694,0.6700567096684088,1.6606797552582393,1.1790294532162744,-0.2000000099606275,0.2397708682460373
6,0.0101791108294162,0.2517349390522029,2.1891005048013628,1.4347329241750146,0.1999869021302505,0.1741330616530411
10,-0.1597357325958032,0.5327024321724686,1.855744027593408,2.0691822797635724,0.2000000099928413,-0.3191036153621711
22,-0.3752878533892802,1.6362727162830226,1.4479973363366463,1.619410769554781,0.1659753461722796,-0.1266658385504865
9,-0.0872385740495352,0.4456651384591747,2.0917365747180323,1.9873241059224545,0.2000000099436246,-0.4688770402412753
10,-0.1861815226631629,0.6984634896964101,1.8202197598901133,1.948653223859788,0.199364773737444,-0.1904111883728058
47,-1.0286865691577016,0.7956661993094958,1.486189228579931,1.320421951135171,-0.2000000099957128,0.163953550649972
25,-0.3955478290783352,1.9189407151579867,1.2803911055114607,1.4995058170079294,-0.1998078413289955,-0.1909098105268132
1,0.0997455319055794,0.3406302144928032,1.5195724564280848,1.5840340010000782,0.1280394591968802,-0.211190656764423
47,-1.0023655744972315,0.9855540291518864,0.8825653298434357,1.2517272827862396,-0.2000000099987341,0.5786946396066758
40,-0.9041060770988352,1.2592389259895311,0.6677434296014195,1.1343777965865671,-0.199999987461547,0.2029944018216709
39,-0.8996750976996647,1.301854344986047,0.7236563879709277,0.9243282910961852,-0.0825927369395439,-0.289295157624953
45,-1.03299694172375,0.7820722694963163,1.2156007680451943,1.3900487223187583,-0.2000000087115457,0.2507118501779542
1,-0.0555052621277511,0.3318420661831135,1.644262314834867,1.5469494486560509,-0.1431110804693401,0.3422751802757245
32,-0.4524074917857388,1.9189024729090924,1.4790958958354334,1.017985692367496,-0.1999999209245485,-0.559008313078061
13,-0.1236102412742366,0.8444767308644083,1.8660189184036595,2.057994799166308,0.2000000099482621,-0.0322231964170553
33,-0.5313651338456212,1.7337621739541975,1.127212020027703,0.8921817984051214,-0.1999549165444482,-0.2415421217785415
43,-0.914689941944406,1.2471804390020822,0.691435975000309,1.1440805023613945,-0.2000000099541462,0.4313211315839286
3,0.099147553076231,0.3644221560930891,1.504019987830196,1.5723234880783854,-0.0398717510186964,0.5403677833165853
23,-0.3417683201106327,1.8946463441127528,1.270709621780787,1.6186244461755486,0.1752659721615163,-0.1265277408451498
29,-0.3688969728732904,2.0691877965499983,1.5009484710779528,1.2553325368615094,-0.2000000098478211,-0.3446783910234237
33,-0.5051539014943083,1.708042950952308,1.194191657998834,0.907552308501518,-0.1999999987058595,0.0461025736360616
45,-1.0146754414081305,0.8687248190995933,1.2743618356580149,1.3883073098959118,-0.1999999976865399,0.165503724548566
23,-0.3480773514254767,1.710654895757974,1.379242898025785,1.586194096987778,0.1999753261619478,-0.1666245547386317
9,-0.0953449467012894,0.4411188624402976,2.066860702880893,2.0081468292532647,0.2000000099924319,-0.4580902910110167
37,-0.7111611305339538,1.5676662365515273,0.9451223323729376,0.8893417472094821,-0.1999998902558865,-0.3183353465883895
21,-0.3435451858997556,1.6013973715469958,1.4842351163413865,1.6352292725089923,0.1320626575209428,-0.0939698480679306
36,-0.6954892262280268,1.5283415754365546,0.9307775028366564,0.864707396796102,-0.1999937799683988,-0.1558580500771732
5,0.0079487922794876,0.1500709848672922,2.1474655205991606,1.35737877388272,0.1999621376776241,0.1001353690907896
32,-0.4406219194842952,1.8098754073029395,1.3685835498061518,0.9799739801913564,-0.1999824114453225,-0.3695499164392963
2,0.0133112715618102,0.0825791035355581,1.8903525686867235,1.2810301428403654,-0.084408748733765,0.220463601990983
10,-0.1429073795936796,0.5757287007381756,1.864370652535234,2.038297859907432,0.1999838580690464,-0.1886147554776899
21,-0.3439937546998035,1.643530698495639,1.433897093930517,1.6254364018015424,0.1806772470804215,-0.1244301145825895
19,-0.3435280241324471,1.393744945874794,1.515203715362821,1.6674844893904506,0.2000000099364592,0.3737857686399711
2,0.0536074744019532,0.1514632722239664,1.8874662379410605,1.4380807592508646,-0.0746956919702218,-0.1135775334218217
38,-0.6302764156200963,1.5719760722516634,0.9505269388344626,0.9514745898382148,-0.2000000097807456,-0.1667431745522398
5,0.0531286866508619,0.1660192969317863,1.8647346450623608,1.4409683587496684,0.1994232229391185,0.3629165123553263
9,0.1071901747277957,0.5600164133903823,2.112305217483316,1.5431567149975904,0.2000000099940926,0.075164557315437
29,-0.3600415226912715,1.997484761161687,1.519380175665432,1.201726965454608,-0.0573293320178093,0.0496730427118873
48,-1.0277271074109195,0.7137463858827017,2.12182937289146,1.1677008682616623,-0.1860021699651225,-0.064711063219362
45,-1.0137342580402908,0.8712536387995561,1.2165141445019363,1.4362068237876566,-0.0894855155417326,0.5164677539822581
48,-1.0340180583904923,0.7838921180589783,1.1947219605234007,1.3492713423707103,-0.2000000099961484,0.7094365506237146
31,-0.4488438157192423,1.9105984144610928,1.4802131290223937,1.0142726852989794,-0.1998047179787416,-0.5052984643039439
3,0.043593985040545,0.2258595562105971,1.94135116139916,1.317756022388133,0.0622766924638216,0.3114857062609775
3,-0.0384498456593033,0.0644544644233982,1.985334367552076,1.170969018967031,0.1998735919107851,0.2254868809179118
2,-0.0010954761099162,0.1663775520094871,1.852791325249944,1.358623449186795,-0.1995553567703023,0.1440177355262285
7,-0.088121016370034,0.4207646808820175,2.124041593677794,1.2597754898310916,0.1999385455670415,0.0965868446787106
45,-1.013769424850449,0.8703758030272681,1.263650173793728,1.4207477902868708,-0.17160816914517,0.4157022741756881
4,-0.0124306788127966,0.1028242375610586,2.174725950756345,1.3661150983373052,0.1282503703018232,0.1661287155160982
49,-1.076796429194908,0.695296731703189,1.4077304127302508,1.2920789613508084,0.0892576272781564,1.1801226113933587
24,-0.347787700601928,1.7501257779001105,1.33639715711144,1.5643845297474277,0.1999864796481817,-0.2089048696386962
30,-0.3922727163656928,2.023810390466964,1.54401579225925,1.1875661281151682,-0.1999882151956004,-0.3124917598844339
1,0.0988077924602141,0.2942313055770699,1.4497756263530768,1.587068851821466,0.1275335458941242,-0.2040699609265558
28,-0.3356839948814744,2.00956392879119,1.417073325314794,1.241510645781889,-0.0226585224826373,0.2044983862571601
2,0.0548497929049226,0.3291604038720064,1.7304243827846388,1.508391983080473,-0.1998955932601155,0.290693264980208
33,-0.5067719106306293,1.7069790943453182,1.1650387915459015,0.910444681046949,-0.1999999896598234,0.0615932952362976
14,-0.1802815982701603,1.0503821817804242,1.793833696344171,2.005113540783597,0.1999792631538685,-0.1463416590569557
16,-0.3094293483299714,1.169845592899699,1.630622693398271,1.7879553555124752,0.1999564334846336,-0.0502899495353774
18,-0.3529446928411469,1.311048871745057,1.6202786351230485,1.7305078853698164,0.1998080179745253,-0.2289565366535292
0,-0.0111111111111109,0.1944444444444444,1.5707963267948966,1.5707963267948966,-0.1999373627620227,0.3806528055010543
11,-0.1685459142532417,0.7570606232543055,1.8243542360749585,1.929507194113098,0.1999428482882376,-0.052972488185166
19,-0.3590224732387168,1.3229280833034431,1.5936643230405192,1.6756647336137591,0.2000000099714934,-0.0007399877513361
34,-0.5430690598580792,1.6913755650710889,1.0830639275398593,0.9269966480030906,-0.1999999171812964,-0.1849615372369434
25,-0.3122318431007511,2.115963955111735,1.3220555082071876,1.3559433997187005,-0.0910665341447358,0.2667472101475248
25,-0.351866263076271,1.9225860817828195,1.2287069583104024,1.526487508969904,0.1999462731575684,-0.1543865238598626
47,-1.0253941695661843,0.7962030050896503,1.6211955773723552,1.3361758079816697,-0.2000000099753889,0.0585684329048947
29,-0.395163558439682,1.9001760711400824,1.4905276904490332,1.0723679754109354,0.1999734520981885,0.0461210961147877
11,-0.1946199338280106,0.8084768400444233,1.8002357306566577,1.9809010868331696,0.1999061638851843,-0.3053114652413312
7,0.1032487353508258,0.3639310775205656,2.001153873444501,1.6992294906217102,0.1999753625550655,0.3942643066744877
10,-0.1083974103583034,0.519437874583559,1.8974543335523943,2.048365877262908,0.2000000099533715,-0.2094396018719545
20,-0.3687372151621397,1.5466430237321367,1.4902160308000187,1.6624250847355395,0.0064258613799734,-0.0273080952976313
3,0.0107628998324183,0.0607819761874527,2.0756215231689943,1.4252786292480684,0.0081717541238787,0.2464025178412979
9,-0.105330363859225,0.5721111608467567,1.941115127005849,2.0626192761236206,0.1999447413761546,-0.2235630415886124
3,0.0127205556052273,0.1663872346759929,1.946408660211836,1.246963059721718,-0.0211965084851322,0.135705751230496
29,-0.3569541259020141,1.947885464179557,1.4590927335110049,1.1772727412885793,-0.0704807318545124,0.0691505781479842
5,0.0594472056045284,0.1219166254956984,2.179295294978891,1.4415213711368688,0.1999890686762953,0.1084843784033013
2,-0.0402338054017717,0.1237786508594326,1.8465322415020804,1.404819258354016,-0.072032167642096,0.0142863265418467
21,-0.3662664659573147,1.5556418286520963,1.499112539985452,1.6586418723114706,0.0666902528331485,-0.1147905378546582
13,-0.1937705152230539,0.7905693817082967,1.8647157932308056,2.074117179510264,0.2000000099606594,-0.3231625303601083
2,-0.029565706506583,0.0235863705848724,1.927445680895124,1.2748627349268666,-0.0483351329592561,0.196669796930176
32,-0.433770879833865,1.8486178579716928,1.4242582815375666,1.606950106507307,-0.2000000099740746,0.2963686950409279
1,0.0553535300215663,0.3167348854603112,1.677968286969934,1.532341186414121,-0.1999070703776166,0.1038198630998446
3,-0.0168772081090484,0.1148849817323976,1.983161152401243,1.1675761666829825,0.067665866435028,0.1507975288549321
31,-0.4201830293513883,1.89196291674904,1.510177519565529,1.0376707645755794,-0.1998973670861477,-0.2542755496563982
31,-0.4018007615876096,1.992804012404437,1.5574691976096968,1.11567663775195,-0.1999999278058404,-0.3952918375132799
0,0.0333333333333334,0.2388888888888888,1.5707963267948966,1.5707963267948966,-0.1999195398148711,0.3072963520577247
47,-1.0297914865951727,0.7520837078460046,2.442731834077512,1.3052703373605508,-0.2000000099302677,-0.2380247420242458
4,-0.0197011380536512,0.1598022911629806,2.0912539034474165,1.3407575138369452,0.0416632446345293,0.133747383753327
16,-0.3464719094265059,1.1998308550444656,1.611642719307218,1.7286953388054591,0.1999595410265265,-0.2026764473304635
28,-0.2912214891629861,2.138711614692648,1.2880308675256114,1.324551179501136,0.199942048029602,0.3440956544905926
4,0.048134035368236,0.192660981291209,1.9624625156309945,1.3506941412998907,0.0152202538024211,0.2976583228753114
8,-0.0202336664191098,0.4083622792676995,2.1980749564853053,1.7962087318242794,0.1999897747407364,-0.0760991175378112
44,-0.9733126628478288,1.0239764828128275,0.8542872379210333,1.2333747438905311,-0.2000000082800786,0.1308413559566164
2,-0.077848766960233,0.1995382005251161,1.6257797303285937,1.5515339238261294,-0.125173082790205,0.4225417213586739
5,0.0859542028565121,0.2244066169462837,2.2650476107981543,1.5362915693842465,0.1998970474360306,-0.1034526380551257
22,-0.4009068438420873,1.708333973736402,1.4931133995440344,1.603527005873052,0.1997837853115555,-0.1642985926505615
33,-0.5201737221990933,1.753160573702114,1.121512440094028,0.8423355334475051,0.142147755646448,-0.3319550953527716
38,-0.8137801848842976,1.4393804656117577,0.7329105670240263,0.858091403620291,-0.2000000099769512,-0.1465299178798013
29,-0.3694654021547451,2.0019836207290327,1.4163287301164815,1.24740641989113,0.0119582588159176,0.1542642664710544
42,-0.881049515312844,1.2681708555673712,0.6964646654405606,1.0416488840964608,-0.2000000099082389,0.0719348954546295
41,-0.9383847854767664,1.1723085299062717,0.7692406305122552,1.2572920157205645,-0.0842007431863321,0.4829325290524099
10,-0.1273721987595149,0.5592990242481374,1.88944082433847,2.04693120938761,0.1999754593085708,-0.1535187484112385
3,0.0004140525013639,0.0463642749828299,2.033270747461591,1.2859110310467414,0.0330572176753614,0.2621383995494084
16,-0.318632472261141,1.162585039394311,1.609863156928549,1.772926080304407,0.1999552518359013,-0.0562262988410922
20,-0.3376694855793958,1.6207756175427417,1.5176603468742709,1.737773073195675,-0.0624190913031485,-0.0132613447744792
6,0.0838808872600632,0.2579291251925369,1.942563467009129,1.5459324966537018,0.1999567578999413,0.3836470708923913
3,0.1008211605556614,0.3189881427636331,1.631092202910457,1.5747522190300616,-0.0474897687571776,0.4348365005265958
4,-0.0180751222686927,0.1295083159816059,2.1090203235533576,1.3138151350517069,0.0660855778186074,0.2266578577728915
14,-0.2617818427918834,0.9737704209647668,1.648003784069095,1.8161419453240093,0.1999769099291354,0.1467191032265765
0,-0.0777777777777776,0.15,1.5707963267948966,1.5707963267948966,0.1999558785497725,-0.1474204165606354
31,-0.410520727570161,1.889085751919196,1.4156838479128222,0.9790260318307143,-0.1999805344600106,-0.2857623246675549
29,-0.374491155397042,1.9266982463808129,1.5273419274624924,1.0915129955264775,0.1233035978518706,-0.0704348570094583
7,0.0207662115961431,0.3727225681397846,2.2788298251715045,1.961394944708514,0.1999256915071691,-0.1978570504119376
28,-0.2970264941289582,2.1158716572116743,1.2614943953838686,1.3367872195813706,0.1857192822902911,0.373566848186019
1,-0.1002245031507623,0.3090571705987556,1.6375188241389136,1.545703173645352,-0.1999043572152905,0.2815462588405878
37,-0.7278724222854126,1.4430151860110136,0.9085093634810786,0.8579218726801183,-0.2000000092820441,-0.1024569721270434
12,-0.2512233886051814,0.8649409955945828,1.7384917894986014,1.915084143727792,0.1999749101592557,-0.1418729388941542
38,-0.7335717755782272,1.460946095338641,0.904855472096477,0.930661823726002,-0.1999999867979326,0.1136977136096243
25,-0.3384669666076911,1.913527159475678,1.217264794805322,1.4644551541091213,0.1999850692705853,-0.0164605763609384
40,-0.8926662930548798,1.221453808800127,0.9286303752672928,1.0466590681444312,-0.1518061378619302,-0.2209653279771536
32,-0.4548698498505274,1.77540662076692,1.3509815196183066,0.945767534781207,-0.0721343310797272,-0.4768874412561507
26,-0.3526532194007956,2.0354307161879586,1.132799771736784,1.4493648365397116,0.199945810051053,0.1573613246265712
20,-0.377225956205708,1.6211069872759176,1.424084213623081,1.622656509798783,-0.0425609583753722,0.0949179511419522
33,-0.4666971636359113,1.8123852058400027,1.2787828939643244,0.8965327675965792,-0.1230143853023927,-0.4655194891769763
8,-0.02375532315253,0.4048832350770391,2.2596678576108555,1.8321754852165084,0.1999736250219259,-0.1927375950431568
20,-0.349867527247475,1.8492260720548,1.6421293599377276,1.3538866616726892,-0.1600853040724764,-0.1281967267953515
26,-0.3675648660804014,1.986371881377432,1.1701974990454058,1.4448959252758895,0.1999253935210549,0.0285973011859147
22,-0.3477960681286258,1.6736594192225367,1.4238832044091565,1.6110957995815578,0.1999376893311691,-0.2247175506971518
12,-0.1160559108935607,0.8612406127820174,1.8630680228259904,2.0547958567406965,0.1999804214518471,-0.0021815988338233
43,-0.9568678286233796,1.0797009901124517,0.8305845829334597,1.264777372120212,-0.1019542393805714,0.4092480909201108
16,-0.3251285767437714,1.156328758452937,1.6095725490439574,1.7572857825559172,0.1999651541675346,-0.0164157349133675
27,-0.3244022126976942,2.049814893094346,1.2046576562013964,1.3602986389853442,0.1999755251721804,0.4197701225457247
17,-0.2615956908327972,1.1526977657948916,1.6466675894942622,1.8650168151433928,0.2000000099754271,0.1247848888012684
25,-0.3806169083538285,2.003761132961933,1.2319627935674529,1.4580918547825366,-0.1998618726007529,-0.1845958235798531
12,-0.2123685681373004,0.7947032003069936,1.7498969669130189,1.9729964763987424,0.1999699660066238,-0.1353809447551879
21,-0.4054016764278013,1.5918711663044125,1.4971961053696017,1.6309917814775188,0.1046824156134209,-0.0700413701111674
31,-0.4112270028351152,1.8414450747107969,1.457767211892877,1.0266978614681543,-0.1999920654623647,-0.348028426184518
25,-0.3586920075660482,1.931641620914035,1.2542121697379294,1.4523786553530538,0.1999357086747017,-0.0972904054387439
10,0.0915849296632573,0.6937784166852318,2.186050877967153,1.770514900468716,0.1999921349908823,0.1228964774428951
9,0.0776492500636723,0.4553912546497157,2.004213676848684,1.416302382642984,0.2000000099669791,0.2961822743808098
28,-0.396470285753936,2.0801635475893154,1.2614807012167315,1.3994102211514583,-0.0808339159057196,0.1629932492305854
23,-0.3839978147672431,1.7582691629603977,1.377026137956653,1.5687392617348874,0.1996186457709133,-0.0785779555955622
32,-0.3996676123606024,1.8683944286293592,1.47742930526403,1.053549192192598,-0.1999999884373923,-0.2302790313487765
47,-1.0321485066006642,0.7679684793276715,1.5513089819117911,1.3517051391016488,-0.2000000099512063,0.1028954523250827
38,-0.7885228021834279,1.370066715603072,0.8305202024665217,0.8825058398587988,-0.2000000090872148,0.0262169306526682
48,-1.1041747412464913,0.6140577040420234,1.5701923659679036,1.164405142060574,-0.0503844075912344,0.3660506235246288
0,0.0555555555555556,0.2611111111111111,1.5707963267948966,1.5707963267948966,0.091965728629675,-0.1331491849660512
3,-0.0102342753654388,0.1274315609200165,2.00880137185124,1.2144947813331648,0.0531291751047096,0.1330470692109873
1,0.0997164502426593,0.3675413973951613,1.5192501666632037,1.5836226321295237,0.1551209100591571,-0.3064210054403515
18,-0.1840863154659365,1.2605385577620725,1.7200975875046591,1.9742587935757592,0.2000000099973684,0.1016665151495906
7,-0.0206099677130477,0.2690375652489491,2.278246813514505,1.830980230258925,0.1999945112756017,-0.2830205259943474
13,-0.2171894733523139,0.8330442398068375,1.786837873109851,1.9259921763813168,0.1999866807565988,-0.1377393239238875
22,-0.3841135468627861,1.6075453236245114,1.469371729591165,1.6089704363342472,0.199896840408427,-0.0822786017663591
48,-1.0392108244880809,0.6909119988427709,1.6654583486404757,1.2484117936969643,-0.2000000099610572,0.2382475228543447
1,-0.0995623886424934,0.3756312195373635,1.684916683533464,1.539019760261981,-0.0022992399010546,0.4132706014076484
23,-0.3574051448915524,1.8659958450571408,1.2736062044885497,1.5482563606156452,0.1996934685214179,-0.054816052595004
1,0.0994468426143031,0.3561267864355579,1.4873394454505782,1.5897579482689843,0.1484266668453756,-0.2894283971233474
48,-1.065267646261213,0.7592672264984276,1.4923559027400355,1.369976741027237,-0.2000000099728137,0.4060861281428586
28,-0.378749321605524,2.0525505325531106,1.5169613967326026,1.2210331749789407,-0.1811461377565619,-0.4484605231458913
23,-0.3331007352359406,1.7869163910137826,1.377651379504476,1.7073993672271612,0.1876728535122894,-0.2466229705997032
13,-0.2648338177135524,0.9184512876647636,1.698286091038261,1.87511997953928,0.1999019535996071,-0.0749462651823822
42,-0.902714494673048,1.1765646411665405,0.8397415103998522,1.0619850591818345,0.2000000095908659,-0.3667229844426805
23,-0.3831547227185758,1.7589399907489611,1.3766224617746214,1.5722742628068818,0.1996415807894819,-0.0804103935981988
21,-0.3442232641984019,1.5606503277491244,1.522037748904169,1.7242182873169702,0.1997306579444565,-0.1108432013229242
14,-0.2914967942876922,0.935990709420278,1.657871433594499,1.822860414140868,0.1999801666170552,-0.051430360916789
25,-0.3887675782512686,1.864167350055815,1.3165897848692278,1.530683599522779,0.0792643950607398,-0.3338241293522331
7,-0.0543872636840013,0.2453778223779069,2.162983221062694,1.6994512442413328,0.2000000099531538,-0.4500981135975989
42,-0.9172930708916534,1.2254130103138283,0.6676924072467374,1.1483784761967737,-0.2000000099562584,0.1567468868991911
30,-0.3876522554225668,1.9283577682864943,1.4249114925649504,1.0342142472584963,-0.1999565593203508,-0.1833391118811825
29,-0.356954678195411,2.0685949200985045,1.2389566200461726,1.3412319419261156,-0.0242385349650649,0.3871553892029782
12,-0.2127119086275675,0.7477222085598615,1.7189719090845923,1.871904453107132,0.1999782983883603,0.1180366750883982
31,-0.4040404919132918,1.9230320731069863,1.5299223959988009,1.0945042425732836,-0.1999914997999229,-0.1406234287647017
21,-0.3650078028644996,1.5501393360314608,1.4588353629049806,1.6405880661911507,0.1995770751456909,-0.1869247172139627
26,-0.374440017112781,1.9993170413843764,1.232078374424253,1.4585633257514297,-0.0747840361890562,-0.2281412993712468
14,-0.2358187271136622,0.9490785184617077,1.677301545688186,1.880497640192473,0.1999803643307223,0.1140449789054952
9,-0.1000265287435867,0.4918646356740337,1.96845676104096,2.0434375357234216,0.1999652400419416,-0.2413360687940035
3,0.0554441184721021,0.2593009174484629,1.5536952065911631,1.574724332270718,-0.128430345111658,0.496743851820268
27,-0.3079973068186852,2.1005019684885955,1.3449766087022166,1.3047073301545788,-0.084610261214805,0.2899390230984832
14,-0.2755957635030911,0.9524312407111823,1.6766859787192685,1.8466695299732827,0.1999745119959377,-0.0633453001689876
27,-0.3464097293611347,2.1032841553270587,1.2813459234919886,1.3303427176862497,-0.0489318656669208,0.2020290040959441
14,-0.2573432468274802,0.9634991951497216,1.7060575383391718,1.8720393060535,0.1999754739320598,-0.0822484418327755
39,-0.8540680749044841,1.3843122351409218,0.6864607455816607,0.9186929755168072,-0.174025635469071,-0.2180107172945792
2,0.0533897578256655,0.3223877611924534,1.8411669741061072,1.4522305031910043,-0.1998607358607467,0.134462821880812
10,-0.1349048172320967,0.6078927185415672,1.9133889089014868,1.9996019414348456,0.1999016342678299,-0.2256752556383461
19,-0.3750078360261995,1.4319646889432416,1.4541426087396303,1.6591120391163634,0.1998643177846526,-0.117878981036866
42,-0.9338494369164556,1.263440669846614,0.6930108117547373,1.074707434234366,-0.2000000099586143,-0.0012987796778902
26,-0.3391080217924179,1.875217550849397,1.2717005471375329,1.461836348243411,0.199999997756139,-0.1254484316700767
37,-0.7141155943132105,1.4724509275534654,0.9052980365839344,0.8690028479536064,-0.2000000070188955,0.011852759074506
42,-0.926980803660996,1.222279218615803,0.6406078753719452,1.162656253000812,-0.2000000099924842,0.1868879029466188
28,-0.3610542988479185,2.044323763861922,1.1819426073369126,1.3845417352273208,0.1999532349006237,0.4385607463210584
0,-0.0555555555555554,0.1722222222222222,1.5707963267948966,1.5707963267948966,-0.199791428702467,0.3691810615972527
11,-0.2202647579546279,0.7875451711861858,1.7607043060150485,1.9220323388667768,0.1999688499962977,-0.1846718650887069
8,0.0461537283689817,0.4047556386993322,2.147026623496741,1.9179348208965383,0.1999863845689494,-0.0055212746668665
7,0.0087798984042516,0.3701676455309176,2.210130804279123,1.8914886888147384,0.1999717227572812,-0.0714677728261981
15,-0.2548452968967923,1.0379176086050823,1.6773086945313054,1.90449391815648,0.1999824570926691,-0.0481316686781708
21,-0.3517138675621318,1.5142429860866848,1.53996692578752,1.702136114337765,0.1997238018249186,-0.3398717473896113
5,-0.0546569143316105,0.1901523639455306,2.125571304061685,1.392644958868952,0.1455213434610089,0.1455379438371713
0,-0.0111111111111109,0.15,1.5707963267948966,1.5707963267948966,-0.1998254647636516,0.3758563771383168
26,-0.3286623218379453,1.984205659082995,1.179167022058044,1.4266670324137078,0.199990792090821,0.3034230534730454
23,-0.3716204267524081,1.6818450490995875,1.3679037266092,1.5711036827275586,0.1999710375855941,-0.1229520020335256
47,-1.0412837639248231,0.7666256789269673,1.3568971133367311,1.3476628643298951,-0.200000009916297,0.2796196091993302
30,-0.3225491692897985,2.05007441419474,1.4884954775359969,1.185557276052008,-0.1999998989574199,0.0130959224071535
10,0.0082557681059782,0.6151616121827789,2.243437856183101,2.019957213285588,0.1999825004386938,-0.2494961105177229
34,-0.5735974173206545,1.694178177821587,1.0224676924434046,0.8131494091575012,0.196668702265982,0.1114455262623418
0,0.1000000000000001,0.1944444444444444,1.5707963267948966,1.5707963267948966,0.1985157296788187,-0.2420414008807337
38,-0.8280257675253115,1.3822823142611746,0.8107153517262632,0.885152638128555,-0.1451028482863761,-0.3145390368126109
0,0.0777777777777779,0.35,1.5707963267948966,1.5707963267948966,0.1440783705221283,-0.4107504781903857
36,-0.6238528225372818,1.6416030865712063,0.917230968424354,0.8032637546196435,-0.2000000047854292,-0.255500465474035
13,-0.1793362708806616,0.881290317640331,1.7611754373397872,2.0401219212255715,0.1999791024795187,-0.0584553960058316
49,-1.075013686700932,0.6975569883444284,1.5809640670802931,1.3008705361206905,-0.0267577493514187,0.8488187803212993
14,-0.2888302043470149,0.98862883841718,1.636716322987554,1.8340602615863104,0.1999550303702107,0.0232446425578194
48,-1.0021935730639542,0.9133242966053868,1.2819712767985203,1.4377201240590984,-0.2000000099974103,0.6492873723388884
17,-0.3710437718482294,1.2058298716734694,1.5989420349386076,1.723646849950573,0.1999689277243249,-0.0274574085926574
49,-1.0321153092394468,0.7165170749384432,1.4625445465233664,1.3432172395872446,-0.1746981592940065,1.1263854171607726
11,-0.1702653517219692,0.625239924764292,1.8134397781130407,2.000786589581168,0.2000000099585181,-0.1258800400736063
40,-0.8296334025056689,1.3133583615972513,0.810812852406178,0.9273771407574986,-0.2000000093068423,-0.0002761693890199
22,-0.3489302156294868,1.5566094247068345,1.446508170166288,1.5959097458448857,0.1999876732086579,-0.0708880527624315
24,-0.3744379525302331,1.835433192747472,1.2908550325251122,1.4897937899552165,0.1998935439285474,-0.0268756232219566
32,-0.4603461879130703,1.8230346454878736,1.2894003252175192,0.8982666577582423,-0.1321724831346704,-0.4608330367259341
31,-0.3934735017428588,1.9471641996026128,1.4746005805816988,1.1987785038830292,-0.1998363416089081,0.1194320852738613
49,-1.1056772314498924,0.6066885005444478,1.8246557717549767,0.8664313772857883,0.2000000099686719,0.5592425947434818
30,-0.3653587454445322,2.040602365338855,1.3682334768262248,1.2941709255700398,-0.1999999277470903,0.250028711583672
6,0.0155189114087159,0.2939489036990762,2.227640331783567,1.5230719405852668,0.1999564751305498,0.1263262836836936
21,-0.4098668987239656,1.5750669457337385,1.498447916531239,1.6153676563257189,0.0677442051229945,-0.0380507815254844
7,-0.0538179088035812,0.2878614072138299,2.1148399292167763,1.402497923001299,0.1999943009519537,0.0778965057848385
15,-0.2850078011287205,1.1173265979078777,1.6429038014889008,1.8463406915387133,0.1999783820791006,-0.0073986959658141
22,-0.4027269629601024,1.6183142969668698,1.4720975841071944,1.638448598623648,0.1406579981665156,-0.1501102191740365
40,-0.8809866109180554,1.242608559641035,0.7016931074347834,1.025493633982172,-0.1999999966954048,0.2142038617215479
47,-1.0576515466164609,0.6972582554631929,2.160796924554978,0.9915966098676596,-0.0128887572038705,-0.1072969643908447
29,-0.365716615531285,2.011587237826012,1.3933287459102015,1.2870387945122124,-0.0607280301276782,0.2453645167641764
36,-0.6927217818695491,1.55456496934676,0.8333122557416461,0.8994969125417075,-0.1574269827453354,0.2234213006204272
38,-0.7869585384989677,1.373001801914375,0.8317587683585028,0.8801368342105647,-0.2000000090513816,0.0120406056593885
5,0.0399647625286816,0.1548106394548176,2.307607224063001,1.6241708552705412,0.1998197914733329,0.040523663696925
40,-0.8344576593832639,1.3150376027294546,0.7549557807531695,0.9356005715484386,-0.2000000095440805,0.0286415596885265
7,-0.0805704580865457,0.2462339482479446,1.7454463029888014,1.477359757769106,0.2000000099543875,0.3857228398476931
44,-1.0029894770337724,0.9455329199436804,0.964290568022126,1.39669340725199,-0.1999999744517345,0.5476785387873488
19,-0.3597677219466424,1.373987487931574,1.581482038893972,1.675691968195742,0.2000000099931669,0.0784616468080517
1,-0.0558956257751941,0.3049038395305943,1.6521899412062506,1.5393866153145004,-0.0702099794487964,0.3758147505285317
13,-0.2456863650358422,0.864818889242712,1.684390293465926,1.9189428771558992,0.1999700941594848,-0.0212880238845638
0,0.0777777777777779,0.2166666666666666,1.5707963267948966,1.5707963267948966,0.166616393542449,-0.2358987546897114
27,-0.3324872361245259,2.0854415744072274,1.4333369823769,1.3049556948964196,-0.1999848239941335,0.0160391771197289
1,0.0543668321597788,0.4012891481268253,1.4312762844356026,1.5963200814345082,-0.0566624966619194,0.1187961463764662
44,-0.923045216535587,1.173078987067165,0.7119975463863618,1.0759609714466758,-0.2000000099588483,-0.0312687257076629
49,-1.087052561640654,0.6244232077919634,1.783834294476781,1.0949801932054404,0.200000009778978,4.88845163819702
1,-0.0151494551675556,0.1208490042098113,1.7453824589636664,1.4704308760303604,-0.0059288932424883,0.366332734738358
39,-0.8779594426987349,1.3028733866225135,0.7530661061955488,1.0987788812438022,-0.1999988460060106,0.2275540383157779
6,-0.048615740463896,0.4457087995418494,2.1870407881822924,1.6485703550599484,0.1999792336434519,-0.0230123377027677
3,-0.0535052086078511,0.0268069199623006,2.005429313578878,1.2226324273677482,0.0601637639686247,0.2416999108056186
0,-0.0111111111111109,0.3055555555555556,1.5707963267948966,1.5707963267948966,-0.1997494250847666,0.3681730098392338
27,-0.3274100850933976,2.019783710924586,1.1850168044355254,1.3812423050797251,0.1999792243553521,0.4447271823959725
25,-0.3402953224363843,1.901208158554565,1.2422478283431868,1.4511000119625757,0.1999896036926078,-0.0549248514902654
36,-0.6599191727932506,1.5752680880279588,0.8723601702026802,0.8798348451909225,-0.1880658181574531,0.166214434287279
34,-0.559161690212878,1.7591926008705756,1.079640612998281,0.8901502370537281,-0.1981825469986604,-0.1674102015277198
10,-0.1413566858572733,0.5565014561265553,1.8501558835294585,2.0337858301136933,0.1999792691955073,-0.0801871391467231
8,-0.1031120645831034,0.5002906728089227,2.069487133124147,1.7377251589615124,0.1999184650695694,-0.0415203420688889
26,-0.3555603704229861,1.98863570662622,1.5035156040128808,1.192469926586892,-0.1133459740850664,0.0859775572128698
45,-1.003034968500168,0.9023310332618828,1.114820142337356,1.3358417458919891,-0.1999999178055963,0.2275872334222875
14,-0.2702770980465242,0.994456432277978,1.687792812534843,1.8638646052877064,0.1999625419972391,-0.085983146949173
23,-0.3754706244252709,1.7717360796851975,1.2598390012037313,1.579982591691272,0.1999729486164688,-0.0191527269924201
16,-0.3264096812272764,1.109386871721138,1.6138826201801724,1.7494262359540491,0.1999803290357763,-0.0051147129113114
23,-0.3828505091390364,1.776462918553949,1.3792065131154398,1.582600203579076,0.1990509381163192,-0.0748820378443549
45,-1.020196089650706,1.03289903470097,0.9595654095199446,1.3457706936422829,-0.2000000099338911,0.4193418123098507
39,-0.8496808673058543,1.365574216435713,0.6948687153911619,0.9821686788059456,-0.1999999870959487,-0.0845678511761273
22,-0.3839581955989433,1.6593945437220416,1.4140994968500475,1.594886077458752,0.1993433617352808,-0.0610047961613097
9,-0.1086112205005421,0.4903970631379431,2.079094557033231,1.885003524864257,0.1998933356797613,-0.3720279846303295
46,-1.0066518114719876,0.9484146196393264,0.8637920868489581,1.3373785933574494,-0.192272628338589,0.281937964859565
30,-0.3750711536360027,1.990206979607551,1.4490795294430594,1.2406059368991005,-0.19998193316461,0.1414912579196269
4,-0.0940255993735269,0.4574414298795272,2.070715324082647,1.5374313732109128,-0.1379914617210583,0.2380289446428264
6,-0.0714334118123473,0.2990779139563095,2.145026427754436,1.6024425338281136,0.1774549955984931,0.0203959577956299
10,-0.1607931246309023,0.807336721752168,1.927939673015152,2.028696478255307,0.1999268297744048,-0.3573875661591894
19,-0.3679124806007754,1.496609797243402,1.5062687108900883,1.688006653328024,0.199710433665872,-0.2307678616877026
25,-0.3421839996800295,1.9842040338836588,1.1999714533474783,1.417171502923508,0.1999121253816639,0.2361132197346304
38,-0.8872873132854111,1.3312822138185985,0.770973109700952,1.0245830766465207,0.086605855200819,0.0546051723536424
11,0.0323547936825314,0.6943206098475706,2.010909982703997,1.9280378819068456,0.2000000099568639,0.1866705166904409
41,-0.9434936188707168,1.1511464916609873,0.7870042695702448,1.2672196121489758,-0.0820670534969432,0.4799718383733303
13,-0.2749510094269323,1.0364575835691,1.6922670687225203,1.8428099935190945,0.1999374007145743,-0.2499423761635301
21,-0.372405855786779,1.5589689901239678,1.3524504879224302,1.6316593197600702,0.1999275337081909,-0.0465568027395867
34,-0.5710493965527147,1.6797639193313434,1.0198706326074394,0.885341060810839,-0.1999853697905699,-0.0571750931206699
46,-1.0305186141604303,0.7888496476588635,1.3775421717146537,1.3693111933510858,-0.101224328629248,0.4045822175262463
48,-1.0962500940402735,0.6414579360647712,1.796523650237594,1.1157190113525128,-0.1103846177388465,0.1580964697230568
18,-0.3085779258804559,1.3930645383331868,1.58616836840776,1.7297082433707267,0.1998850540194028,-0.1464584528937253
32,-0.4219648891499903,1.870196369070788,1.3867697017875056,0.9298409960313566,-0.1467010926180927,-0.5319342394391718
28,-0.3509664049616873,2.140478164029545,1.4330028566208224,1.3179196853239934,-0.2000000096533945,-0.3096222211565672
27,-0.3331750429553168,2.224469615150196,1.3192938762393336,1.3574027747656074,-0.2000000091339159,-0.1842383644606945
28,-0.3351430177767808,2.082033310684777,1.440373317893985,1.2990511941396057,-0.199969657703068,-0.0196836870080583
12,-0.1335805180447847,0.7673663417121875,1.8690797361221647,2.0549800991082408,0.1999819478530434,-0.1476309846548247
22,-0.3472812314511881,1.65366013479594,1.431617328026567,1.6105606035837918,0.1999196399688793,-0.1716405693497586
42,-0.9692290809571554,1.0593603605423243,0.8392390290593736,1.2448332989238853,-0.1999998871329681,0.1664558829417007
32,-0.4609341576943294,1.7658117692008288,1.3375899317350726,0.9356677571866904,-0.0328287391174008,-0.4676737216648387
27,-0.3746591063575989,2.0607547661475905,1.220231951275144,1.4201958164458144,-0.1999997066388148,-0.2438280405748591
23,-0.3858289470421183,1.8416920680223248,1.3345993171122412,1.5484957842875149,0.0027604357170387,-0.0741289962417262
23,-0.380971123703442,1.7078134513476273,1.4070778424527983,1.5835866092142925,0.1626415975067424,-0.2270019730721914
47,-1.059848236509452,0.7904328593110089,1.3719141157951693,1.4126486183913758,-0.2000000099310561,0.243058626306833
1,-0.0999985005878864,0.2841769855409629,1.5814682329681258,1.567258954024719,-0.1999038364486611,0.3294067767836213
43,-0.9662197330623102,1.042746637789463,0.8746239813652377,1.2944642228008931,0.0581040494622842,0.3440853589262015
45,-1.0293866634909032,0.7938721714344278,1.3577421882930685,1.3652175308993757,-0.1999999822845434,0.0492890726983972
3,-0.0580250848199628,0.0598268831747344,1.9683663407948355,1.203319904947212,0.0737319963999251,0.2310298692324815
49,-1.0843509411671193,0.6564614487572483,1.769920158322424,0.976611911744388,0.2000000099680578,0.6413569496352098
19,-0.3257237035470583,1.436456494646261,1.5328975503894453,1.7733207016995325,0.1999036375319022,-0.0847774581638213
46,-1.0388938709293931,0.7321551155276884,1.392059980411097,1.3851845914101852,0.20000000983857,0.2783418153793128
43,-0.8810902455412469,1.3042074797900314,0.8032588714073072,0.9791438938993045,-0.2000000099982659,-0.1998229154573456
28,-0.3278573281248781,2.071421445981916,1.4435872929778435,1.2669231620079464,-0.1438290474855612,0.0973776729337683
28,-0.3028535340715826,2.1029465578634303,1.4642790044334273,1.2431939860844503,-0.1999857536670422,0.0940807970508656
14,-0.0888666958256767,0.9356589079788796,1.9153370531883576,2.0656010242099967,0.2000000099640258,0.0068573656273345
5,0.0172017639379265,0.1375131716348192,2.248307042815957,1.5570074553553306,0.1999678568747191,0.091090299624307
2,0.0995340115155879,0.3220323115530259,1.5850386256959776,1.559207648119996,-0.1991968563517642,-0.0773192366004646
11,-0.1142979500518586,0.6919448277235238,1.9066089960422847,2.01349094651386,0.1999716355436354,-0.0575132365195845
18,-0.325099718126965,1.3920058076623252,1.5408971617606024,1.7003471095112164,0.1999571500757667,-0.1150932404838443
18,-0.3668190704844251,1.5764270995960643,1.4785480807211735,1.6686835338586912,0.0826177772989241,-0.1402434863746733
39,-0.7686649161741455,1.4524900826803386,0.8664987861963285,0.8500046885801131,-0.2000000099570141,-0.2212436954496313
2,0.0779608946811026,0.3964868404115327,1.609082450219665,1.5607011405421836,-0.199954525131678,0.0176609149679591
6,0.0836482993533334,0.3196519308898782,2.1209814781930785,1.6167105343615915,0.1998604198953129,0.1980536322449726
49,-1.099476859054484,0.5973808302729651,1.724362030884508,1.094129530187294,0.2000000099518058,0.7591074479422663
26,-0.3485796708571498,1.997568091384462,1.2138846471981148,1.4036660248247284,0.1999276368625163,0.2036862645069227
36,-0.6475506882584853,1.561031863866885,0.9882942222071448,0.880311889601357,-0.1999999151845683,-0.2410873713116165
30,-0.3679078538462274,1.9761883832384188,1.5054619646069778,1.180844197629465,-0.1999849666785809,0.01824293443495
42,-0.8963077083099245,1.2472948088322828,0.7512129804801626,1.173954054415589,-0.2000000099176031,0.4823069151240797
44,-1.005640089570678,0.9795669648870045,0.902943785363112,1.2652386152654993,-0.2000000078979088,0.0775606887730128
44,-1.0008072748346428,1.1049540128926705,0.8702534074571471,1.2738059214473896,-0.2000000099292048,0.2156947133534654
31,-0.4164085638628988,1.994662944356849,1.5533869574454169,1.1087145796257638,-0.1999999202344557,-0.4964559962046267
1,0.0551434719663968,0.3073185235001074,1.504221734486535,1.586498235224101,-0.1999218783500913,0.3019363147614335
33,-0.5311570156245958,1.8155351239578843,1.197833132990871,0.9252523619304592,-0.1668075015382994,-0.2192557530773576
38,-0.8102124368830563,1.356069823896126,0.810534861930881,0.92464912764124,-0.1999976765333605,0.0137666256941507
17,-0.3240012439283113,1.1463475026270784,1.6483779540893178,1.8309635256184889,0.2000000099941611,-0.175413007323689
49,-1.0613917118965543,0.6750275516033281,1.4256777661528923,1.2862806022765678,0.0111751606485264,1.1755242789203186
22,-0.3602110442216434,1.5304676551777685,1.4435348297145705,1.5817186548113988,0.1999865332502102,-0.0156961090304597
18,-0.3781300964995782,1.3377418103027778,1.5765316682544093,1.7198297474810829,0.1999427058743156,-0.1480440168925989
45,-1.0468020704242915,0.8470138037374677,1.1924535306778292,1.4564400729304376,0.1568471774899077,0.3537065540803102
39,-0.7292090709638774,1.4557987987384304,0.8949653627958636,0.8840305444955294,-0.2000000099591705,-0.0780266556052198
44,-1.0059374376283008,0.9136743459625308,1.2437143522359235,1.3750127509766117,-0.1999999775522041,0.0497455170405832
0,0.0333333333333334,0.3055555555555556,1.5707963267948966,1.5707963267948966,-0.1999049142638773,0.3136719650955606
37,-0.7270451982421108,1.4679407029845,0.8654318625988747,0.9548090210198676,-0.1999999173241862,0.1140622518845393
5,-0.0129971806087681,0.1327556561694581,2.2480299035694937,1.359571095330798,0.1998958590088839,0.0727217027013868
32,-0.4640030497116471,1.7636473810996691,1.3256032290544848,0.932147754925484,-0.0312129185023287,-0.4601596878631134
13,-0.0408072194251229,0.828443410245697,2.030157712348972,2.0593143895911603,0.2000000099946694,-0.0326565301444286
0,-0.0111111111111109,0.2833333333333333,1.5707963267948966,1.5707963267948966,0.1193790211321792,0.0225090814272034
3,0.0165251891484132,0.0767137033522,2.033796281614576,1.239638829319109,0.1999682819268083,0.2563476902748512
20,-0.2889924576836633,1.470571203635516,1.554737058528934,1.771348247928297,0.2000000096737869,-0.6162633975606422
2,0.0325743483193832,0.1839571708110717,1.7054341482606272,1.516438881138609,-0.1998456277996516,0.353338472091473
46,-1.0188486310763418,0.7811190461106855,1.334414837011371,1.3910694597964266,0.0090651769838659,0.4908014257461107
18,-0.3083958499644423,1.3044036591644552,1.5902980799463131,1.7538528031003964,0.2000000099699377,0.194273211558864
16,-0.2621433935138866,1.2042458906038762,1.6414896557715275,1.8505013625877884,0.1999721542064935,0.1268019334721789
4,0.0774260970265041,0.3138645985989369,1.5549989576127867,1.5700351985546892,0.0200007577382093,0.4582873315560052
44,-1.016606951352332,0.8632275161790305,1.193867145165748,1.365225266466285,-0.1999999833689282,0.0681907868519943
8,-0.0299047674750734,0.4441283730721621,2.20876222016779,1.889547053987893,0.1999863329448916,-0.1815657907416605
28,-0.3635368725906165,2.0331727714650425,1.1719422015037877,1.393112534228728,0.1999590320068556,0.4474463767524743
11,-0.1574107039427816,0.7435023492771189,1.8350712368872504,2.058389723495792,0.1999642036446171,-0.1699296536992288
7,0.0857190061849089,0.390635625976994,2.2508609910398585,1.568847032782629,0.1592310319196841,0.1900855511291316
33,-0.5931706590326746,1.7288013483956377,1.0506953606989722,0.904876910629725,-0.1999809496956842,-0.3203311662045375
47,-1.0583277806142195,0.7145470715821705,1.4852627805110554,1.241224693633612,-0.2000000099808062,0.2167889062631485
31,-0.4126266353996474,1.8406917270405525,1.4676385457303862,1.0342845375808123,-0.1999867945027813,-0.2966494861515711
6,0.0831930290554005,0.2331262184594795,2.03913264195582,1.5817383158021834,0.1999232473403737,-0.2478830827437955
31,-0.4412413594681872,1.952342754350688,1.5061558681216578,1.0463485236451375,-0.1999936447778297,-0.3572473415695702
32,-0.4528049745703074,1.8237166151796085,1.4191064195720688,0.9658946587291268,-0.1996221078719144,-0.4135854492964193
2,0.1010072358036911,0.3792872592264413,1.700117820003305,1.5450336720719808,-0.0186064002408755,-0.2669116767513195
0,0.0111111111111112,0.15,1.5707963267948966,1.5707963267948966,-0.1998419802877769,0.3802298303769299
7,-0.0585175226318504,0.2601194518605352,1.907373764612947,1.4184635984948477,0.2000000099548124,0.2012970899900424
46,-1.0583078161283768,0.7989541177630879,1.3539869906988482,1.4229285718561917,-0.0585128449833848,0.1765251436188273
41,-0.9473518915091708,1.099515152903071,0.8654410588231425,1.2041579516213765,-0.199992710812007,0.3054175514705694
42,-0.9414395616440966,1.1192791283747676,0.7502030181374888,1.2091557394509955,-0.1399417672904504,0.4426670746869638
5,0.0592691463119575,0.1574089689704777,2.135209390023027,1.4295342444906505,0.1999509951303726,0.229686960054139
27,-0.3747244650314133,1.9912658374800687,1.4478216739979128,1.242920725102484,-0.052318547719862,0.0315771800520193
1,0.0096064349108748,0.2500269067602234,1.70102717081574,1.5100819169784712,-0.1634295441002312,0.2931528157598737
17,-0.362411176581801,1.4324462352857006,1.5825600727137663,1.732277383189044,0.1995338277790268,-0.2308943696082076
5,-0.0694527959839638,0.1243808185481183,2.153640304151777,1.2557174909101465,0.1998532132369884,0.1421969943595337
6,-0.0502740541209602,0.4325325758478557,2.1807779977705817,1.6670667321840174,0.1998234937775685,-0.0256224615969934
24,-0.3467461300904336,1.8324464479660736,1.2426331723716595,1.5400095464988663,0.1999664951198149,-0.0056152549997094
12,-0.0913421062922784,0.7874675029050261,1.908978463333992,2.132708544677206,0.1999815551879894,-0.109166848004818
3,-0.0630539270582793,0.0761958186650081,1.929145728298698,1.3640089124113692,-0.0985865571763361,0.3514992555822162
5,0.0632461151365319,0.3928649112544841,2.210004315772329,1.5027151202016036,0.1999604996303653,0.214432311670259
0,-0.0777777777777776,0.1722222222222222,1.5707963267948966,1.5707963267948966,0.1999327429187181,-0.1437248075601391
41,-0.8763728757258449,1.2991113213923988,0.668487086697795,1.071991871229898,-0.2000000087926692,0.3510209464354265
9,-0.1207092147492277,0.475139236491777,1.921706155934606,2.0673553213017373,0.1999876752010627,-0.2324577100540332
4,-0.1014013818645938,0.3710486489411275,1.391115785637174,1.5244674317087863,-0.0604461540636711,0.59248127935
20,-0.3437546343054098,1.5412190180037788,1.461985689648662,1.6454076195166043,0.0770293998975414,0.0158568597468159
37,-0.7577111179371372,1.528272456174314,0.8953356939044337,0.9037391165088304,-0.199999985591795,-0.3055440616728888
31,-0.4145867783999146,1.905607079911508,1.4941864762247734,1.0995352719650238,-0.1999860809592805,-0.0841920061807059
17,-0.3083729921477106,1.1438997530337724,1.599742111810718,1.742881606074569,0.2000000099634787,0.1826603772677197
16,-0.3419210850589047,1.2189613202205347,1.6171051683512072,1.739682232225349,0.1999673671907717,-0.2015149686920869
48,-1.0703663978880582,0.6840468723716104,1.64989325317112,1.13940749711015,-0.2000000099212411,0.2942305046662297
34,-0.5345821104390878,1.7324842844031672,1.1062007258322577,0.8403225926643693,0.1540286993209857,-0.3096301774701958
34,-0.5688299822881934,1.630505278772612,1.0493536415186266,0.8768363640498898,0.1802823695561467,0.1171560327072052
27,-0.3614636756795352,2.052015395743904,1.1903184959969138,1.3600800326230449,0.1209538275872854,0.2338019834421209
1,0.0075752569796579,0.2325174321219,1.7908431152489523,1.4575186883691449,-0.1720706558874073,0.1856672971828371
30,-0.3608587874793435,1.9780060696373991,1.4420225853708128,1.098103957900474,-0.1999796647025278,-0.1347393782586503
25,-0.3615030172803553,1.8790720884158312,1.2815525360972395,1.4643142182045712,0.1999473524209975,-0.1424979573496096
32,-0.4522477622406129,1.790907084174502,1.3349674242225031,0.9581826086341744,-0.1953579770538103,-0.477259712147042
32,-0.4710997854830834,1.7942509553102437,1.2777769907860903,0.935192390395576,-0.1999659092574685,-0.4147485662078698
26,-0.3731497563040585,1.98749834037562,1.4005734297123291,1.2763379939765778,0.0892817672253126,0.1011473922509094
48,-1.0286143295703234,0.7708409324679469,2.3652696582165103,1.3421416555814432,-0.2000000099235435,-0.2125923275414279
6,0.0536243597187918,0.3209177336122552,2.1896457644787173,1.7524720384790784,0.1998495812304576,0.0719294774258527
23,-0.3992927418643784,1.628422885843452,1.469829351702009,1.6412530354049235,0.1999617325315602,-0.2723458348186571
29,-0.351141197166485,2.0839669109687216,1.3678636449065549,1.3169279300656345,-0.1999887366138433,0.0681470773364269
39,-0.8753793628688696,1.3687133394517172,0.7899415912714343,1.0042186734790577,0.2000000012281153,-0.2256073761545009
35,-0.5922487699613758,1.6224287710409149,1.0229163924839837,0.9314279811899062,-0.1999999198860633,0.0154598830215016
42,-0.980155767518514,1.1210733473970391,0.6234787212435109,1.3904601135561057,-0.2000000086836376,0.6795954358397088
5,0.0522478272923202,0.2504179697678617,2.127197985598121,1.34075129248346,0.1995598787233552,0.2781716644211039
13,-0.2680004626556616,0.8068648901131513,1.701039240415005,1.8492022461686968,0.1999966095205031,-0.1063980329251713
24,-0.3483978265862897,1.737936305114319,1.356044323244367,1.5826316088411396,0.1999969204455347,-0.3184736021703483
39,-0.9209703978978352,1.2972636288171977,0.6566070030119757,1.0421702217032816,-0.1235476173714412,-0.1579119916972907
10,-0.0654667642324087,0.5060620375239224,2.1113179932024817,2.0963765080852763,0.2000000099583438,-0.4774472670886667
8,0.0126983361167074,0.3937079891133299,2.2575681256738047,1.874034512655386,0.1999604566232307,-0.1309428444674119
24,-0.3848056247576526,1.830312188302492,1.3147361064937453,1.516882917691842,0.1998436500680565,-0.0982399811844751
6,0.1046934025953397,0.4947966963686202,2.058523337417517,1.5881611712382149,-0.138704916437229,-0.0784381162055284
36,-0.6307074098546644,1.5971423625714452,0.970717447870646,0.917875832425857,-0.1999999212935862,0.0917606608461481
46,-1.030221251284614,0.7240528351998264,1.4248290444400649,1.3615248484800622,0.2000000097765658,0.255542095177927
16,-0.3066346126068414,1.1181057946991253,1.635108067300207,1.7901135784264877,0.199989427082632,-0.0624699661737046
3,0.0542328326254214,0.1420612179748592,1.988188282647405,1.4075666572480456,-0.0307602349754008,0.2992479645468808
19,-0.3274237734864798,1.3495787679942626,1.5890675197031836,1.6602466069894062,0.2000000099482133,0.2643730312010412
16,-0.2817898210827421,1.0933428699782817,1.622900397577558,1.7870897245817248,0.2000000099450481,0.1849550789507187
36,-0.6888067579560779,1.5270160485446886,0.9607219557235452,0.8588861922720403,-0.1999999847671185,-0.2682798692215245
9,-0.0762369236972552,0.5200655652226671,1.982971296706472,2.101527775112641,0.1999727224843238,-0.197463353596789
12,-0.210324378586833,0.7603104098212866,1.7714597257461886,1.9495444501993489,0.1998732090289379,-0.1299163026850646
32,-0.4596303059593246,1.8011788135708031,1.3802557757701357,0.9312606065955924,-0.1442961292947747,-0.523497982867904
23,-0.3497363484644148,1.7353055056967368,1.3467310043659548,1.584454323264558,0.1999699297642383,-0.1528427767813281
21,-0.3609778067018689,1.5610924000758677,1.4561878736144136,1.646112699355078,0.1999442585904542,0.0352689055560511
37,-0.7596301948518802,1.5198037698526108,0.8849773416903357,0.897605981809386,-0.1999998864097192,-0.3052045509294915
0,-0.0555555555555554,0.2833333333333333,1.5707963267948966,1.5707963267948966,-0.1999378520243627,0.4261357562079712
34,-0.581194159316889,1.6849423318497656,1.008472048738275,0.8143673854899982,0.1416102999936821,0.1493783947926409
11,-0.2012713300503003,0.6595032811581949,1.7848423878338675,1.9453927419713797,0.1999625664323962,-0.1382107673498333
39,-0.7995474638772387,1.410064606675495,0.8725712326474857,0.8735483718372679,-0.1702395323238642,-0.3361164454313943
14,-0.2646434927759301,1.257777181927347,1.6200551693980638,1.8499938948885448,0.199989645064271,0.1415516249345471
4,0.0025202652989187,0.1666507063398948,2.1339976797488074,1.2995227578708364,0.0397752424853721,0.1611435934367494
20,-0.3798937371525435,1.5346456129193644,1.4767930517580847,1.6467657370418176,0.0605530395253806,-0.0387759351572196
0,0.1000000000000001,0.2611111111111111,1.5707963267948966,1.5707963267948966,0.1479827513564997,-0.2135011802728961
42,-0.9717832137314938,1.172975627398133,0.8463323275235037,1.2116097487012767,-0.2000000084950338,0.0162214995051848
28,-0.2864251598909929,2.1578337997415424,1.324288246282611,1.3128939917451616,-0.1152454699579,0.3062952508254819
38,-0.8074796719290346,1.3534725346070182,0.816917167105947,0.9036094754783172,-0.1999999852055611,0.1070188355483859
41,-0.9428072270352096,1.1235103979970666,0.8572564761610664,1.224864381238025,-0.1999998746506096,0.3571844556751907
0,-0.0555555555555554,0.3055555555555556,1.5707963267948966,1.5707963267948966,-0.0062601169718007,-0.1035855045848802
1,-0.0146368904626514,0.2391391368799069,1.7398777912047247,1.4770003014626587,-0.0349303670615295,0.2871514452042685
4,-0.0519331289687197,0.1325093705281121,1.9918485666301589,1.2333010790962866,0.0458559428935684,0.2395701190907661
22,-0.3633117076855974,1.7197701224141595,1.4398593225474636,1.5593117722939194,0.1993242701632642,-0.1145130638585069
35,-0.6202015519333492,1.6448261438802534,0.9318249943342548,0.8081660445878351,-0.2000000032328956,-0.2343641124018911
32,-0.4014737303249102,1.9187125384384245,1.3977579502996544,1.24523803737947,-0.1999999738817724,0.1764166038000217
20,-0.3302269685968005,1.44905410006863,1.5123519311335425,1.698956290727775,0.2000000096462224,-0.5855756122127455
32,-0.4685127594841433,1.810939464397524,1.2720262194660048,0.8855788803555632,-0.0813347980306859,-0.4565992962051152
48,-1.037955492233846,0.7657906280922525,1.2223829040911536,1.348697336516871,-0.2000000099729428,0.6796747984679545
5,-0.0455175321147777,0.1812731992620604,2.1203050772335867,1.2442258248421283,0.1431661903003465,0.124069766660305
16,-0.317524051061186,1.1749161293651829,1.6409287425365786,1.779493217475637,0.1999618609954697,-0.1836048468699928
22,-0.3830285457691806,1.6654744062220208,1.4340861747649054,1.5938444520972457,0.1699957199402223,-0.0689767120178006
3,-0.0423126876576929,0.1591702570264855,1.987362251677785,1.3232985430188546,-0.0796360496847784,0.1259021099632319
30,-0.3683739546965523,1.9750409058769025,1.5471349694548104,1.1689121412636367,-0.199983111174942,-0.1027881665184631
28,-0.3549093179741064,2.063358157006607,1.2187078735467534,1.36087537263467,0.0848238110547407,0.4119120297682058
39,-0.8666451370493755,1.3690217221673575,0.7640407505121569,0.9782611164976528,0.1479790470112201,-0.2194012917813226
47,-1.0488284044288927,0.8253280435387513,1.252736453959022,1.442920548500763,-0.2000000097753548,0.3205832657560053
7,0.055313225391752,0.2940795768572897,1.5352004999902586,1.578103261534542,0.2000000099545698,0.6190791773665196
32,-0.4643841671587834,1.818788097224033,1.423556295284305,1.0045976276167532,-0.1999817419608564,-0.3386394677620511
